0.124749,-0.124749,0.000000 0.150912,-0.098586,0.000000 0.107071,-0.107071,0.025000 
0.150912,-0.098586,0.000000 0.107071,-0.107071,0.025000 0.133234,-0.080908,0.025000 
0.107071,-0.107071,0.025000 0.133234,-0.080908,0.025000 0.124749,-0.124749,0.050000 
0.133234,-0.080908,0.025000 0.124749,-0.124749,0.050000 0.150912,-0.098586,0.050000 
0.100000,-0.100000,0.000000 0.126163,-0.073837,0.000000 0.082322,-0.082322,0.025000 
0.126163,-0.073837,0.000000 0.082322,-0.082322,0.025000 0.108485,-0.056159,0.025000 
0.082322,-0.082322,0.025000 0.108485,-0.056159,0.025000 0.100000,-0.100000,0.050000 
0.108485,-0.056159,0.025000 0.100000,-0.100000,0.050000 0.126163,-0.073837,0.050000 
0.124749,-0.124749,0.050000 0.150912,-0.098586,0.050000 0.107071,-0.107071,0.075000 
0.150912,-0.098586,0.050000 0.107071,-0.107071,0.075000 0.133234,-0.080908,0.075000 
0.107071,-0.107071,0.075000 0.133234,-0.080908,0.075000 0.124749,-0.124749,0.100000 
0.133234,-0.080908,0.075000 0.124749,-0.124749,0.100000 0.150912,-0.098586,0.100000 
0.100000,-0.100000,0.050000 0.126163,-0.073837,0.050000 0.082322,-0.082322,0.075000 
0.126163,-0.073837,0.050000 0.082322,-0.082322,0.075000 0.108485,-0.056159,0.075000 
0.082322,-0.082322,0.075000 0.108485,-0.056159,0.075000 0.100000,-0.100000,0.100000 
0.108485,-0.056159,0.075000 0.100000,-0.100000,0.100000 0.126163,-0.073837,0.100000 
0.124749,-0.124749,0.100000 0.150912,-0.098586,0.100000 0.107071,-0.107071,0.125000 
0.150912,-0.098586,0.100000 0.107071,-0.107071,0.125000 0.133234,-0.080908,0.125000 
0.107071,-0.107071,0.125000 0.133234,-0.080908,0.125000 0.124749,-0.124749,0.150000 
0.133234,-0.080908,0.125000 0.124749,-0.124749,0.150000 0.150912,-0.098586,0.150000 
0.100000,-0.100000,0.100000 0.126163,-0.073837,0.100000 0.082322,-0.082322,0.125000 
0.126163,-0.073837,0.100000 0.082322,-0.082322,0.125000 0.108485,-0.056159,0.125000 
0.082322,-0.082322,0.125000 0.108485,-0.056159,0.125000 0.100000,-0.100000,0.150000 
0.108485,-0.056159,0.125000 0.100000,-0.100000,0.150000 0.126163,-0.073837,0.150000 
0.124749,-0.124749,0.150000 0.150912,-0.098586,0.150000 0.107071,-0.107071,0.175000 
0.150912,-0.098586,0.150000 0.107071,-0.107071,0.175000 0.133234,-0.080908,0.175000 
0.107071,-0.107071,0.175000 0.133234,-0.080908,0.175000 0.124749,-0.124749,0.200000 
0.133234,-0.080908,0.175000 0.124749,-0.124749,0.200000 0.150912,-0.098586,0.200000 
0.100000,-0.100000,0.150000 0.126163,-0.073837,0.150000 0.082322,-0.082322,0.175000 
0.126163,-0.073837,0.150000 0.082322,-0.082322,0.175000 0.108485,-0.056159,0.175000 
0.082322,-0.082322,0.175000 0.108485,-0.056159,0.175000 0.100000,-0.100000,0.200000 
0.108485,-0.056159,0.175000 0.100000,-0.100000,0.200000 0.126163,-0.073837,0.200000 
0.111314,-0.121213,0.000000 0.107071,-0.116971,0.000000 0.111314,-0.121213,0.190000 
0.111314,-0.121213,0.190000 0.107071,-0.116971,0.000000 0.107071,-0.116971,0.190000 
0.111314,-0.121213,0.000000 0.116263,-0.116263,0.000000 0.111314,-0.121213,0.190000 
0.111314,-0.121213,0.190000 0.116263,-0.116263,0.000000 0.116263,-0.116263,0.190000 
0.107071,-0.116971,0.000000 0.112021,-0.112021,0.000000 0.107071,-0.116971,0.190000 
0.107071,-0.116971,0.190000 0.112021,-0.112021,0.000000 0.112021,-0.112021,0.190000 
0.116263,-0.116263,0.000000 0.112021,-0.112021,0.000000 0.116263,-0.116263,0.190000 
0.116263,-0.116263,0.190000 0.112021,-0.112021,0.000000 0.112021,-0.112021,0.190000 
0.080908,-0.090808,0.000000 0.076665,-0.086565,0.000000 0.080908,-0.090808,0.190000 
0.080908,-0.090808,0.190000 0.076665,-0.086565,0.000000 0.076665,-0.086565,0.190000 
0.080908,-0.090808,0.000000 0.085858,-0.085858,0.000000 0.080908,-0.090808,0.190000 
0.080908,-0.090808,0.190000 0.085858,-0.085858,0.000000 0.085858,-0.085858,0.190000 
0.076665,-0.086565,0.000000 0.081615,-0.081615,0.000000 0.076665,-0.086565,0.190000 
0.076665,-0.086565,0.190000 0.081615,-0.081615,0.000000 0.081615,-0.081615,0.190000 
0.085858,-0.085858,0.000000 0.081615,-0.081615,0.000000 0.085858,-0.085858,0.190000 
0.085858,-0.085858,0.190000 0.081615,-0.081615,0.000000 0.081615,-0.081615,0.190000 
-0.124749,-0.124749,0.000000 -0.098586,-0.150912,0.000000 -0.107071,-0.107071,0.025000 
-0.098586,-0.150912,0.000000 -0.107071,-0.107071,0.025000 -0.080908,-0.133234,0.025000 
-0.107071,-0.107071,0.025000 -0.080908,-0.133234,0.025000 -0.124749,-0.124749,0.050000 
-0.080908,-0.133234,0.025000 -0.124749,-0.124749,0.050000 -0.098586,-0.150912,0.050000 
-0.100000,-0.100000,0.000000 -0.073837,-0.126163,0.000000 -0.082322,-0.082322,0.025000 
-0.073837,-0.126163,0.000000 -0.082322,-0.082322,0.025000 -0.056159,-0.108485,0.025000 
-0.082322,-0.082322,0.025000 -0.056159,-0.108485,0.025000 -0.100000,-0.100000,0.050000 
-0.056159,-0.108485,0.025000 -0.100000,-0.100000,0.050000 -0.073837,-0.126163,0.050000 
-0.124749,-0.124749,0.050000 -0.098586,-0.150912,0.050000 -0.107071,-0.107071,0.075000 
-0.098586,-0.150912,0.050000 -0.107071,-0.107071,0.075000 -0.080908,-0.133234,0.075000 
-0.107071,-0.107071,0.075000 -0.080908,-0.133234,0.075000 -0.124749,-0.124749,0.100000 
-0.080908,-0.133234,0.075000 -0.124749,-0.124749,0.100000 -0.098586,-0.150912,0.100000 
-0.100000,-0.100000,0.050000 -0.073837,-0.126163,0.050000 -0.082322,-0.082322,0.075000 
-0.073837,-0.126163,0.050000 -0.082322,-0.082322,0.075000 -0.056159,-0.108485,0.075000 
-0.082322,-0.082322,0.075000 -0.056159,-0.108485,0.075000 -0.100000,-0.100000,0.100000 
-0.056159,-0.108485,0.075000 -0.100000,-0.100000,0.100000 -0.073837,-0.126163,0.100000 
-0.124749,-0.124749,0.100000 -0.098586,-0.150912,0.100000 -0.107071,-0.107071,0.125000 
-0.098586,-0.150912,0.100000 -0.107071,-0.107071,0.125000 -0.080908,-0.133234,0.125000 
-0.107071,-0.107071,0.125000 -0.080908,-0.133234,0.125000 -0.124749,-0.124749,0.150000 
-0.080908,-0.133234,0.125000 -0.124749,-0.124749,0.150000 -0.098586,-0.150912,0.150000 
-0.100000,-0.100000,0.100000 -0.073837,-0.126163,0.100000 -0.082322,-0.082322,0.125000 
-0.073837,-0.126163,0.100000 -0.082322,-0.082322,0.125000 -0.056159,-0.108485,0.125000 
-0.082322,-0.082322,0.125000 -0.056159,-0.108485,0.125000 -0.100000,-0.100000,0.150000 
-0.056159,-0.108485,0.125000 -0.100000,-0.100000,0.150000 -0.073837,-0.126163,0.150000 
-0.124749,-0.124749,0.150000 -0.098586,-0.150912,0.150000 -0.107071,-0.107071,0.175000 
-0.098586,-0.150912,0.150000 -0.107071,-0.107071,0.175000 -0.080908,-0.133234,0.175000 
-0.107071,-0.107071,0.175000 -0.080908,-0.133234,0.175000 -0.124749,-0.124749,0.200000 
-0.080908,-0.133234,0.175000 -0.124749,-0.124749,0.200000 -0.098586,-0.150912,0.200000 
-0.100000,-0.100000,0.150000 -0.073837,-0.126163,0.150000 -0.082322,-0.082322,0.175000 
-0.073837,-0.126163,0.150000 -0.082322,-0.082322,0.175000 -0.056159,-0.108485,0.175000 
-0.082322,-0.082322,0.175000 -0.056159,-0.108485,0.175000 -0.100000,-0.100000,0.200000 
-0.056159,-0.108485,0.175000 -0.100000,-0.100000,0.200000 -0.073837,-0.126163,0.200000 
-0.121213,-0.111314,0.000000 -0.116971,-0.107071,0.000000 -0.121213,-0.111314,0.190000 
-0.121213,-0.111314,0.190000 -0.116971,-0.107071,0.000000 -0.116971,-0.107071,0.190000 
-0.121213,-0.111314,0.000000 -0.116263,-0.116263,0.000000 -0.121213,-0.111314,0.190000 
-0.121213,-0.111314,0.190000 -0.116263,-0.116263,0.000000 -0.116263,-0.116263,0.190000 
-0.116971,-0.107071,0.000000 -0.112021,-0.112021,0.000000 -0.116971,-0.107071,0.190000 
-0.116971,-0.107071,0.190000 -0.112021,-0.112021,0.000000 -0.112021,-0.112021,0.190000 
-0.116263,-0.116263,0.000000 -0.112021,-0.112021,0.000000 -0.116263,-0.116263,0.190000 
-0.116263,-0.116263,0.190000 -0.112021,-0.112021,0.000000 -0.112021,-0.112021,0.190000 
-0.090808,-0.080908,0.000000 -0.086565,-0.076665,0.000000 -0.090808,-0.080908,0.190000 
-0.090808,-0.080908,0.190000 -0.086565,-0.076665,0.000000 -0.086565,-0.076665,0.190000 
-0.090808,-0.080908,0.000000 -0.085858,-0.085858,0.000000 -0.090808,-0.080908,0.190000 
-0.090808,-0.080908,0.190000 -0.085858,-0.085858,0.000000 -0.085858,-0.085858,0.190000 
-0.086565,-0.076665,0.000000 -0.081615,-0.081615,0.000000 -0.086565,-0.076665,0.190000 
-0.086565,-0.076665,0.190000 -0.081615,-0.081615,0.000000 -0.081615,-0.081615,0.190000 
-0.085858,-0.085858,0.000000 -0.081615,-0.081615,0.000000 -0.085858,-0.085858,0.190000 
-0.085858,-0.085858,0.190000 -0.081615,-0.081615,0.000000 -0.081615,-0.081615,0.190000 
0.124749,0.124749,0.000000 0.098586,0.150912,0.000000 0.107071,0.107071,0.025000 
0.098586,0.150912,0.000000 0.107071,0.107071,0.025000 0.080908,0.133234,0.025000 
0.107071,0.107071,0.025000 0.080908,0.133234,0.025000 0.124749,0.124749,0.050000 
0.080908,0.133234,0.025000 0.124749,0.124749,0.050000 0.098586,0.150912,0.050000 
0.100000,0.100000,0.000000 0.073837,0.126163,0.000000 0.082322,0.082322,0.025000 
0.073837,0.126163,0.000000 0.082322,0.082322,0.025000 0.056159,0.108485,0.025000 
0.082322,0.082322,0.025000 0.056159,0.108485,0.025000 0.100000,0.100000,0.050000 
0.056159,0.108485,0.025000 0.100000,0.100000,0.050000 0.073837,0.126163,0.050000 
0.124749,0.124749,0.050000 0.098586,0.150912,0.050000 0.107071,0.107071,0.075000 
0.098586,0.150912,0.050000 0.107071,0.107071,0.075000 0.080908,0.133234,0.075000 
0.107071,0.107071,0.075000 0.080908,0.133234,0.075000 0.124749,0.124749,0.100000 
0.080908,0.133234,0.075000 0.124749,0.124749,0.100000 0.098586,0.150912,0.100000 
0.100000,0.100000,0.050000 0.073837,0.126163,0.050000 0.082322,0.082322,0.075000 
0.073837,0.126163,0.050000 0.082322,0.082322,0.075000 0.056159,0.108485,0.075000 
0.082322,0.082322,0.075000 0.056159,0.108485,0.075000 0.100000,0.100000,0.100000 
0.056159,0.108485,0.075000 0.100000,0.100000,0.100000 0.073837,0.126163,0.100000 
0.124749,0.124749,0.100000 0.098586,0.150912,0.100000 0.107071,0.107071,0.125000 
0.098586,0.150912,0.100000 0.107071,0.107071,0.125000 0.080908,0.133234,0.125000 
0.107071,0.107071,0.125000 0.080908,0.133234,0.125000 0.124749,0.124749,0.150000 
0.080908,0.133234,0.125000 0.124749,0.124749,0.150000 0.098586,0.150912,0.150000 
0.100000,0.100000,0.100000 0.073837,0.126163,0.100000 0.082322,0.082322,0.125000 
0.073837,0.126163,0.100000 0.082322,0.082322,0.125000 0.056159,0.108485,0.125000 
0.082322,0.082322,0.125000 0.056159,0.108485,0.125000 0.100000,0.100000,0.150000 
0.056159,0.108485,0.125000 0.100000,0.100000,0.150000 0.073837,0.126163,0.150000 
0.124749,0.124749,0.150000 0.098586,0.150912,0.150000 0.107071,0.107071,0.175000 
0.098586,0.150912,0.150000 0.107071,0.107071,0.175000 0.080908,0.133234,0.175000 
0.107071,0.107071,0.175000 0.080908,0.133234,0.175000 0.124749,0.124749,0.200000 
0.080908,0.133234,0.175000 0.124749,0.124749,0.200000 0.098586,0.150912,0.200000 
0.100000,0.100000,0.150000 0.073837,0.126163,0.150000 0.082322,0.082322,0.175000 
0.073837,0.126163,0.150000 0.082322,0.082322,0.175000 0.056159,0.108485,0.175000 
0.082322,0.082322,0.175000 0.056159,0.108485,0.175000 0.100000,0.100000,0.200000 
0.056159,0.108485,0.175000 0.100000,0.100000,0.200000 0.073837,0.126163,0.200000 
0.121213,0.111314,0.000000 0.116971,0.107071,0.000000 0.121213,0.111314,0.190000 
0.121213,0.111314,0.190000 0.116971,0.107071,0.000000 0.116971,0.107071,0.190000 
0.121213,0.111314,0.000000 0.116263,0.116263,0.000000 0.121213,0.111314,0.190000 
0.121213,0.111314,0.190000 0.116263,0.116263,0.000000 0.116263,0.116263,0.190000 
0.116971,0.107071,0.000000 0.112021,0.112021,0.000000 0.116971,0.107071,0.190000 
0.116971,0.107071,0.190000 0.112021,0.112021,0.000000 0.112021,0.112021,0.190000 
0.116263,0.116263,0.000000 0.112021,0.112021,0.000000 0.116263,0.116263,0.190000 
0.116263,0.116263,0.190000 0.112021,0.112021,0.000000 0.112021,0.112021,0.190000 
0.090808,0.080908,0.000000 0.086565,0.076665,0.000000 0.090808,0.080908,0.190000 
0.090808,0.080908,0.190000 0.086565,0.076665,0.000000 0.086565,0.076665,0.190000 
0.090808,0.080908,0.000000 0.085858,0.085858,0.000000 0.090808,0.080908,0.190000 
0.090808,0.080908,0.190000 0.085858,0.085858,0.000000 0.085858,0.085858,0.190000 
0.086565,0.076665,0.000000 0.081615,0.081615,0.000000 0.086565,0.076665,0.190000 
0.086565,0.076665,0.190000 0.081615,0.081615,0.000000 0.081615,0.081615,0.190000 
0.085858,0.085858,0.000000 0.081615,0.081615,0.000000 0.085858,0.085858,0.190000 
0.085858,0.085858,0.190000 0.081615,0.081615,0.000000 0.081615,0.081615,0.190000 
-0.124749,0.124749,0.000000 -0.150912,0.098586,0.000000 -0.107071,0.107071,0.025000 
-0.150912,0.098586,0.000000 -0.107071,0.107071,0.025000 -0.133234,0.080908,0.025000 
-0.107071,0.107071,0.025000 -0.133234,0.080908,0.025000 -0.124749,0.124749,0.050000 
-0.133234,0.080908,0.025000 -0.124749,0.124749,0.050000 -0.150912,0.098586,0.050000 
-0.100000,0.100000,0.000000 -0.126163,0.073837,0.000000 -0.082322,0.082322,0.025000 
-0.126163,0.073837,0.000000 -0.082322,0.082322,0.025000 -0.108485,0.056159,0.025000 
-0.082322,0.082322,0.025000 -0.108485,0.056159,0.025000 -0.100000,0.100000,0.050000 
-0.108485,0.056159,0.025000 -0.100000,0.100000,0.050000 -0.126163,0.073837,0.050000 
-0.124749,0.124749,0.050000 -0.150912,0.098586,0.050000 -0.107071,0.107071,0.075000 
-0.150912,0.098586,0.050000 -0.107071,0.107071,0.075000 -0.133234,0.080908,0.075000 
-0.107071,0.107071,0.075000 -0.133234,0.080908,0.075000 -0.124749,0.124749,0.100000 
-0.133234,0.080908,0.075000 -0.124749,0.124749,0.100000 -0.150912,0.098586,0.100000 
-0.100000,0.100000,0.050000 -0.126163,0.073837,0.050000 -0.082322,0.082322,0.075000 
-0.126163,0.073837,0.050000 -0.082322,0.082322,0.075000 -0.108485,0.056159,0.075000 
-0.082322,0.082322,0.075000 -0.108485,0.056159,0.075000 -0.100000,0.100000,0.100000 
-0.108485,0.056159,0.075000 -0.100000,0.100000,0.100000 -0.126163,0.073837,0.100000 
-0.124749,0.124749,0.100000 -0.150912,0.098586,0.100000 -0.107071,0.107071,0.125000 
-0.150912,0.098586,0.100000 -0.107071,0.107071,0.125000 -0.133234,0.080908,0.125000 
-0.107071,0.107071,0.125000 -0.133234,0.080908,0.125000 -0.124749,0.124749,0.150000 
-0.133234,0.080908,0.125000 -0.124749,0.124749,0.150000 -0.150912,0.098586,0.150000 
-0.100000,0.100000,0.100000 -0.126163,0.073837,0.100000 -0.082322,0.082322,0.125000 
-0.126163,0.073837,0.100000 -0.082322,0.082322,0.125000 -0.108485,0.056159,0.125000 
-0.082322,0.082322,0.125000 -0.108485,0.056159,0.125000 -0.100000,0.100000,0.150000 
-0.108485,0.056159,0.125000 -0.100000,0.100000,0.150000 -0.126163,0.073837,0.150000 
-0.124749,0.124749,0.150000 -0.150912,0.098586,0.150000 -0.107071,0.107071,0.175000 
-0.150912,0.098586,0.150000 -0.107071,0.107071,0.175000 -0.133234,0.080908,0.175000 
-0.107071,0.107071,0.175000 -0.133234,0.080908,0.175000 -0.124749,0.124749,0.200000 
-0.133234,0.080908,0.175000 -0.124749,0.124749,0.200000 -0.150912,0.098586,0.200000 
-0.100000,0.100000,0.150000 -0.126163,0.073837,0.150000 -0.082322,0.082322,0.175000 
-0.126163,0.073837,0.150000 -0.082322,0.082322,0.175000 -0.108485,0.056159,0.175000 
-0.082322,0.082322,0.175000 -0.108485,0.056159,0.175000 -0.100000,0.100000,0.200000 
-0.108485,0.056159,0.175000 -0.100000,0.100000,0.200000 -0.126163,0.073837,0.200000 
-0.111314,0.121213,0.000000 -0.107071,0.116971,0.000000 -0.111314,0.121213,0.190000 
-0.111314,0.121213,0.190000 -0.107071,0.116971,0.000000 -0.107071,0.116971,0.190000 
-0.111314,0.121213,0.000000 -0.116263,0.116263,0.000000 -0.111314,0.121213,0.190000 
-0.111314,0.121213,0.190000 -0.116263,0.116263,0.000000 -0.116263,0.116263,0.190000 
-0.107071,0.116971,0.000000 -0.112021,0.112021,0.000000 -0.107071,0.116971,0.190000 
-0.107071,0.116971,0.190000 -0.112021,0.112021,0.000000 -0.112021,0.112021,0.190000 
-0.116263,0.116263,0.000000 -0.112021,0.112021,0.000000 -0.116263,0.116263,0.190000 
-0.116263,0.116263,0.190000 -0.112021,0.112021,0.000000 -0.112021,0.112021,0.190000 
-0.080908,0.090808,0.000000 -0.076665,0.086565,0.000000 -0.080908,0.090808,0.190000 
-0.080908,0.090808,0.190000 -0.076665,0.086565,0.000000 -0.076665,0.086565,0.190000 
-0.080908,0.090808,0.000000 -0.085858,0.085858,0.000000 -0.080908,0.090808,0.190000 
-0.080908,0.090808,0.190000 -0.085858,0.085858,0.000000 -0.085858,0.085858,0.190000 
-0.076665,0.086565,0.000000 -0.081615,0.081615,0.000000 -0.076665,0.086565,0.190000 
-0.076665,0.086565,0.190000 -0.081615,0.081615,0.000000 -0.081615,0.081615,0.190000 
-0.085858,0.085858,0.000000 -0.081615,0.081615,0.000000 -0.085858,0.085858,0.190000 
-0.085858,0.085858,0.190000 -0.081615,0.081615,0.000000 -0.081615,0.081615,0.190000 
