0.035000,0.000000,0.000000 0.035000,0.037000,0.000000 0.010000,0.000000,0.025000
0.035000,0.037000,0.000000 0.010000,0.000000,0.025000 0.010000,0.037000,0.025000
0.010000,0.000000,0.025000 0.010000,0.037000,0.025000 0.035000,0.000000,0.050000 
0.010000,0.037000,0.025000 0.035000,0.000000,0.050000 0.035000,0.037000,0.050000
0.000000,0.000000,0.000000 0.000000,0.037000,0.000000 -0.025000,0.000000,0.025000 
0.000000,0.037000,0.000000 -0.025000,0.000000,0.025000 -0.025000,0.037000,0.025000 
-0.025000,0.000000,0.025000 -0.025000,0.037000,0.025000 0.000000,0.000000,0.050000 
-0.025000,0.037000,0.025000 0.000000,0.000000,0.050000 0.000000,0.037000,0.050000
0.035000,0.000000,0.050000 0.035000,0.037000,0.050000 0.010000,0.000000,0.075000 
0.035000,0.037000,0.050000 0.010000,0.000000,0.075000 0.010000,0.037000,0.075000 
0.010000,0.000000,0.075000 0.010000,0.037000,0.075000 0.035000,0.000000,0.100000 
0.010000,0.037000,0.075000 0.035000,0.000000,0.100000 0.035000,0.037000,0.100000 
0.000000,0.000000,0.050000 0.000000,0.037000,0.050000 -0.025000,0.000000,0.075000 
0.000000,0.037000,0.050000 -0.025000,0.000000,0.075000 -0.025000,0.037000,0.075000 
-0.025000,0.000000,0.075000 -0.025000,0.037000,0.075000 0.000000,0.000000,0.100000 
-0.025000,0.037000,0.075000 0.000000,0.000000,0.100000 0.000000,0.037000,0.100000
0.035000,0.000000,0.100000 0.035000,0.037000,0.100000 0.010000,0.000000,0.125000 
0.035000,0.037000,0.100000 0.010000,0.000000,0.125000 0.010000,0.037000,0.125000 
0.010000,0.000000,0.125000 0.010000,0.037000,0.125000 0.035000,0.000000,0.150000 
0.010000,0.037000,0.125000 0.035000,0.000000,0.150000 0.035000,0.037000,0.150000 
0.000000,0.000000,0.100000 0.000000,0.037000,0.100000 -0.025000,0.000000,0.125000 
0.000000,0.037000,0.100000 -0.025000,0.000000,0.125000 -0.025000,0.037000,0.125000 
-0.025000,0.000000,0.125000 -0.025000,0.037000,0.125000 0.000000,0.000000,0.150000 
-0.025000,0.037000,0.125000 0.000000,0.000000,0.150000 0.000000,0.037000,0.150000
0.035000,0.000000,0.150000 0.035000,0.037000,0.150000 0.010000,0.000000,0.175000 
0.035000,0.037000,0.150000 0.010000,0.000000,0.175000 0.010000,0.037000,0.175000 
0.010000,0.000000,0.175000 0.010000,0.037000,0.175000 0.035000,0.000000,0.200000 
0.010000,0.037000,0.175000 0.035000,0.000000,0.200000 0.035000,0.037000,0.200000 
0.000000,0.000000,0.150000 0.000000,0.037000,0.150000 -0.025000,0.000000,0.175000 
0.000000,0.037000,0.150000 -0.025000,0.000000,0.175000 -0.025000,0.037000,0.175000 
-0.025000,0.000000,0.175000 -0.025000,0.037000,0.175000 0.000000,0.000000,0.200000 
-0.025000,0.037000,0.175000 0.000000,0.000000,0.200000 0.000000,0.037000,0.200000
0.023000,-0.007000,0.000000 0.017000,-0.007000,0.000000 0.023000,-0.007000,0.190000 
0.023000,-0.007000,0.190000 0.017000,-0.007000,0.000000 0.017000,-0.007000,0.190000 
0.023000,-0.007000,0.000000 0.023000,0.000000,0.000000 0.023000,-0.007000,0.190000 
0.023000,-0.007000,0.190000 0.023000,0.000000,0.000000 0.023000,0.000000,0.190000 
0.017000,-0.007000,0.000000 0.017000,0.000000,0.000000 0.017000,-0.007000,0.190000 
0.017000,-0.007000,0.190000 0.017000,0.000000,0.000000 0.017000,0.000000,0.190000 
0.023000,0.000000,0.000000 0.017000,0.000000,0.000000 0.023000,0.000000,0.190000 
0.023000,0.000000,0.190000 0.017000,0.000000,0.000000 0.017000,0.000000,0.190000 
-0.020000,-0.007000,0.000000 -0.026000,-0.007000,0.000000 -0.020000,-0.007000,0.190000 
-0.020000,-0.007000,0.190000 -0.026000,-0.007000,0.000000 -0.026000,-0.007000,0.190000 
-0.020000,-0.007000,0.000000 -0.020000,0.000000,0.000000 -0.020000,-0.007000,0.190000 
-0.020000,-0.007000,0.190000 -0.020000,0.000000,0.000000 -0.020000,0.000000,0.190000 
-0.026000,-0.007000,0.000000 -0.026000,0.000000,0.000000 -0.026000,-0.007000,0.190000 
-0.026000,-0.007000,0.190000 -0.026000,0.000000,0.000000 -0.026000,0.000000,0.190000 
-0.020000,0.000000,0.000000 -0.026000,0.000000,0.000000 -0.020000,0.000000,0.190000 
-0.020000,0.000000,0.190000 -0.026000,0.000000,0.000000 -0.026000,0.000000,0.190000 
-0.065000,-0.100000,0.000000 -0.065000,-0.063000,0.000000 -0.090000,-0.100000,0.025000 
-0.065000,-0.063000,0.000000 -0.090000,-0.100000,0.025000 -0.090000,-0.063000,0.025000 
-0.090000,-0.100000,0.025000 -0.090000,-0.063000,0.025000 -0.065000,-0.100000,0.050000 
-0.090000,-0.063000,0.025000 -0.065000,-0.100000,0.050000 -0.065000,-0.063000,0.050000 
-0.100000,-0.100000,0.000000 -0.100000,-0.063000,0.000000 -0.125000,-0.100000,0.025000 
-0.100000,-0.063000,0.000000 -0.125000,-0.100000,0.025000 -0.125000,-0.063000,0.025000 
-0.125000,-0.100000,0.025000 -0.125000,-0.063000,0.025000 -0.100000,-0.100000,0.050000 
-0.125000,-0.063000,0.025000 -0.100000,-0.100000,0.050000 -0.100000,-0.063000,0.050000 
-0.065000,-0.100000,0.050000 -0.065000,-0.063000,0.050000 -0.090000,-0.100000,0.075000 
-0.065000,-0.063000,0.050000 -0.090000,-0.100000,0.075000 -0.090000,-0.063000,0.075000 
-0.090000,-0.100000,0.075000 -0.090000,-0.063000,0.075000 -0.065000,-0.100000,0.100000 
-0.090000,-0.063000,0.075000 -0.065000,-0.100000,0.100000 -0.065000,-0.063000,0.100000 
-0.100000,-0.100000,0.050000 -0.100000,-0.063000,0.050000 -0.125000,-0.100000,0.075000 
-0.100000,-0.063000,0.050000 -0.125000,-0.100000,0.075000 -0.125000,-0.063000,0.075000 
-0.125000,-0.100000,0.075000 -0.125000,-0.063000,0.075000 -0.100000,-0.100000,0.100000 
-0.125000,-0.063000,0.075000 -0.100000,-0.100000,0.100000 -0.100000,-0.063000,0.100000 
-0.065000,-0.100000,0.100000 -0.065000,-0.063000,0.100000 -0.090000,-0.100000,0.125000 
-0.065000,-0.063000,0.100000 -0.090000,-0.100000,0.125000 -0.090000,-0.063000,0.125000 
-0.090000,-0.100000,0.125000 -0.090000,-0.063000,0.125000 -0.065000,-0.100000,0.150000 
-0.090000,-0.063000,0.125000 -0.065000,-0.100000,0.150000 -0.065000,-0.063000,0.150000 
-0.100000,-0.100000,0.100000 -0.100000,-0.063000,0.100000 -0.125000,-0.100000,0.125000 
-0.100000,-0.063000,0.100000 -0.125000,-0.100000,0.125000 -0.125000,-0.063000,0.125000 
-0.125000,-0.100000,0.125000 -0.125000,-0.063000,0.125000 -0.100000,-0.100000,0.150000 
-0.125000,-0.063000,0.125000 -0.100000,-0.100000,0.150000 -0.100000,-0.063000,0.150000 
-0.065000,-0.100000,0.150000 -0.065000,-0.063000,0.150000 -0.090000,-0.100000,0.175000 
-0.065000,-0.063000,0.150000 -0.090000,-0.100000,0.175000 -0.090000,-0.063000,0.175000 
-0.090000,-0.100000,0.175000 -0.090000,-0.063000,0.175000 -0.065000,-0.100000,0.200000 
-0.090000,-0.063000,0.175000 -0.065000,-0.100000,0.200000 -0.065000,-0.063000,0.200000 
-0.100000,-0.100000,0.150000 -0.100000,-0.063000,0.150000 -0.125000,-0.100000,0.175000 
-0.100000,-0.063000,0.150000 -0.125000,-0.100000,0.175000 -0.125000,-0.063000,0.175000 
-0.125000,-0.100000,0.175000 -0.125000,-0.063000,0.175000 -0.100000,-0.100000,0.200000 
-0.125000,-0.063000,0.175000 -0.100000,-0.100000,0.200000 -0.100000,-0.063000,0.200000 
-0.077000,-0.107000,0.000000 -0.083000,-0.107000,0.000000 -0.077000,-0.107000,0.190000 
-0.077000,-0.107000,0.190000 -0.083000,-0.107000,0.000000 -0.083000,-0.107000,0.190000 
-0.077000,-0.107000,0.000000 -0.077000,-0.100000,0.000000 -0.077000,-0.107000,0.190000 
-0.077000,-0.107000,0.190000 -0.077000,-0.100000,0.000000 -0.077000,-0.100000,0.190000 
-0.083000,-0.107000,0.000000 -0.083000,-0.100000,0.000000 -0.083000,-0.107000,0.190000 
-0.083000,-0.107000,0.190000 -0.083000,-0.100000,0.000000 -0.083000,-0.100000,0.190000 
-0.077000,-0.100000,0.000000 -0.083000,-0.100000,0.000000 -0.077000,-0.100000,0.190000 
-0.077000,-0.100000,0.190000 -0.083000,-0.100000,0.000000 -0.083000,-0.100000,0.190000 
-0.120000,-0.107000,0.000000 -0.126000,-0.107000,0.000000 -0.120000,-0.107000,0.190000 
-0.120000,-0.107000,0.190000 -0.126000,-0.107000,0.000000 -0.126000,-0.107000,0.190000 
-0.120000,-0.107000,0.000000 -0.120000,-0.100000,0.000000 -0.120000,-0.107000,0.190000 
-0.120000,-0.107000,0.190000 -0.120000,-0.100000,0.000000 -0.120000,-0.100000,0.190000 
-0.126000,-0.107000,0.000000 -0.126000,-0.100000,0.000000 -0.126000,-0.107000,0.190000 
-0.126000,-0.107000,0.190000 -0.126000,-0.100000,0.000000 -0.126000,-0.100000,0.190000 
-0.120000,-0.100000,0.000000 -0.126000,-0.100000,0.000000 -0.120000,-0.100000,0.190000 
-0.120000,-0.100000,0.190000 -0.126000,-0.100000,0.000000 -0.126000,-0.100000,0.190000 
-0.065000,0.000000,0.000000 -0.065000,0.037000,0.000000 -0.090000,0.000000,0.025000 
-0.065000,0.037000,0.000000 -0.090000,0.000000,0.025000 -0.090000,0.037000,0.025000 
-0.090000,0.000000,0.025000 -0.090000,0.037000,0.025000 -0.065000,0.000000,0.050000 
-0.090000,0.037000,0.025000 -0.065000,0.000000,0.050000 -0.065000,0.037000,0.050000 
-0.100000,0.000000,0.000000 -0.100000,0.037000,0.000000 -0.125000,0.000000,0.025000 
-0.100000,0.037000,0.000000 -0.125000,0.000000,0.025000 -0.125000,0.037000,0.025000 
-0.125000,0.000000,0.025000 -0.125000,0.037000,0.025000 -0.100000,0.000000,0.050000 
-0.125000,0.037000,0.025000 -0.100000,0.000000,0.050000 -0.100000,0.037000,0.050000 
-0.065000,0.000000,0.050000 -0.065000,0.037000,0.050000 -0.090000,0.000000,0.075000 
-0.065000,0.037000,0.050000 -0.090000,0.000000,0.075000 -0.090000,0.037000,0.075000 
-0.090000,0.000000,0.075000 -0.090000,0.037000,0.075000 -0.065000,0.000000,0.100000 
-0.090000,0.037000,0.075000 -0.065000,0.000000,0.100000 -0.065000,0.037000,0.100000 
-0.100000,0.000000,0.050000 -0.100000,0.037000,0.050000 -0.125000,0.000000,0.075000 
-0.100000,0.037000,0.050000 -0.125000,0.000000,0.075000 -0.125000,0.037000,0.075000 
-0.125000,0.000000,0.075000 -0.125000,0.037000,0.075000 -0.100000,0.000000,0.100000 
-0.125000,0.037000,0.075000 -0.100000,0.000000,0.100000 -0.100000,0.037000,0.100000 
-0.065000,0.000000,0.100000 -0.065000,0.037000,0.100000 -0.090000,0.000000,0.125000 
-0.065000,0.037000,0.100000 -0.090000,0.000000,0.125000 -0.090000,0.037000,0.125000 
-0.090000,0.000000,0.125000 -0.090000,0.037000,0.125000 -0.065000,0.000000,0.150000 
-0.090000,0.037000,0.125000 -0.065000,0.000000,0.150000 -0.065000,0.037000,0.150000 
-0.100000,0.000000,0.100000 -0.100000,0.037000,0.100000 -0.125000,0.000000,0.125000 
-0.100000,0.037000,0.100000 -0.125000,0.000000,0.125000 -0.125000,0.037000,0.125000 
-0.125000,0.000000,0.125000 -0.125000,0.037000,0.125000 -0.100000,0.000000,0.150000 
-0.125000,0.037000,0.125000 -0.100000,0.000000,0.150000 -0.100000,0.037000,0.150000 
-0.065000,0.000000,0.150000 -0.065000,0.037000,0.150000 -0.090000,0.000000,0.175000 
-0.065000,0.037000,0.150000 -0.090000,0.000000,0.175000 -0.090000,0.037000,0.175000 
-0.090000,0.000000,0.175000 -0.090000,0.037000,0.175000 -0.065000,0.000000,0.200000 
-0.090000,0.037000,0.175000 -0.065000,0.000000,0.200000 -0.065000,0.037000,0.200000 
-0.100000,0.000000,0.150000 -0.100000,0.037000,0.150000 -0.125000,0.000000,0.175000 
-0.100000,0.037000,0.150000 -0.125000,0.000000,0.175000 -0.125000,0.037000,0.175000 
-0.125000,0.000000,0.175000 -0.125000,0.037000,0.175000 -0.100000,0.000000,0.200000 
-0.125000,0.037000,0.175000 -0.100000,0.000000,0.200000 -0.100000,0.037000,0.200000 
-0.077000,-0.007000,0.000000 -0.083000,-0.007000,0.000000 -0.077000,-0.007000,0.190000 
-0.077000,-0.007000,0.190000 -0.083000,-0.007000,0.000000 -0.083000,-0.007000,0.190000 
-0.077000,-0.007000,0.000000 -0.077000,0.000000,0.000000 -0.077000,-0.007000,0.190000 
-0.077000,-0.007000,0.190000 -0.077000,0.000000,0.000000 -0.077000,0.000000,0.190000 
-0.083000,-0.007000,0.000000 -0.083000,0.000000,0.000000 -0.083000,-0.007000,0.190000 
-0.083000,-0.007000,0.190000 -0.083000,0.000000,0.000000 -0.083000,0.000000,0.190000 
-0.077000,0.000000,0.000000 -0.083000,0.000000,0.000000 -0.077000,0.000000,0.190000 
-0.077000,0.000000,0.190000 -0.083000,0.000000,0.000000 -0.083000,0.000000,0.190000 
-0.120000,-0.007000,0.000000 -0.126000,-0.007000,0.000000 -0.120000,-0.007000,0.190000 
-0.120000,-0.007000,0.190000 -0.126000,-0.007000,0.000000 -0.126000,-0.007000,0.190000 
-0.120000,-0.007000,0.000000 -0.120000,0.000000,0.000000 -0.120000,-0.007000,0.190000 
-0.120000,-0.007000,0.190000 -0.120000,0.000000,0.000000 -0.120000,0.000000,0.190000 
-0.126000,-0.007000,0.000000 -0.126000,0.000000,0.000000 -0.126000,-0.007000,0.190000 
-0.126000,-0.007000,0.190000 -0.126000,0.000000,0.000000 -0.126000,0.000000,0.190000 
-0.120000,0.000000,0.000000 -0.126000,0.000000,0.000000 -0.120000,0.000000,0.190000 
-0.120000,0.000000,0.190000 -0.126000,0.000000,0.000000 -0.126000,0.000000,0.190000 
-0.065000,0.100000,0.000000 -0.065000,0.137000,0.000000 -0.090000,0.100000,0.025000 
-0.065000,0.137000,0.000000 -0.090000,0.100000,0.025000 -0.090000,0.137000,0.025000 
-0.090000,0.100000,0.025000 -0.090000,0.137000,0.025000 -0.065000,0.100000,0.050000 
-0.090000,0.137000,0.025000 -0.065000,0.100000,0.050000 -0.065000,0.137000,0.050000 
-0.100000,0.100000,0.000000 -0.100000,0.137000,0.000000 -0.125000,0.100000,0.025000 
-0.100000,0.137000,0.000000 -0.125000,0.100000,0.025000 -0.125000,0.137000,0.025000 
-0.125000,0.100000,0.025000 -0.125000,0.137000,0.025000 -0.100000,0.100000,0.050000 
-0.125000,0.137000,0.025000 -0.100000,0.100000,0.050000 -0.100000,0.137000,0.050000 
-0.065000,0.100000,0.050000 -0.065000,0.137000,0.050000 -0.090000,0.100000,0.075000 
-0.065000,0.137000,0.050000 -0.090000,0.100000,0.075000 -0.090000,0.137000,0.075000 
-0.090000,0.100000,0.075000 -0.090000,0.137000,0.075000 -0.065000,0.100000,0.100000 
-0.090000,0.137000,0.075000 -0.065000,0.100000,0.100000 -0.065000,0.137000,0.100000 
-0.100000,0.100000,0.050000 -0.100000,0.137000,0.050000 -0.125000,0.100000,0.075000 
-0.100000,0.137000,0.050000 -0.125000,0.100000,0.075000 -0.125000,0.137000,0.075000 
-0.125000,0.100000,0.075000 -0.125000,0.137000,0.075000 -0.100000,0.100000,0.100000 
-0.125000,0.137000,0.075000 -0.100000,0.100000,0.100000 -0.100000,0.137000,0.100000 
-0.065000,0.100000,0.100000 -0.065000,0.137000,0.100000 -0.090000,0.100000,0.125000 
-0.065000,0.137000,0.100000 -0.090000,0.100000,0.125000 -0.090000,0.137000,0.125000 
-0.090000,0.100000,0.125000 -0.090000,0.137000,0.125000 -0.065000,0.100000,0.150000 
-0.090000,0.137000,0.125000 -0.065000,0.100000,0.150000 -0.065000,0.137000,0.150000 
-0.100000,0.100000,0.100000 -0.100000,0.137000,0.100000 -0.125000,0.100000,0.125000 
-0.100000,0.137000,0.100000 -0.125000,0.100000,0.125000 -0.125000,0.137000,0.125000 
-0.125000,0.100000,0.125000 -0.125000,0.137000,0.125000 -0.100000,0.100000,0.150000 
-0.125000,0.137000,0.125000 -0.100000,0.100000,0.150000 -0.100000,0.137000,0.150000 
-0.065000,0.100000,0.150000 -0.065000,0.137000,0.150000 -0.090000,0.100000,0.175000 
-0.065000,0.137000,0.150000 -0.090000,0.100000,0.175000 -0.090000,0.137000,0.175000 
-0.090000,0.100000,0.175000 -0.090000,0.137000,0.175000 -0.065000,0.100000,0.200000 
-0.090000,0.137000,0.175000 -0.065000,0.100000,0.200000 -0.065000,0.137000,0.200000 
-0.100000,0.100000,0.150000 -0.100000,0.137000,0.150000 -0.125000,0.100000,0.175000 
-0.100000,0.137000,0.150000 -0.125000,0.100000,0.175000 -0.125000,0.137000,0.175000 
-0.125000,0.100000,0.175000 -0.125000,0.137000,0.175000 -0.100000,0.100000,0.200000 
-0.125000,0.137000,0.175000 -0.100000,0.100000,0.200000 -0.100000,0.137000,0.200000 
-0.077000,0.093000,0.000000 -0.083000,0.093000,0.000000 -0.077000,0.093000,0.190000 
-0.077000,0.093000,0.190000 -0.083000,0.093000,0.000000 -0.083000,0.093000,0.190000 
-0.077000,0.093000,0.000000 -0.077000,0.100000,0.000000 -0.077000,0.093000,0.190000 
-0.077000,0.093000,0.190000 -0.077000,0.100000,0.000000 -0.077000,0.100000,0.190000 
-0.083000,0.093000,0.000000 -0.083000,0.100000,0.000000 -0.083000,0.093000,0.190000 
-0.083000,0.093000,0.190000 -0.083000,0.100000,0.000000 -0.083000,0.100000,0.190000 
-0.077000,0.100000,0.000000 -0.083000,0.100000,0.000000 -0.077000,0.100000,0.190000 
-0.077000,0.100000,0.190000 -0.083000,0.100000,0.000000 -0.083000,0.100000,0.190000 
-0.120000,0.093000,0.000000 -0.126000,0.093000,0.000000 -0.120000,0.093000,0.190000 
-0.120000,0.093000,0.190000 -0.126000,0.093000,0.000000 -0.126000,0.093000,0.190000 
-0.120000,0.093000,0.000000 -0.120000,0.100000,0.000000 -0.120000,0.093000,0.190000 
-0.120000,0.093000,0.190000 -0.120000,0.100000,0.000000 -0.120000,0.100000,0.190000 
-0.126000,0.093000,0.000000 -0.126000,0.100000,0.000000 -0.126000,0.093000,0.190000 
-0.126000,0.093000,0.190000 -0.126000,0.100000,0.000000 -0.126000,0.100000,0.190000 
-0.120000,0.100000,0.000000 -0.126000,0.100000,0.000000 -0.120000,0.100000,0.190000 
-0.120000,0.100000,0.190000 -0.126000,0.100000,0.000000 -0.126000,0.100000,0.190000 
0.035000,-0.100000,0.000000 0.035000,-0.063000,0.000000 0.010000,-0.100000,0.025000 
0.035000,-0.063000,0.000000 0.010000,-0.100000,0.025000 0.010000,-0.063000,0.025000 
0.010000,-0.100000,0.025000 0.010000,-0.063000,0.025000 0.035000,-0.100000,0.050000 
0.010000,-0.063000,0.025000 0.035000,-0.100000,0.050000 0.035000,-0.063000,0.050000 
0.000000,-0.100000,0.000000 0.000000,-0.063000,0.000000 -0.025000,-0.100000,0.025000 
0.000000,-0.063000,0.000000 -0.025000,-0.100000,0.025000 -0.025000,-0.063000,0.025000 
-0.025000,-0.100000,0.025000 -0.025000,-0.063000,0.025000 0.000000,-0.100000,0.050000 
-0.025000,-0.063000,0.025000 0.000000,-0.100000,0.050000 0.000000,-0.063000,0.050000 
0.035000,-0.100000,0.050000 0.035000,-0.063000,0.050000 0.010000,-0.100000,0.075000 
0.035000,-0.063000,0.050000 0.010000,-0.100000,0.075000 0.010000,-0.063000,0.075000 
0.010000,-0.100000,0.075000 0.010000,-0.063000,0.075000 0.035000,-0.100000,0.100000 
0.010000,-0.063000,0.075000 0.035000,-0.100000,0.100000 0.035000,-0.063000,0.100000 
0.000000,-0.100000,0.050000 0.000000,-0.063000,0.050000 -0.025000,-0.100000,0.075000 
0.000000,-0.063000,0.050000 -0.025000,-0.100000,0.075000 -0.025000,-0.063000,0.075000 
-0.025000,-0.100000,0.075000 -0.025000,-0.063000,0.075000 0.000000,-0.100000,0.100000 
-0.025000,-0.063000,0.075000 0.000000,-0.100000,0.100000 0.000000,-0.063000,0.100000 
0.035000,-0.100000,0.100000 0.035000,-0.063000,0.100000 0.010000,-0.100000,0.125000 
0.035000,-0.063000,0.100000 0.010000,-0.100000,0.125000 0.010000,-0.063000,0.125000 
0.010000,-0.100000,0.125000 0.010000,-0.063000,0.125000 0.035000,-0.100000,0.150000 
0.010000,-0.063000,0.125000 0.035000,-0.100000,0.150000 0.035000,-0.063000,0.150000 
0.000000,-0.100000,0.100000 0.000000,-0.063000,0.100000 -0.025000,-0.100000,0.125000 
0.000000,-0.063000,0.100000 -0.025000,-0.100000,0.125000 -0.025000,-0.063000,0.125000 
-0.025000,-0.100000,0.125000 -0.025000,-0.063000,0.125000 0.000000,-0.100000,0.150000 
-0.025000,-0.063000,0.125000 0.000000,-0.100000,0.150000 0.000000,-0.063000,0.150000 
0.035000,-0.100000,0.150000 0.035000,-0.063000,0.150000 0.010000,-0.100000,0.175000 
0.035000,-0.063000,0.150000 0.010000,-0.100000,0.175000 0.010000,-0.063000,0.175000 
0.010000,-0.100000,0.175000 0.010000,-0.063000,0.175000 0.035000,-0.100000,0.200000 
0.010000,-0.063000,0.175000 0.035000,-0.100000,0.200000 0.035000,-0.063000,0.200000 
0.000000,-0.100000,0.150000 0.000000,-0.063000,0.150000 -0.025000,-0.100000,0.175000 
0.000000,-0.063000,0.150000 -0.025000,-0.100000,0.175000 -0.025000,-0.063000,0.175000 
-0.025000,-0.100000,0.175000 -0.025000,-0.063000,0.175000 0.000000,-0.100000,0.200000 
-0.025000,-0.063000,0.175000 0.000000,-0.100000,0.200000 0.000000,-0.063000,0.200000 
0.023000,-0.107000,0.000000 0.017000,-0.107000,0.000000 0.023000,-0.107000,0.190000 
0.023000,-0.107000,0.190000 0.017000,-0.107000,0.000000 0.017000,-0.107000,0.190000 
0.023000,-0.107000,0.000000 0.023000,-0.100000,0.000000 0.023000,-0.107000,0.190000 
0.023000,-0.107000,0.190000 0.023000,-0.100000,0.000000 0.023000,-0.100000,0.190000 
0.017000,-0.107000,0.000000 0.017000,-0.100000,0.000000 0.017000,-0.107000,0.190000 
0.017000,-0.107000,0.190000 0.017000,-0.100000,0.000000 0.017000,-0.100000,0.190000 
0.023000,-0.100000,0.000000 0.017000,-0.100000,0.000000 0.023000,-0.100000,0.190000 
0.023000,-0.100000,0.190000 0.017000,-0.100000,0.000000 0.017000,-0.100000,0.190000 
-0.020000,-0.107000,0.000000 -0.026000,-0.107000,0.000000 -0.020000,-0.107000,0.190000 
-0.020000,-0.107000,0.190000 -0.026000,-0.107000,0.000000 -0.026000,-0.107000,0.190000 
-0.020000,-0.107000,0.000000 -0.020000,-0.100000,0.000000 -0.020000,-0.107000,0.190000 
-0.020000,-0.107000,0.190000 -0.020000,-0.100000,0.000000 -0.020000,-0.100000,0.190000 
-0.026000,-0.107000,0.000000 -0.026000,-0.100000,0.000000 -0.026000,-0.107000,0.190000 
-0.026000,-0.107000,0.190000 -0.026000,-0.100000,0.000000 -0.026000,-0.100000,0.190000 
-0.020000,-0.100000,0.000000 -0.026000,-0.100000,0.000000 -0.020000,-0.100000,0.190000 
-0.020000,-0.100000,0.190000 -0.026000,-0.100000,0.000000 -0.026000,-0.100000,0.190000 
0.135000,-0.100000,0.000000 0.135000,-0.063000,0.000000 0.110000,-0.100000,0.025000 
0.135000,-0.063000,0.000000 0.110000,-0.100000,0.025000 0.110000,-0.063000,0.025000 
0.110000,-0.100000,0.025000 0.110000,-0.063000,0.025000 0.135000,-0.100000,0.050000 
0.110000,-0.063000,0.025000 0.135000,-0.100000,0.050000 0.135000,-0.063000,0.050000 
0.100000,-0.100000,0.000000 0.100000,-0.063000,0.000000 0.075000,-0.100000,0.025000 
0.100000,-0.063000,0.000000 0.075000,-0.100000,0.025000 0.075000,-0.063000,0.025000 
0.075000,-0.100000,0.025000 0.075000,-0.063000,0.025000 0.100000,-0.100000,0.050000 
0.075000,-0.063000,0.025000 0.100000,-0.100000,0.050000 0.100000,-0.063000,0.050000 
0.135000,-0.100000,0.050000 0.135000,-0.063000,0.050000 0.110000,-0.100000,0.075000 
0.135000,-0.063000,0.050000 0.110000,-0.100000,0.075000 0.110000,-0.063000,0.075000 
0.110000,-0.100000,0.075000 0.110000,-0.063000,0.075000 0.135000,-0.100000,0.100000 
0.110000,-0.063000,0.075000 0.135000,-0.100000,0.100000 0.135000,-0.063000,0.100000 
0.100000,-0.100000,0.050000 0.100000,-0.063000,0.050000 0.075000,-0.100000,0.075000 
0.100000,-0.063000,0.050000 0.075000,-0.100000,0.075000 0.075000,-0.063000,0.075000 
0.075000,-0.100000,0.075000 0.075000,-0.063000,0.075000 0.100000,-0.100000,0.100000 
0.075000,-0.063000,0.075000 0.100000,-0.100000,0.100000 0.100000,-0.063000,0.100000 
0.135000,-0.100000,0.100000 0.135000,-0.063000,0.100000 0.110000,-0.100000,0.125000 
0.135000,-0.063000,0.100000 0.110000,-0.100000,0.125000 0.110000,-0.063000,0.125000 
0.110000,-0.100000,0.125000 0.110000,-0.063000,0.125000 0.135000,-0.100000,0.150000 
0.110000,-0.063000,0.125000 0.135000,-0.100000,0.150000 0.135000,-0.063000,0.150000 
0.100000,-0.100000,0.100000 0.100000,-0.063000,0.100000 0.075000,-0.100000,0.125000 
0.100000,-0.063000,0.100000 0.075000,-0.100000,0.125000 0.075000,-0.063000,0.125000 
0.075000,-0.100000,0.125000 0.075000,-0.063000,0.125000 0.100000,-0.100000,0.150000 
0.075000,-0.063000,0.125000 0.100000,-0.100000,0.150000 0.100000,-0.063000,0.150000 
0.135000,-0.100000,0.150000 0.135000,-0.063000,0.150000 0.110000,-0.100000,0.175000 
0.135000,-0.063000,0.150000 0.110000,-0.100000,0.175000 0.110000,-0.063000,0.175000 
0.110000,-0.100000,0.175000 0.110000,-0.063000,0.175000 0.135000,-0.100000,0.200000 
0.110000,-0.063000,0.175000 0.135000,-0.100000,0.200000 0.135000,-0.063000,0.200000 
0.100000,-0.100000,0.150000 0.100000,-0.063000,0.150000 0.075000,-0.100000,0.175000 
0.100000,-0.063000,0.150000 0.075000,-0.100000,0.175000 0.075000,-0.063000,0.175000 
0.075000,-0.100000,0.175000 0.075000,-0.063000,0.175000 0.100000,-0.100000,0.200000 
0.075000,-0.063000,0.175000 0.100000,-0.100000,0.200000 0.100000,-0.063000,0.200000 
0.123000,-0.107000,0.000000 0.117000,-0.107000,0.000000 0.123000,-0.107000,0.190000 
0.123000,-0.107000,0.190000 0.117000,-0.107000,0.000000 0.117000,-0.107000,0.190000 
0.123000,-0.107000,0.000000 0.123000,-0.100000,0.000000 0.123000,-0.107000,0.190000 
0.123000,-0.107000,0.190000 0.123000,-0.100000,0.000000 0.123000,-0.100000,0.190000 
0.117000,-0.107000,0.000000 0.117000,-0.100000,0.000000 0.117000,-0.107000,0.190000 
0.117000,-0.107000,0.190000 0.117000,-0.100000,0.000000 0.117000,-0.100000,0.190000 
0.123000,-0.100000,0.000000 0.117000,-0.100000,0.000000 0.123000,-0.100000,0.190000 
0.123000,-0.100000,0.190000 0.117000,-0.100000,0.000000 0.117000,-0.100000,0.190000 
0.080000,-0.107000,0.000000 0.074000,-0.107000,0.000000 0.080000,-0.107000,0.190000 
0.080000,-0.107000,0.190000 0.074000,-0.107000,0.000000 0.074000,-0.107000,0.190000 
0.080000,-0.107000,0.000000 0.080000,-0.100000,0.000000 0.080000,-0.107000,0.190000 
0.080000,-0.107000,0.190000 0.080000,-0.100000,0.000000 0.080000,-0.100000,0.190000 
0.074000,-0.107000,0.000000 0.074000,-0.100000,0.000000 0.074000,-0.107000,0.190000 
0.074000,-0.107000,0.190000 0.074000,-0.100000,0.000000 0.074000,-0.100000,0.190000 
0.080000,-0.100000,0.000000 0.074000,-0.100000,0.000000 0.080000,-0.100000,0.190000 
0.080000,-0.100000,0.190000 0.074000,-0.100000,0.000000 0.074000,-0.100000,0.190000 
0.135000,0.000000,0.000000 0.135000,0.037000,0.000000 0.110000,0.000000,0.025000 
0.135000,0.037000,0.000000 0.110000,0.000000,0.025000 0.110000,0.037000,0.025000 
0.110000,0.000000,0.025000 0.110000,0.037000,0.025000 0.135000,0.000000,0.050000 
0.110000,0.037000,0.025000 0.135000,0.000000,0.050000 0.135000,0.037000,0.050000 
0.100000,0.000000,0.000000 0.100000,0.037000,0.000000 0.075000,0.000000,0.025000 
0.100000,0.037000,0.000000 0.075000,0.000000,0.025000 0.075000,0.037000,0.025000 
0.075000,0.000000,0.025000 0.075000,0.037000,0.025000 0.100000,0.000000,0.050000 
0.075000,0.037000,0.025000 0.100000,0.000000,0.050000 0.100000,0.037000,0.050000 
0.135000,0.000000,0.050000 0.135000,0.037000,0.050000 0.110000,0.000000,0.075000 
0.135000,0.037000,0.050000 0.110000,0.000000,0.075000 0.110000,0.037000,0.075000 
0.110000,0.000000,0.075000 0.110000,0.037000,0.075000 0.135000,0.000000,0.100000 
0.110000,0.037000,0.075000 0.135000,0.000000,0.100000 0.135000,0.037000,0.100000 
0.100000,0.000000,0.050000 0.100000,0.037000,0.050000 0.075000,0.000000,0.075000 
0.100000,0.037000,0.050000 0.075000,0.000000,0.075000 0.075000,0.037000,0.075000 
0.075000,0.000000,0.075000 0.075000,0.037000,0.075000 0.100000,0.000000,0.100000 
0.075000,0.037000,0.075000 0.100000,0.000000,0.100000 0.100000,0.037000,0.100000 
0.135000,0.000000,0.100000 0.135000,0.037000,0.100000 0.110000,0.000000,0.125000 
0.135000,0.037000,0.100000 0.110000,0.000000,0.125000 0.110000,0.037000,0.125000 
0.110000,0.000000,0.125000 0.110000,0.037000,0.125000 0.135000,0.000000,0.150000 
0.110000,0.037000,0.125000 0.135000,0.000000,0.150000 0.135000,0.037000,0.150000 
0.100000,0.000000,0.100000 0.100000,0.037000,0.100000 0.075000,0.000000,0.125000 
0.100000,0.037000,0.100000 0.075000,0.000000,0.125000 0.075000,0.037000,0.125000 
0.075000,0.000000,0.125000 0.075000,0.037000,0.125000 0.100000,0.000000,0.150000 
0.075000,0.037000,0.125000 0.100000,0.000000,0.150000 0.100000,0.037000,0.150000 
0.135000,0.000000,0.150000 0.135000,0.037000,0.150000 0.110000,0.000000,0.175000 
0.135000,0.037000,0.150000 0.110000,0.000000,0.175000 0.110000,0.037000,0.175000 
0.110000,0.000000,0.175000 0.110000,0.037000,0.175000 0.135000,0.000000,0.200000 
0.110000,0.037000,0.175000 0.135000,0.000000,0.200000 0.135000,0.037000,0.200000 
0.100000,0.000000,0.150000 0.100000,0.037000,0.150000 0.075000,0.000000,0.175000 
0.100000,0.037000,0.150000 0.075000,0.000000,0.175000 0.075000,0.037000,0.175000 
0.075000,0.000000,0.175000 0.075000,0.037000,0.175000 0.100000,0.000000,0.200000 
0.075000,0.037000,0.175000 0.100000,0.000000,0.200000 0.100000,0.037000,0.200000 
0.123000,-0.007000,0.000000 0.117000,-0.007000,0.000000 0.123000,-0.007000,0.190000 
0.123000,-0.007000,0.190000 0.117000,-0.007000,0.000000 0.117000,-0.007000,0.190000 
0.123000,-0.007000,0.000000 0.123000,0.000000,0.000000 0.123000,-0.007000,0.190000 
0.123000,-0.007000,0.190000 0.123000,0.000000,0.000000 0.123000,0.000000,0.190000 
0.117000,-0.007000,0.000000 0.117000,0.000000,0.000000 0.117000,-0.007000,0.190000 
0.117000,-0.007000,0.190000 0.117000,0.000000,0.000000 0.117000,0.000000,0.190000 
0.123000,0.000000,0.000000 0.117000,0.000000,0.000000 0.123000,0.000000,0.190000 
0.123000,0.000000,0.190000 0.117000,0.000000,0.000000 0.117000,0.000000,0.190000 
0.080000,-0.007000,0.000000 0.074000,-0.007000,0.000000 0.080000,-0.007000,0.190000 
0.080000,-0.007000,0.190000 0.074000,-0.007000,0.000000 0.074000,-0.007000,0.190000 
0.080000,-0.007000,0.000000 0.080000,0.000000,0.000000 0.080000,-0.007000,0.190000 
0.080000,-0.007000,0.190000 0.080000,0.000000,0.000000 0.080000,0.000000,0.190000 
0.074000,-0.007000,0.000000 0.074000,0.000000,0.000000 0.074000,-0.007000,0.190000 
0.074000,-0.007000,0.190000 0.074000,0.000000,0.000000 0.074000,0.000000,0.190000 
0.080000,0.000000,0.000000 0.074000,0.000000,0.000000 0.080000,0.000000,0.190000 
0.080000,0.000000,0.190000 0.074000,0.000000,0.000000 0.074000,0.000000,0.190000 
0.135000,0.100000,0.000000 0.135000,0.137000,0.000000 0.110000,0.100000,0.025000 
0.135000,0.137000,0.000000 0.110000,0.100000,0.025000 0.110000,0.137000,0.025000 
0.110000,0.100000,0.025000 0.110000,0.137000,0.025000 0.135000,0.100000,0.050000 
0.110000,0.137000,0.025000 0.135000,0.100000,0.050000 0.135000,0.137000,0.050000 
0.100000,0.100000,0.000000 0.100000,0.137000,0.000000 0.075000,0.100000,0.025000 
0.100000,0.137000,0.000000 0.075000,0.100000,0.025000 0.075000,0.137000,0.025000 
0.075000,0.100000,0.025000 0.075000,0.137000,0.025000 0.100000,0.100000,0.050000 
0.075000,0.137000,0.025000 0.100000,0.100000,0.050000 0.100000,0.137000,0.050000 
0.135000,0.100000,0.050000 0.135000,0.137000,0.050000 0.110000,0.100000,0.075000 
0.135000,0.137000,0.050000 0.110000,0.100000,0.075000 0.110000,0.137000,0.075000 
0.110000,0.100000,0.075000 0.110000,0.137000,0.075000 0.135000,0.100000,0.100000 
0.110000,0.137000,0.075000 0.135000,0.100000,0.100000 0.135000,0.137000,0.100000 
0.100000,0.100000,0.050000 0.100000,0.137000,0.050000 0.075000,0.100000,0.075000 
0.100000,0.137000,0.050000 0.075000,0.100000,0.075000 0.075000,0.137000,0.075000 
0.075000,0.100000,0.075000 0.075000,0.137000,0.075000 0.100000,0.100000,0.100000 
0.075000,0.137000,0.075000 0.100000,0.100000,0.100000 0.100000,0.137000,0.100000 
0.135000,0.100000,0.100000 0.135000,0.137000,0.100000 0.110000,0.100000,0.125000 
0.135000,0.137000,0.100000 0.110000,0.100000,0.125000 0.110000,0.137000,0.125000 
0.110000,0.100000,0.125000 0.110000,0.137000,0.125000 0.135000,0.100000,0.150000 
0.110000,0.137000,0.125000 0.135000,0.100000,0.150000 0.135000,0.137000,0.150000 
0.100000,0.100000,0.100000 0.100000,0.137000,0.100000 0.075000,0.100000,0.125000 
0.100000,0.137000,0.100000 0.075000,0.100000,0.125000 0.075000,0.137000,0.125000 
0.075000,0.100000,0.125000 0.075000,0.137000,0.125000 0.100000,0.100000,0.150000 
0.075000,0.137000,0.125000 0.100000,0.100000,0.150000 0.100000,0.137000,0.150000 
0.135000,0.100000,0.150000 0.135000,0.137000,0.150000 0.110000,0.100000,0.175000 
0.135000,0.137000,0.150000 0.110000,0.100000,0.175000 0.110000,0.137000,0.175000 
0.110000,0.100000,0.175000 0.110000,0.137000,0.175000 0.135000,0.100000,0.200000 
0.110000,0.137000,0.175000 0.135000,0.100000,0.200000 0.135000,0.137000,0.200000 
0.100000,0.100000,0.150000 0.100000,0.137000,0.150000 0.075000,0.100000,0.175000 
0.100000,0.137000,0.150000 0.075000,0.100000,0.175000 0.075000,0.137000,0.175000 
0.075000,0.100000,0.175000 0.075000,0.137000,0.175000 0.100000,0.100000,0.200000 
0.075000,0.137000,0.175000 0.100000,0.100000,0.200000 0.100000,0.137000,0.200000 
0.123000,0.093000,0.000000 0.117000,0.093000,0.000000 0.123000,0.093000,0.190000 
0.123000,0.093000,0.190000 0.117000,0.093000,0.000000 0.117000,0.093000,0.190000 
0.123000,0.093000,0.000000 0.123000,0.100000,0.000000 0.123000,0.093000,0.190000 
0.123000,0.093000,0.190000 0.123000,0.100000,0.000000 0.123000,0.100000,0.190000 
0.117000,0.093000,0.000000 0.117000,0.100000,0.000000 0.117000,0.093000,0.190000 
0.117000,0.093000,0.190000 0.117000,0.100000,0.000000 0.117000,0.100000,0.190000 
0.123000,0.100000,0.000000 0.117000,0.100000,0.000000 0.123000,0.100000,0.190000 
0.123000,0.100000,0.190000 0.117000,0.100000,0.000000 0.117000,0.100000,0.190000 
0.080000,0.093000,0.000000 0.074000,0.093000,0.000000 0.080000,0.093000,0.190000 
0.080000,0.093000,0.190000 0.074000,0.093000,0.000000 0.074000,0.093000,0.190000 
0.080000,0.093000,0.000000 0.080000,0.100000,0.000000 0.080000,0.093000,0.190000 
0.080000,0.093000,0.190000 0.080000,0.100000,0.000000 0.080000,0.100000,0.190000 
0.074000,0.093000,0.000000 0.074000,0.100000,0.000000 0.074000,0.093000,0.190000 
0.074000,0.093000,0.190000 0.074000,0.100000,0.000000 0.074000,0.100000,0.190000 
0.080000,0.100000,0.000000 0.074000,0.100000,0.000000 0.080000,0.100000,0.190000 
0.080000,0.100000,0.190000 0.074000,0.100000,0.000000 0.074000,0.100000,0.190000 
0.035000,0.100000,0.000000 0.035000,0.137000,0.000000 0.010000,0.100000,0.025000 
0.035000,0.137000,0.000000 0.010000,0.100000,0.025000 0.010000,0.137000,0.025000 
0.010000,0.100000,0.025000 0.010000,0.137000,0.025000 0.035000,0.100000,0.050000 
0.010000,0.137000,0.025000 0.035000,0.100000,0.050000 0.035000,0.137000,0.050000 
0.000000,0.100000,0.000000 0.000000,0.137000,0.000000 -0.025000,0.100000,0.025000 
0.000000,0.137000,0.000000 -0.025000,0.100000,0.025000 -0.025000,0.137000,0.025000 
-0.025000,0.100000,0.025000 -0.025000,0.137000,0.025000 0.000000,0.100000,0.050000 
-0.025000,0.137000,0.025000 0.000000,0.100000,0.050000 0.000000,0.137000,0.050000 
0.035000,0.100000,0.050000 0.035000,0.137000,0.050000 0.010000,0.100000,0.075000 
0.035000,0.137000,0.050000 0.010000,0.100000,0.075000 0.010000,0.137000,0.075000 
0.010000,0.100000,0.075000 0.010000,0.137000,0.075000 0.035000,0.100000,0.100000 
0.010000,0.137000,0.075000 0.035000,0.100000,0.100000 0.035000,0.137000,0.100000 
0.000000,0.100000,0.050000 0.000000,0.137000,0.050000 -0.025000,0.100000,0.075000 
0.000000,0.137000,0.050000 -0.025000,0.100000,0.075000 -0.025000,0.137000,0.075000 
-0.025000,0.100000,0.075000 -0.025000,0.137000,0.075000 0.000000,0.100000,0.100000 
-0.025000,0.137000,0.075000 0.000000,0.100000,0.100000 0.000000,0.137000,0.100000 
0.035000,0.100000,0.100000 0.035000,0.137000,0.100000 0.010000,0.100000,0.125000 
0.035000,0.137000,0.100000 0.010000,0.100000,0.125000 0.010000,0.137000,0.125000 
0.010000,0.100000,0.125000 0.010000,0.137000,0.125000 0.035000,0.100000,0.150000 
0.010000,0.137000,0.125000 0.035000,0.100000,0.150000 0.035000,0.137000,0.150000 
0.000000,0.100000,0.100000 0.000000,0.137000,0.100000 -0.025000,0.100000,0.125000 
0.000000,0.137000,0.100000 -0.025000,0.100000,0.125000 -0.025000,0.137000,0.125000 
-0.025000,0.100000,0.125000 -0.025000,0.137000,0.125000 0.000000,0.100000,0.150000 
-0.025000,0.137000,0.125000 0.000000,0.100000,0.150000 0.000000,0.137000,0.150000 
0.035000,0.100000,0.150000 0.035000,0.137000,0.150000 0.010000,0.100000,0.175000 
0.035000,0.137000,0.150000 0.010000,0.100000,0.175000 0.010000,0.137000,0.175000 
0.010000,0.100000,0.175000 0.010000,0.137000,0.175000 0.035000,0.100000,0.200000 
0.010000,0.137000,0.175000 0.035000,0.100000,0.200000 0.035000,0.137000,0.200000 
0.000000,0.100000,0.150000 0.000000,0.137000,0.150000 -0.025000,0.100000,0.175000 
0.000000,0.137000,0.150000 -0.025000,0.100000,0.175000 -0.025000,0.137000,0.175000 
-0.025000,0.100000,0.175000 -0.025000,0.137000,0.175000 0.000000,0.100000,0.200000 
-0.025000,0.137000,0.175000 0.000000,0.100000,0.200000 0.000000,0.137000,0.200000 
0.023000,0.093000,0.000000 0.017000,0.093000,0.000000 0.023000,0.093000,0.190000 
0.023000,0.093000,0.190000 0.017000,0.093000,0.000000 0.017000,0.093000,0.190000 
0.023000,0.093000,0.000000 0.023000,0.100000,0.000000 0.023000,0.093000,0.190000 
0.023000,0.093000,0.190000 0.023000,0.100000,0.000000 0.023000,0.100000,0.190000 
0.017000,0.093000,0.000000 0.017000,0.100000,0.000000 0.017000,0.093000,0.190000 
0.017000,0.093000,0.190000 0.017000,0.100000,0.000000 0.017000,0.100000,0.190000 
0.023000,0.100000,0.000000 0.017000,0.100000,0.000000 0.023000,0.100000,0.190000 
0.023000,0.100000,0.190000 0.017000,0.100000,0.000000 0.017000,0.100000,0.190000 
-0.020000,0.093000,0.000000 -0.026000,0.093000,0.000000 -0.020000,0.093000,0.190000 
-0.020000,0.093000,0.190000 -0.026000,0.093000,0.000000 -0.026000,0.093000,0.190000 
-0.020000,0.093000,0.000000 -0.020000,0.100000,0.000000 -0.020000,0.093000,0.190000 
-0.020000,0.093000,0.190000 -0.020000,0.100000,0.000000 -0.020000,0.100000,0.190000 
-0.026000,0.093000,0.000000 -0.026000,0.100000,0.000000 -0.026000,0.093000,0.190000 
-0.026000,0.093000,0.190000 -0.026000,0.100000,0.000000 -0.026000,0.100000,0.190000 
-0.020000,0.100000,0.000000 -0.026000,0.100000,0.000000 -0.020000,0.100000,0.190000 
-0.020000,0.100000,0.190000 -0.026000,0.100000,0.000000 -0.026000,0.100000,0.190000 
