2.499999,8.096778,10.031243 2.499999,3.486154,8.096782 4.999998,6.758696,6.758701 
2.500000,3.486155,8.096781 7.500000,3.486155,8.096781 4.999999,6.758696,6.758699 
7.500001,8.096778,10.031242 2.500000,8.096777,10.031242 5.000000,6.758695,6.758700 
7.500000,3.486154,8.096781 7.500000,8.096778,10.031241 4.999999,6.758695,6.758699 
2.499999,5.420616,3.486155 2.500000,10.031239,5.420616 4.999998,6.758696,6.758699 
2.500001,10.031238,5.420616 7.500000,10.031239,5.420617 4.999999,6.758696,6.758699 
7.500000,5.420615,3.486156 2.500000,5.420616,3.486155 5.000000,6.758695,6.758699 
7.500000,10.031238,5.420616 7.499999,5.420615,3.486156 4.999998,6.758694,6.758698 
0.000000,0.213611,9.434864 0.000000,2.148073,4.824238 2.500000,3.486154,8.096781 
7.500000,10.031239,5.420618 7.500000,8.096778,10.031242 4.999999,6.758694,6.758700 
7.500000,5.420615,3.486157 7.500000,3.486155,8.096781 4.999999,6.758696,6.758699 
2.500000,8.096777,10.031241 2.500000,10.031239,5.420616 4.999999,6.758695,6.758698 
0.000000,0.213613,9.434863 -0.000000,4.824237,11.369324 2.499999,3.486154,8.096782 
-0.000000,4.824237,11.369324 2.499999,8.096778,10.031243 -0.000000,9.434859,13.303784 
2.499999,3.486154,8.096782 -0.000000,4.824237,11.369324 2.499999,8.096778,10.031243 
7.500000,3.486155,8.096781 5.000000,0.213613,9.434862 10.000000,0.213613,9.434862 
5.000000,0.213613,9.434862 2.500000,3.486155,8.096781 0.000000,0.213613,9.434862 
7.500000,3.486155,8.096781 5.000000,0.213613,9.434862 2.500000,3.486155,8.096781 
-0.000000,9.434859,13.303784 5.000001,9.434860,13.303784 2.500000,8.096777,10.031242 
10.000002,9.434860,13.303784 7.500001,8.096778,10.031242 5.000001,9.434860,13.303784 
7.500001,8.096778,10.031242 5.000001,9.434860,13.303784 2.500000,8.096777,10.031242 
7.500000,8.096778,10.031241 10.000000,4.824237,11.369323 10.000001,9.434861,13.303783 
10.000000,4.824237,11.369323 7.500000,3.486154,8.096781 10.000000,0.213612,9.434862 
7.500000,8.096778,10.031241 10.000000,4.824237,11.369323 7.500000,3.486154,8.096781 
2.500000,10.031239,5.420616 0.000000,8.693159,2.148072 0.000001,13.303782,4.082533 
0.000000,4.082535,0.213612 2.499999,5.420616,3.486155 0.000000,8.693159,2.148072 
2.500000,10.031239,5.420616 0.000000,8.693159,2.148072 2.499999,5.420616,3.486155 
10.000001,13.303781,4.082535 5.000002,13.303781,4.082534 7.500000,10.031239,5.420617 
0.000003,13.303781,4.082533 2.500001,10.031238,5.420616 5.000002,13.303781,4.082534 
2.500001,10.031238,5.420616 5.000002,13.303781,4.082534 7.500000,10.031239,5.420617 
2.500000,5.420616,3.486155 5.000000,4.082535,0.213613 0.000000,4.082535,0.213612 
5.000000,4.082535,0.213613 7.500000,5.420615,3.486156 10.000000,4.082535,0.213613 
2.500000,5.420616,3.486155 5.000000,4.082535,0.213613 7.500000,5.420615,3.486156 
7.499999,5.420615,3.486156 10.000000,8.693158,2.148074 10.000000,4.082535,0.213615 
10.000000,8.693158,2.148074 7.500000,10.031238,5.420616 10.000001,13.303781,4.082534 
7.499999,5.420615,3.486156 10.000000,8.693158,2.148074 7.500000,10.031238,5.420616 
0.000000,4.082535,0.213612 2.500000,5.420615,3.486156 0.000000,2.148073,4.824238 
2.500000,5.420615,3.486156 2.500000,3.486154,8.096781 5.000000,6.758695,6.758699 
0.000000,2.148073,4.824238 2.500000,5.420615,3.486156 2.500000,3.486154,8.096781 
10.000001,9.434860,13.303784 10.000001,11.369321,8.693160 7.500000,8.096778,10.031242 
10.000001,13.303782,4.082536 7.500000,10.031239,5.420618 10.000001,11.369321,8.693160 
7.500000,8.096778,10.031242 10.000001,11.369321,8.693160 7.500000,10.031239,5.420618 
10.000000,0.213613,9.434862 10.000000,2.148073,4.824238 7.500000,3.486155,8.096781 
10.000000,4.082534,0.213614 7.500000,5.420615,3.486157 10.000000,2.148073,4.824238 
7.500000,3.486155,8.096781 10.000000,2.148073,4.824238 7.500000,5.420615,3.486157 
0.000001,13.303782,4.082534 0.000001,11.369321,8.693159 2.500000,10.031239,5.420616 
0.000001,9.434859,13.303784 2.500000,8.096777,10.031241 0.000001,11.369321,8.693159 
2.500000,10.031239,5.420616 0.000001,11.369321,8.693159 2.500000,8.096777,10.031241 
