10.693666,9.243850,15.750263 0.693660,9.243850,15.750262 0.693660,0.098999,11.704064 
0.693660,0.098999,11.704064 10.693660,0.098999,11.704064 10.693666,9.243850,15.750263 
0.184899,11.770472,16.245392 12.492319,0.494513,11.313319 0.184899,0.494513,11.313319 
0.184899,11.770472,16.245392 12.492319,11.770472,16.245392 12.492319,0.494513,11.313319 
12.492319,16.702545,4.969433 0.184899,5.426586,0.037360 12.492319,5.426586,0.037360 
12.492319,16.702545,4.969433 0.184899,16.702545,4.969433 0.184899,5.426586,0.037360 
0.184899,0.494513,11.313319 0.184899,5.426586,0.037360 0.184899,11.770472,16.245392 
0.184899,5.426586,0.037360 0.184899,16.702545,4.969433 0.184899,11.770472,16.245392 
12.492319,5.426586,0.037360 12.492319,0.494513,11.313319 12.492319,16.702545,4.969433 
12.492319,0.494513,11.313319 12.492319,11.770472,16.245392 12.492319,16.702545,4.969433 
0.184899,16.702545,4.969433 12.492319,16.702545,4.969433 0.184899,11.770472,16.245392 
12.492319,16.702545,4.969433 12.492319,11.770472,16.245392 0.184899,11.770472,16.245392 
12.492319,5.426586,0.037360 0.184899,5.426586,0.037360 12.492319,0.494513,11.313319 
0.184899,5.426586,0.037360 0.184899,0.494513,11.313319 12.492319,0.494513,11.313319 
