0.000001,-0.000001,10.000001 5.021635,4.999999,0.706722 0.000000,5.000000,10.000001 
0.000001,-0.000001,10.000001 5.000000,-0.000000,10.000001 5.021635,4.999999,0.706722 
10.000001,0.000000,0.000000 5.000001,5.000000,0.000000 10.000001,5.000000,0.000000 
10.000001,0.000000,0.000000 5.000001,0.000000,0.000000 5.000001,5.000000,0.000000 
-0.000000,10.000002,10.000001 4.735010,5.318354,0.706725 0.000001,5.000002,10.000001 
-0.000000,10.000002,0.000000 0.000001,5.000002,0.000000 4.735010,5.000001,0.706725 
10.000000,10.000000,-0.000000 5.308259,5.318352,0.706723 10.000000,5.000000,0.000000 
10.000000,10.000000,10.000001 10.000000,5.000000,10.000001 5.308259,5.000000,0.706723 
0.000001,-0.000000,0.000001 5.000000,0.000000,0.000000 4.735010,4.681647,0.706737 
10.000001,0.000000,0.000000 5.308259,4.681648,0.706736 5.021635,4.681647,0.706723 
10.000000,10.000000,-0.000000 5.000000,10.000000,0.000000 5.308259,5.318352,0.706723 
-0.000000,10.000002,0.000000 4.735010,5.318354,0.706725 5.021635,5.318354,0.706723 
10.000000,10.000000,10.000001 5.000000,10.000000,10.000001 5.021635,4.999999,0.706722 
10.000000,10.000000,10.000001 5.021635,4.999999,0.706722 10.000000,5.000000,10.000001 
-0.000000,10.000002,0.000000 5.000001,10.000002,0.000000 5.000001,5.000002,0.000000 
10.000000,10.000000,-0.000000 10.000000,5.000000,0.000000 5.000000,10.000000,0.000000 
5.000000,5.000000,0.000000 5.000000,10.000000,0.000000 10.000000,5.000000,0.000000 
0.000001,-0.000000,0.000001 0.000000,5.000000,0.000000 5.000000,0.000000,0.000000 
-0.000000,10.000002,0.000000 5.000001,5.000002,0.000000 0.000001,5.000002,0.000000 
5.000000,0.000000,0.000000 0.000000,5.000000,0.000000 5.000000,5.000000,0.000000 
-0.000000,10.000002,0.000000 4.735010,5.000001,0.706725 4.735010,5.318354,0.706725 
0.000001,-0.000001,10.000001 0.000000,5.000000,10.000001 4.735010,5.000000,0.706725 
4.735010,5.318352,0.706725 4.735010,5.000000,0.706725 0.000000,5.000000,10.000001 
0.000001,-0.000000,0.000001 4.735010,4.681647,0.706737 0.000000,5.000000,0.000000 
0.000001,-0.000001,10.000001 4.735010,5.000000,0.706725 4.735010,4.681647,0.706737 
0.000000,5.000000,0.000000 4.735010,4.681647,0.706737 4.735010,5.000000,0.706725 
10.000000,10.000000,10.000001 5.308259,5.000000,0.706723 5.308259,5.318352,0.706723 
10.000001,0.000000,0.000000 10.000001,5.000000,0.000000 5.308259,5.000000,0.706723 
5.308259,5.318352,0.706723 5.308259,5.000000,0.706723 10.000000,5.000000,0.000000 
10.000001,0.000000,10.000002 5.308259,4.681648,0.706736 10.000001,5.000000,10.000001 
10.000001,0.000000,0.000000 5.308259,5.000000,0.706723 5.308259,4.681648,0.706736 
10.000000,5.000000,10.000001 5.308259,4.681648,0.706736 5.308259,5.000000,0.706723 
10.000001,0.000000,0.000000 5.021635,4.681647,0.706723 5.000001,0.000000,0.000000 
0.000001,-0.000001,10.000001 4.735010,4.681647,0.706737 5.021635,4.681647,0.706723 
5.000000,0.000000,0.000000 5.021635,4.681647,0.706723 4.735010,4.681647,0.706737 
10.000001,0.000000,10.000002 5.000001,0.000000,10.000001 5.308259,4.681648,0.706736 
0.000001,-0.000001,10.000001 5.021635,4.681647,0.706723 5.000000,-0.000000,10.000001 
5.308259,4.681648,0.706736 5.000000,-0.000000,10.000001 5.021635,4.681647,0.706723 
-0.000000,10.000002,0.000000 5.021635,5.318354,0.706723 5.000001,10.000002,0.000000 
10.000000,10.000000,10.000001 5.308259,5.318352,0.706723 5.021635,5.318352,0.706723 
5.000000,10.000000,0.000000 5.021635,5.318352,0.706723 5.308259,5.318352,0.706723 
-0.000000,10.000002,10.000001 5.000001,10.000002,10.000001 4.735010,5.318354,0.706725 
10.000000,10.000000,10.000001 5.021635,5.318352,0.706723 5.000000,10.000000,10.000001 
4.735010,5.318352,0.706725 5.000000,10.000000,10.000001 5.021635,5.318352,0.706723 
4.735009,5.318354,0.706729 0.000001,10.000002,10.000001 -0.000000,10.000002,-0.000001 
4.735011,4.681647,0.706729 0.000002,-0.000000,10.000001 0.000001,-0.000000,-0.000001 
5.308258,4.681647,0.706729 10.000001,0.000001,10.000001 10.000001,0.000000,-0.000001 
5.308258,5.318352,0.706729 10.000001,10.000000,10.000001 10.000002,10.000000,-0.000001 
