0.000003,-0.000000,40.000006 5.000002,5.000000,30.187496 0.000002,5.000001,40.000006 
0.000003,-0.000000,40.000006 5.000002,0.000001,40.000006 5.000002,5.000000,30.187496 
10.000003,0.000001,30.000005 5.000003,5.000001,30.000005 10.000003,5.000001,30.000005 
10.000003,0.000001,30.000005 5.000003,0.000001,30.000005 5.000003,5.000001,30.000005 
0.000002,10.000003,40.000006 4.713378,5.318355,30.187499 0.000003,5.000003,40.000006 
0.000002,10.000003,30.000005 0.000003,5.000003,30.000005 4.713378,5.000002,30.187499 
10.000002,10.000001,30.000005 5.286626,5.318353,30.187497 10.000002,5.000001,30.000005 
10.000002,10.000001,40.000006 10.000002,5.000001,40.000006 5.286626,5.000001,30.187497 
0.000003,0.000001,30.000006 5.000002,0.000001,30.000005 4.713377,4.681648,30.187511 
10.000003,0.000001,30.000005 5.286627,4.681649,30.187510 5.000003,4.681648,30.187497 
10.000002,10.000001,30.000005 5.000002,10.000001,30.000005 5.286626,5.318353,30.187497 
0.000002,10.000003,30.000005 4.713378,5.318355,30.187499 5.000003,5.318355,30.187497 
10.000002,10.000001,40.000006 5.000002,10.000001,40.000006 5.000002,5.000000,30.187496 
10.000002,10.000001,40.000006 5.000002,5.000000,30.187496 10.000002,5.000001,40.000006 
0.000002,10.000003,30.000005 5.000003,10.000003,30.000005 5.000003,5.000003,30.000005 
10.000002,10.000001,30.000005 10.000002,5.000001,30.000005 5.000002,10.000001,30.000005 
5.000002,5.000001,30.000005 5.000002,10.000001,30.000005 10.000002,5.000001,30.000005 
0.000003,0.000001,30.000006 0.000002,5.000001,30.000005 5.000002,0.000001,30.000005 
0.000002,10.000003,30.000005 5.000003,5.000003,30.000005 0.000003,5.000003,30.000005 
5.000002,0.000001,30.000005 0.000002,5.000001,30.000005 5.000002,5.000001,30.000005 
0.000002,10.000003,30.000005 4.713378,5.000002,30.187499 4.713378,5.318355,30.187499 
0.000003,-0.000000,40.000006 0.000002,5.000001,40.000006 4.713377,5.000001,30.187499 
4.713377,5.318353,30.187499 4.713377,5.000001,30.187499 0.000002,5.000001,40.000006 
0.000003,0.000001,30.000006 4.713377,4.681648,30.187511 0.000002,5.000001,30.000005 
0.000003,-0.000000,40.000006 4.713377,5.000001,30.187499 4.713377,4.681648,30.187511 
0.000002,5.000001,30.000005 4.713377,4.681648,30.187511 4.713377,5.000001,30.187499 
10.000002,10.000001,40.000006 5.286626,5.000001,30.187497 5.286626,5.318353,30.187497 
10.000003,0.000001,30.000005 10.000003,5.000001,30.000005 5.286627,5.000001,30.187497 
5.286626,5.318353,30.187497 5.286626,5.000001,30.187497 10.000002,5.000001,30.000005 
10.000003,0.000001,40.000007 5.286627,4.681649,30.187510 10.000003,5.000001,40.000006 
10.000003,0.000001,30.000005 5.286627,5.000001,30.187497 5.286627,4.681649,30.187510 
10.000002,5.000001,40.000006 5.286626,4.681649,30.187510 5.286626,5.000001,30.187497 
10.000003,0.000001,30.000005 5.000003,4.681648,30.187497 5.000003,0.000001,30.000005 
0.000003,-0.000000,40.000006 4.713377,4.681648,30.187511 5.000002,4.681648,30.187497 
5.000002,0.000001,30.000005 5.000002,4.681648,30.187497 4.713377,4.681648,30.187511 
10.000003,0.000001,40.000007 5.000003,0.000001,40.000006 5.286627,4.681649,30.187510 
0.000003,-0.000000,40.000006 5.000002,4.681648,30.187497 5.000002,0.000001,40.000006 
5.286626,4.681649,30.187510 5.000002,0.000001,40.000006 5.000002,4.681648,30.187497 
0.000002,10.000003,30.000005 5.000003,5.318355,30.187497 5.000003,10.000003,30.000005 
10.000002,10.000001,40.000006 5.286626,5.318353,30.187497 5.000002,5.318353,30.187497 
5.000002,10.000001,30.000005 5.000002,5.318353,30.187497 5.286626,5.318353,30.187497 
0.000002,10.000003,40.000006 5.000003,10.000003,40.000006 4.713378,5.318355,30.187499 
10.000002,10.000001,40.000006 5.000002,5.318353,30.187497 5.000002,10.000001,40.000006 
4.713377,5.318353,30.187499 5.000002,10.000001,40.000006 5.000002,5.318353,30.187497 
4.713377,5.318355,30.187503 0.000003,10.000003,40.000006 0.000002,10.000003,30.000004 
4.713378,4.681648,30.187503 0.000004,0.000001,40.000006 0.000003,0.000001,30.000004 
5.286626,4.681648,30.187503 10.000003,0.000002,40.000006 10.000003,0.000001,30.000004 
5.286625,5.318353,30.187503 10.000003,10.000001,40.000006 10.000004,10.000001,30.000004 
0.000002,-0.000000,30.000004 5.000001,5.000000,20.187494 0.000001,5.000001,30.000004 
0.000002,-0.000000,30.000004 5.000001,0.000001,30.000004 5.000001,5.000000,20.187494 
10.000002,0.000001,20.000003 5.000002,5.000001,20.000003 10.000002,5.000001,20.000003 
10.000002,0.000001,20.000003 5.000002,0.000001,20.000003 5.000002,5.000001,20.000003 
0.000001,10.000002,30.000004 4.713377,5.318355,20.187497 0.000002,5.000002,30.000004 
0.000001,10.000002,20.000003 0.000002,5.000002,20.000003 4.713377,5.000001,20.187497 
10.000001,10.000001,20.000003 5.286625,5.318353,20.187495 10.000001,5.000001,20.000003 
10.000001,10.000001,30.000004 10.000001,5.000001,30.000004 5.286625,5.000001,20.187495 
0.000002,0.000001,20.000004 5.000001,0.000001,20.000003 4.713376,4.681647,20.187509 
10.000002,0.000001,20.000003 5.286626,4.681648,20.187508 5.000002,4.681647,20.187495 
10.000001,10.000001,20.000003 5.000001,10.000001,20.000003 5.286625,5.318353,20.187495 
0.000001,10.000002,20.000003 4.713377,5.318355,20.187497 5.000002,5.318355,20.187495 
10.000001,10.000001,30.000004 5.000001,10.000001,30.000004 5.000001,5.000000,20.187494 
10.000001,10.000001,30.000004 5.000001,5.000000,20.187494 10.000001,5.000001,30.000004 
0.000001,10.000002,20.000003 5.000002,10.000002,20.000003 5.000002,5.000002,20.000003 
10.000001,10.000001,20.000003 10.000001,5.000001,20.000003 5.000001,10.000001,20.000003 
5.000001,5.000001,20.000003 5.000001,10.000001,20.000003 10.000001,5.000001,20.000003 
0.000002,0.000001,20.000004 0.000001,5.000001,20.000003 5.000001,0.000001,20.000003 
0.000001,10.000002,20.000003 5.000002,5.000002,20.000003 0.000002,5.000002,20.000003 
5.000001,0.000001,20.000003 0.000001,5.000001,20.000003 5.000001,5.000001,20.000003 
0.000001,10.000002,20.000003 4.713377,5.000001,20.187497 4.713377,5.318355,20.187497 
0.000002,-0.000000,30.000004 0.000001,5.000001,30.000004 4.713376,5.000001,20.187497 
4.713376,5.318353,20.187497 4.713376,5.000001,20.187497 0.000001,5.000001,30.000004 
0.000002,0.000001,20.000004 4.713376,4.681647,20.187509 0.000001,5.000001,20.000003 
0.000002,-0.000000,30.000004 4.713376,5.000001,20.187497 4.713376,4.681647,20.187509 
0.000001,5.000001,20.000003 4.713376,4.681647,20.187509 4.713376,5.000001,20.187497 
10.000001,10.000001,30.000004 5.286625,5.000001,20.187495 5.286625,5.318353,20.187495 
10.000002,0.000001,20.000003 10.000002,5.000001,20.000003 5.286626,5.000001,20.187495 
5.286625,5.318353,20.187495 5.286625,5.000001,20.187495 10.000001,5.000001,20.000003 
10.000002,0.000001,30.000005 5.286626,4.681648,20.187508 10.000002,5.000001,30.000004 
10.000002,0.000001,20.000003 5.286626,5.000001,20.187495 5.286626,4.681648,20.187508 
10.000001,5.000001,30.000004 5.286625,4.681648,20.187508 5.286625,5.000001,20.187495 
10.000002,0.000001,20.000003 5.000002,4.681647,20.187495 5.000002,0.000001,20.000003 
0.000002,-0.000000,30.000004 4.713376,4.681647,20.187509 5.000001,4.681647,20.187495 
5.000001,0.000001,20.000003 5.000001,4.681647,20.187495 4.713376,4.681647,20.187509 
10.000002,0.000001,30.000005 5.000002,0.000001,30.000004 5.286626,4.681648,20.187508 
0.000002,-0.000000,30.000004 5.000001,4.681647,20.187495 5.000001,0.000001,30.000004 
5.286625,4.681648,20.187508 5.000001,0.000001,30.000004 5.000001,4.681647,20.187495 
0.000001,10.000002,20.000003 5.000002,5.318355,20.187495 5.000002,10.000002,20.000003 
10.000001,10.000001,30.000004 5.286625,5.318353,20.187495 5.000001,5.318353,20.187495 
5.000001,10.000001,20.000003 5.000001,5.318353,20.187495 5.286625,5.318353,20.187495 
0.000001,10.000002,30.000004 5.000002,10.000002,30.000004 4.713377,5.318355,20.187497 
10.000001,10.000001,30.000004 5.000001,5.318353,20.187495 5.000001,10.000001,30.000004 
4.713376,5.318353,20.187497 5.000001,10.000001,30.000004 5.000001,5.318353,20.187495 
4.713376,5.318355,20.187501 0.000002,10.000002,30.000004 0.000001,10.000002,20.000002 
4.713377,4.681647,20.187501 0.000003,0.000001,30.000004 0.000002,0.000001,20.000002 
5.286625,4.681647,20.187501 10.000002,0.000002,30.000004 10.000002,0.000001,20.000002 
5.286624,5.318353,20.187501 10.000002,10.000001,30.000004 10.000003,10.000001,20.000002 
0.000002,-0.000001,20.000002 5.000000,5.000000,10.187493 0.000001,5.000000,20.000002 
0.000002,-0.000001,20.000002 5.000000,0.000000,20.000002 5.000000,5.000000,10.187493 
10.000002,0.000000,10.000002 5.000001,5.000000,10.000002 10.000002,5.000000,10.000002 
10.000002,0.000000,10.000002 5.000001,0.000000,10.000002 5.000001,5.000000,10.000002 
0.000001,10.000002,20.000002 4.713377,5.318355,10.187496 0.000002,5.000002,20.000002 
0.000001,10.000002,10.000002 0.000002,5.000002,10.000002 4.713377,5.000001,10.187496 
10.000001,10.000000,10.000002 5.286624,5.318353,10.187494 10.000001,5.000000,10.000002 
10.000001,10.000000,20.000002 10.000001,5.000000,20.000002 5.286624,5.000000,10.187494 
0.000002,0.000000,10.000003 5.000000,0.000000,10.000002 4.713376,4.681647,10.187508 
10.000002,0.000000,10.000002 5.286625,4.681648,10.187507 5.000001,4.681647,10.187494 
10.000001,10.000000,10.000002 5.000000,10.000000,10.000002 5.286624,5.318353,10.187494 
0.000001,10.000002,10.000002 4.713377,5.318355,10.187496 5.000001,5.318355,10.187494 
10.000001,10.000000,20.000002 5.000000,10.000000,20.000002 5.000000,5.000000,10.187493 
10.000001,10.000000,20.000002 5.000000,5.000000,10.187493 10.000001,5.000000,20.000002 
0.000001,10.000002,10.000002 5.000001,10.000002,10.000002 5.000001,5.000002,10.000002 
10.000001,10.000000,10.000002 10.000001,5.000000,10.000002 5.000000,10.000000,10.000002 
5.000000,5.000000,10.000002 5.000000,10.000000,10.000002 10.000001,5.000000,10.000002 
0.000002,0.000000,10.000003 0.000001,5.000000,10.000002 5.000000,0.000000,10.000002 
0.000001,10.000002,10.000002 5.000001,5.000002,10.000002 0.000002,5.000002,10.000002 
5.000000,0.000000,10.000002 0.000001,5.000000,10.000002 5.000000,5.000000,10.000002 
0.000001,10.000002,10.000002 4.713377,5.000001,10.187496 4.713377,5.318355,10.187496 
0.000002,-0.000001,20.000002 0.000001,5.000000,20.000002 4.713376,5.000000,10.187496 
4.713376,5.318353,10.187496 4.713376,5.000000,10.187496 0.000001,5.000000,20.000002 
0.000002,0.000000,10.000003 4.713376,4.681647,10.187508 0.000001,5.000000,10.000002 
0.000002,-0.000001,20.000002 4.713376,5.000000,10.187496 4.713376,4.681647,10.187508 
0.000001,5.000000,10.000002 4.713376,4.681647,10.187508 4.713376,5.000000,10.187496 
10.000001,10.000000,20.000002 5.286624,5.000000,10.187494 5.286624,5.318353,10.187494 
10.000002,0.000000,10.000002 10.000002,5.000000,10.000002 5.286625,5.000000,10.187494 
5.286624,5.318353,10.187494 5.286624,5.000000,10.187494 10.000001,5.000000,10.000002 
10.000002,0.000000,20.000004 5.286625,4.681648,10.187507 10.000002,5.000000,20.000002 
10.000002,0.000000,10.000002 5.286625,5.000000,10.187494 5.286625,4.681648,10.187507 
10.000001,5.000000,20.000002 5.286624,4.681648,10.187507 5.286624,5.000000,10.187494 
10.000002,0.000000,10.000002 5.000001,4.681647,10.187494 5.000001,0.000000,10.000002 
0.000002,-0.000001,20.000002 4.713376,4.681647,10.187508 5.000000,4.681647,10.187494 
5.000000,0.000000,10.000002 5.000000,4.681647,10.187494 4.713376,4.681647,10.187508 
10.000002,0.000000,20.000004 5.000001,0.000000,20.000002 5.286625,4.681648,10.187507 
0.000002,-0.000001,20.000002 5.000000,4.681647,10.187494 5.000000,0.000000,20.000002 
5.286624,4.681648,10.187507 5.000000,0.000000,20.000002 5.000000,4.681647,10.187494 
0.000001,10.000002,10.000002 5.000001,5.318355,10.187494 5.000001,10.000002,10.000002 
10.000001,10.000000,20.000002 5.286624,5.318353,10.187494 5.000000,5.318353,10.187494 
5.000000,10.000000,10.000002 5.000000,5.318353,10.187494 5.286624,5.318353,10.187494 
0.000001,10.000002,20.000002 5.000001,10.000002,20.000002 4.713377,5.318355,10.187496 
10.000001,10.000000,20.000002 5.000000,5.318353,10.187494 5.000000,10.000000,20.000002 
4.713376,5.318353,10.187496 5.000000,10.000000,20.000002 5.000000,5.318353,10.187494 
4.713376,5.318355,10.187500 0.000002,10.000002,20.000002 0.000001,10.000002,10.000001 
4.713377,4.681647,10.187500 0.000003,0.000000,20.000002 0.000002,0.000000,10.000001 
5.286624,4.681647,10.187500 10.000002,0.000001,20.000002 10.000002,0.000000,10.000001 
5.286623,5.318353,10.187500 10.000002,10.000000,20.000002 10.000003,10.000000,10.000001 
0.000001,-0.000001,10.000001 5.000000,4.999999,0.187491 0.000000,5.000000,10.000001 
0.000001,-0.000001,10.000001 5.000000,0.000000,10.000001 5.000000,4.999999,0.187491 
10.000001,0.000000,0.000000 5.000001,5.000000,0.000000 10.000001,5.000000,0.000000 
10.000001,0.000000,0.000000 5.000001,0.000000,0.000000 5.000001,5.000000,0.000000 
0.000000,10.000002,10.000001 4.713376,5.318354,0.187494 0.000001,5.000002,10.000001 
0.000000,10.000002,0.000000 0.000001,5.000002,0.000000 4.713376,5.000001,0.187494 
10.000000,10.000000,0.000000 5.286624,5.318352,0.187492 10.000000,5.000000,0.000000 
10.000000,10.000000,10.000001 10.000000,5.000000,10.000001 5.286624,5.000000,0.187492 
0.000001,0.000000,0.000001 5.000000,0.000000,0.000000 4.713375,4.681647,0.187506 
10.000001,0.000000,0.000000 5.286625,4.681648,0.187505 5.000001,4.681647,0.187492 
10.000000,10.000000,0.000000 5.000000,10.000000,0.000000 5.286624,5.318352,0.187492 
0.000000,10.000002,0.000000 4.713376,5.318354,0.187494 5.000001,5.318354,0.187492 
10.000000,10.000000,10.000001 5.000000,10.000000,10.000001 5.000000,4.999999,0.187491 
10.000000,10.000000,10.000001 5.000000,4.999999,0.187491 10.000000,5.000000,10.000001 
0.000000,10.000002,0.000000 5.000001,10.000002,0.000000 5.000001,5.000002,0.000000 
10.000000,10.000000,0.000000 10.000000,5.000000,0.000000 5.000000,10.000000,0.000000 
5.000000,5.000000,0.000000 5.000000,10.000000,0.000000 10.000000,5.000000,0.000000 
0.000001,0.000000,0.000001 0.000000,5.000000,0.000000 5.000000,0.000000,0.000000 
0.000000,10.000002,0.000000 5.000001,5.000002,0.000000 0.000001,5.000002,0.000000 
5.000000,0.000000,0.000000 0.000000,5.000000,0.000000 5.000000,5.000000,0.000000 
0.000000,10.000002,0.000000 4.713376,5.000001,0.187494 4.713376,5.318354,0.187494 
0.000001,-0.000001,10.000001 0.000000,5.000000,10.000001 4.713375,5.000000,0.187494 
4.713375,5.318352,0.187494 4.713375,5.000000,0.187494 0.000000,5.000000,10.000001 
0.000001,0.000000,0.000001 4.713375,4.681647,0.187506 0.000000,5.000000,0.000000 
0.000001,-0.000001,10.000001 4.713375,5.000000,0.187494 4.713375,4.681647,0.187506 
0.000000,5.000000,0.000000 4.713375,4.681647,0.187506 4.713375,5.000000,0.187494 
10.000000,10.000000,10.000001 5.286624,5.000000,0.187492 5.286624,5.318352,0.187492 
10.000001,0.000000,0.000000 10.000001,5.000000,0.000000 5.286625,5.000000,0.187492 
5.286624,5.318352,0.187492 5.286624,5.000000,0.187492 10.000000,5.000000,0.000000 
10.000001,0.000000,10.000002 5.286625,4.681648,0.187505 10.000001,5.000000,10.000001 
10.000001,0.000000,0.000000 5.286625,5.000000,0.187492 5.286625,4.681648,0.187505 
10.000000,5.000000,10.000001 5.286624,4.681648,0.187505 5.286624,5.000000,0.187492 
10.000001,0.000000,0.000000 5.000001,4.681647,0.187492 5.000001,0.000000,0.000000 
0.000001,-0.000001,10.000001 4.713375,4.681647,0.187506 5.000000,4.681647,0.187492 
5.000000,0.000000,0.000000 5.000000,4.681647,0.187492 4.713375,4.681647,0.187506 
10.000001,0.000000,10.000002 5.000001,0.000000,10.000001 5.286625,4.681648,0.187505 
0.000001,-0.000001,10.000001 5.000000,4.681647,0.187492 5.000000,0.000000,10.000001 
5.286624,4.681648,0.187505 5.000000,0.000000,10.000001 5.000000,4.681647,0.187492 
0.000000,10.000002,0.000000 5.000001,5.318354,0.187492 5.000001,10.000002,0.000000 
10.000000,10.000000,10.000001 5.286624,5.318352,0.187492 5.000000,5.318352,0.187492 
5.000000,10.000000,0.000000 5.000000,5.318352,0.187492 5.286624,5.318352,0.187492 
0.000000,10.000002,10.000001 5.000001,10.000002,10.000001 4.713376,5.318354,0.187494 
10.000000,10.000000,10.000001 5.000000,5.318352,0.187492 5.000000,10.000000,10.000001 
4.713375,5.318352,0.187494 5.000000,10.000000,10.000001 5.000000,5.318352,0.187492 
4.713375,5.318354,0.187498 0.000001,10.000002,10.000001 0.000000,10.000002,-0.000001 
4.713376,4.681647,0.187498 0.000002,0.000000,10.000001 0.000001,0.000000,-0.000001 
5.286624,4.681647,0.187498 10.000001,0.000001,10.000001 10.000001,0.000000,-0.000001 
5.286623,5.318352,0.187498 10.000001,10.000000,10.000001 10.000002,10.000000,-0.000001 
