0.000001,-0.000001,10.000001 5.000008,5.000000,7.423054 0.000000,5.000000,10.000001 
0.000001,-0.000001,10.000001 5.000000,-0.000000,10.000001 5.000008,5.000000,7.423054 
10.000000,0.000000,0.000000 5.000000,5.000000,2.423078 10.000000,5.000000,0.000000 
10.000000,0.000000,0.000000 5.000000,0.000000,0.000000 5.000000,5.000000,2.423078 
-0.000001,10.000000,10.000001 2.147263,8.159710,7.423057 0.000000,5.000000,10.000001 
-0.000001,10.000000,0.000000 0.000000,5.000000,0.000000 2.147264,5.000004,7.423057 
10.000000,10.000000,-0.000000 7.852747,8.159710,7.423056 10.000000,5.000000,0.000000 
10.000000,10.000000,10.000001 10.000000,5.000000,10.000001 7.852747,5.000004,7.423056 
0.000001,-0.000000,0.000001 5.000000,0.000000,0.000000 2.147264,1.840298,7.423102 
10.000000,0.000000,0.000000 7.852747,1.840298,7.423099 5.000006,1.840298,7.423057 
10.000000,10.000000,-0.000000 5.000000,10.000000,0.000000 7.852747,8.159710,7.423056 
-0.000001,10.000000,0.000000 2.147263,8.159710,7.423057 5.000005,8.159710,7.423057 
10.000000,10.000000,10.000001 5.000000,10.000000,10.000001 5.000008,5.000000,7.423054 
-0.000001,10.000000,10.000001 0.000000,5.000000,10.000001 5.000000,10.000000,10.000001 
5.000008,5.000000,7.423054 5.000000,10.000000,10.000001 0.000000,5.000000,10.000001 
10.000000,0.000000,10.000002 10.000000,5.000000,10.000001 5.000000,-0.000000,10.000001 
10.000000,10.000000,10.000001 5.000008,5.000000,7.423054 10.000000,5.000000,10.000001 
5.000000,-0.000000,10.000001 10.000000,5.000000,10.000001 5.000008,5.000000,7.423054 
-0.000001,10.000000,0.000000 5.000000,10.000000,0.000000 5.000000,5.000000,2.423078 
10.000000,10.000000,-0.000000 10.000000,5.000000,0.000000 5.000000,10.000000,0.000000 
5.000000,5.000000,2.423078 5.000000,10.000000,0.000000 10.000000,5.000000,0.000000 
0.000001,-0.000000,0.000001 0.000000,5.000000,0.000000 5.000000,0.000000,0.000000 
-0.000001,10.000000,0.000000 5.000000,5.000000,2.423078 0.000000,5.000000,0.000000 
5.000000,0.000000,0.000000 0.000000,5.000000,0.000000 5.000000,5.000000,2.423078 
-0.000001,10.000000,0.000000 2.147264,5.000004,7.423057 2.147263,8.159710,7.423057 
0.000001,-0.000001,10.000001 0.000000,5.000000,10.000001 2.147264,5.000004,7.423057 
2.147263,8.159710,7.423057 2.147264,5.000004,7.423057 0.000000,5.000000,10.000001 
0.000001,-0.000000,0.000001 2.147264,1.840298,7.423102 0.000000,5.000000,0.000000 
0.000001,-0.000001,10.000001 2.147264,5.000004,7.423057 2.147264,1.840298,7.423102 
0.000000,5.000000,0.000000 2.147264,1.840298,7.423102 2.147264,5.000004,7.423057 
10.000000,10.000000,10.000001 7.852747,5.000004,7.423056 7.852747,8.159710,7.423056 
10.000000,0.000000,0.000000 10.000000,5.000000,0.000000 7.852747,5.000004,7.423056 
7.852747,8.159710,7.423056 7.852747,5.000004,7.423056 10.000000,5.000000,0.000000 
10.000000,0.000000,10.000002 7.852747,1.840298,7.423099 10.000000,5.000000,10.000001 
10.000000,0.000000,0.000000 7.852747,5.000004,7.423056 7.852747,1.840298,7.423099 
10.000000,5.000000,10.000001 7.852747,1.840298,7.423099 7.852747,5.000004,7.423056 
10.000000,0.000000,0.000000 5.000006,1.840298,7.423057 5.000000,0.000000,0.000000 
0.000001,-0.000001,10.000001 2.147264,1.840298,7.423102 5.000006,1.840298,7.423057 
5.000000,0.000000,0.000000 5.000006,1.840298,7.423057 2.147264,1.840298,7.423102 
10.000000,0.000000,10.000002 5.000000,-0.000000,10.000001 7.852747,1.840298,7.423099 
0.000001,-0.000001,10.000001 5.000006,1.840298,7.423057 5.000000,-0.000000,10.000001 
7.852747,1.840298,7.423099 5.000000,-0.000000,10.000001 5.000006,1.840298,7.423057 
-0.000001,10.000000,0.000000 5.000005,8.159710,7.423057 5.000000,10.000000,0.000000 
10.000000,10.000000,10.000001 7.852747,8.159710,7.423056 5.000005,8.159710,7.423057 
5.000000,10.000000,0.000000 5.000005,8.159710,7.423057 7.852747,8.159710,7.423056 
-0.000001,10.000000,10.000001 5.000000,10.000000,10.000001 2.147263,8.159710,7.423057 
10.000000,10.000000,10.000001 5.000005,8.159710,7.423057 5.000000,10.000000,10.000001 
2.147263,8.159710,7.423057 5.000000,10.000000,10.000001 5.000005,8.159710,7.423057 
2.147250,8.159709,7.423078 -0.000000,10.000000,10.000001 -0.000001,10.000001,-0.000001 
2.147266,1.840289,7.423078 0.000002,-0.000000,10.000001 0.000001,-0.000000,-0.000001 
7.852745,1.840291,7.423078 10.000000,0.000001,10.000001 10.000000,-0.000000,-0.000001 
7.852745,8.159707,7.423078 10.000001,10.000000,10.000001 10.000002,10.000000,-0.000001 
