0.000001,-0.000001,10.000001 4.961538,4.999999,7.153840 0.000000,5.000000,10.000001 
0.000001,-0.000001,10.000001 5.000000,-0.000000,10.000001 4.961538,4.999999,7.153840 
10.000000,0.000000,0.000000 5.000000,5.000000,0.000000 10.000000,5.000000,0.000000 
10.000000,0.000000,0.000000 5.000000,0.000000,0.000000 5.000000,5.000000,0.000000 
-0.000001,10.000000,10.000001 4.674914,5.318352,7.153842 0.000000,5.000000,10.000001 
-0.000001,10.000000,0.000000 0.000000,5.000000,0.000000 4.674914,5.000000,7.153842 
10.000000,10.000000,-0.000000 5.248162,5.318352,7.153841 10.000000,5.000000,0.000000 
10.000000,10.000000,10.000001 10.000000,5.000000,10.000001 5.248162,5.000000,7.153841 
0.000001,-0.000000,0.000001 5.000000,0.000000,0.000000 4.674914,4.681647,7.153854 
10.000000,0.000000,0.000000 5.248162,4.681648,7.153853 4.961538,4.681647,7.153841 
10.000000,10.000000,-0.000000 5.000000,10.000000,0.000000 5.248162,5.318352,7.153841 
-0.000001,10.000000,0.000000 4.674914,5.318352,7.153842 4.961538,5.318352,7.153841 
10.000000,10.000000,10.000001 5.000000,10.000000,10.000001 4.961538,4.999999,7.153840 
-0.000001,10.000000,10.000001 0.000000,5.000000,10.000001 5.000000,10.000000,10.000001 
4.961538,4.999999,7.153840 5.000000,10.000000,10.000001 0.000000,5.000000,10.000001 
10.000000,0.000000,10.000002 10.000000,5.000000,10.000001 5.000000,-0.000000,10.000001 
10.000000,10.000000,10.000001 4.961538,4.999999,7.153840 10.000000,5.000000,10.000001 
5.000000,-0.000000,10.000001 10.000000,5.000000,10.000001 4.961538,4.999999,7.153840 
-0.000001,10.000000,0.000000 5.000000,10.000000,0.000000 5.000000,5.000000,0.000000 
10.000000,10.000000,-0.000000 10.000000,5.000000,0.000000 5.000000,10.000000,0.000000 
5.000000,5.000000,0.000000 5.000000,10.000000,0.000000 10.000000,5.000000,0.000000 
0.000001,-0.000000,0.000001 0.000000,5.000000,0.000000 5.000000,0.000000,0.000000 
-0.000001,10.000000,0.000000 5.000000,5.000000,0.000000 0.000000,5.000000,0.000000 
5.000000,0.000000,0.000000 0.000000,5.000000,0.000000 5.000000,5.000000,0.000000 
-0.000001,10.000000,0.000000 4.674914,5.000000,7.153842 4.674914,5.318352,7.153842 
0.000001,-0.000001,10.000001 0.000000,5.000000,10.000001 4.674914,5.000000,7.153842 
4.674914,5.318352,7.153842 4.674914,5.000000,7.153842 0.000000,5.000000,10.000001 
0.000001,-0.000000,0.000001 4.674914,4.681647,7.153854 0.000000,5.000000,0.000000 
0.000001,-0.000001,10.000001 4.674914,5.000000,7.153842 4.674914,4.681647,7.153854 
0.000000,5.000000,0.000000 4.674914,4.681647,7.153854 4.674914,5.000000,7.153842 
10.000000,10.000000,10.000001 5.248162,5.000000,7.153841 5.248162,5.318352,7.153841 
10.000000,0.000000,0.000000 10.000000,5.000000,0.000000 5.248162,5.000000,7.153841 
5.248162,5.318352,7.153841 5.248162,5.000000,7.153841 10.000000,5.000000,0.000000 
10.000000,0.000000,10.000002 5.248162,4.681648,7.153853 10.000000,5.000000,10.000001 
10.000000,0.000000,0.000000 5.248162,5.000000,7.153841 5.248162,4.681648,7.153853 
10.000000,5.000000,10.000001 5.248162,4.681648,7.153853 5.248162,5.000000,7.153841 
10.000000,0.000000,0.000000 4.961538,4.681647,7.153841 5.000000,0.000000,0.000000 
0.000001,-0.000001,10.000001 4.674914,4.681647,7.153854 4.961538,4.681647,7.153841 
5.000000,0.000000,0.000000 4.961538,4.681647,7.153841 4.674914,4.681647,7.153854 
10.000000,0.000000,10.000002 5.000000,-0.000000,10.000001 5.248162,4.681648,7.153853 
0.000001,-0.000001,10.000001 4.961538,4.681647,7.153841 5.000000,-0.000000,10.000001 
5.248162,4.681648,7.153853 5.000000,-0.000000,10.000001 4.961538,4.681647,7.153841 
-0.000001,10.000000,0.000000 4.961538,5.318352,7.153841 5.000000,10.000000,0.000000 
10.000000,10.000000,10.000001 5.248162,5.318352,7.153841 4.961538,5.318352,7.153841 
5.000000,10.000000,0.000000 4.961538,5.318352,7.153841 5.248162,5.318352,7.153841 
-0.000001,10.000000,10.000001 5.000000,10.000000,10.000001 4.674914,5.318352,7.153842 
10.000000,10.000000,10.000001 4.961538,5.318352,7.153841 5.000000,10.000000,10.000001 
4.674914,5.318352,7.153842 5.000000,10.000000,10.000001 4.961538,5.318352,7.153841 
4.674913,5.318352,7.153847 -0.000000,10.000000,10.000001 -0.000001,10.000001,-0.000001 
4.674914,4.681647,7.153847 0.000002,-0.000000,10.000001 0.000001,-0.000000,-0.000001 
5.248161,4.681647,7.153847 10.000000,0.000001,10.000001 10.000000,-0.000000,-0.000001 
5.248161,5.318352,7.153847 10.000001,10.000000,10.000001 10.000002,10.000000,-0.000001 
