0.000001,-0.000001,10.000001 5.000002,5.000000,2.153828 0.000000,5.000000,10.000001 
0.000001,-0.000001,10.000001 5.000000,-0.000000,10.000001 5.000002,5.000000,2.153828 
10.000000,0.000000,0.000000 5.000000,5.000000,0.000000 10.000000,5.000000,0.000000 
10.000000,0.000000,0.000000 5.000000,0.000000,0.000000 5.000000,5.000000,0.000000 
-0.000001,10.000000,10.000001 3.954602,5.973513,2.153831 0.000000,5.000000,10.000001 
-0.000001,10.000000,0.000000 0.000000,5.000000,0.000000 3.954602,5.000001,2.153831 
10.000000,10.000000,-0.000000 6.045401,5.973513,2.153830 10.000000,5.000000,0.000000 
10.000000,10.000000,10.000001 10.000000,5.000000,10.000001 6.045401,5.000001,2.153830 
0.000001,-0.000000,0.000001 5.000000,0.000000,0.000000 3.954602,4.026489,2.153862 
10.000000,0.000000,0.000000 6.045401,4.026489,2.153860 5.000001,4.026489,2.153830 
10.000000,10.000000,-0.000000 5.000000,10.000000,0.000000 6.045401,5.973513,2.153830 
-0.000001,10.000000,0.000000 3.954602,5.973513,2.153831 5.000001,5.973513,2.153830 
10.000000,10.000000,10.000001 5.000000,10.000000,10.000001 5.000002,5.000000,2.153828 
-0.000001,10.000000,10.000001 0.000000,5.000000,10.000001 5.000000,10.000000,10.000001 
5.000002,5.000000,2.153828 5.000000,10.000000,10.000001 0.000000,5.000000,10.000001 
10.000000,0.000000,10.000002 10.000000,5.000000,10.000001 5.000000,-0.000000,10.000001 
10.000000,10.000000,10.000001 5.000002,5.000000,2.153828 10.000000,5.000000,10.000001 
5.000000,-0.000000,10.000001 10.000000,5.000000,10.000001 5.000002,5.000000,2.153828 
-0.000001,10.000000,0.000000 5.000000,10.000000,0.000000 5.000000,5.000000,0.000000 
10.000000,10.000000,-0.000000 10.000000,5.000000,0.000000 5.000000,10.000000,0.000000 
5.000000,5.000000,0.000000 5.000000,10.000000,0.000000 10.000000,5.000000,0.000000 
0.000001,-0.000000,0.000001 0.000000,5.000000,0.000000 5.000000,0.000000,0.000000 
-0.000001,10.000000,0.000000 5.000000,5.000000,0.000000 0.000000,5.000000,0.000000 
5.000000,0.000000,0.000000 0.000000,5.000000,0.000000 5.000000,5.000000,0.000000 
-0.000001,10.000000,0.000000 3.954602,5.000001,2.153831 3.954602,5.973513,2.153831 
0.000001,-0.000001,10.000001 0.000000,5.000000,10.000001 3.954602,5.000001,2.153831 
3.954602,5.973513,2.153831 3.954602,5.000001,2.153831 0.000000,5.000000,10.000001 
0.000001,-0.000000,0.000001 3.954602,4.026489,2.153862 0.000000,5.000000,0.000000 
0.000001,-0.000001,10.000001 3.954602,5.000001,2.153831 3.954602,4.026489,2.153862 
0.000000,5.000000,0.000000 3.954602,4.026489,2.153862 3.954602,5.000001,2.153831 
10.000000,10.000000,10.000001 6.045401,5.000001,2.153830 6.045401,5.973513,2.153830 
10.000000,0.000000,0.000000 10.000000,5.000000,0.000000 6.045401,5.000001,2.153830 
6.045401,5.973513,2.153830 6.045401,5.000001,2.153830 10.000000,5.000000,0.000000 
10.000000,0.000000,10.000002 6.045401,4.026489,2.153860 10.000000,5.000000,10.000001 
10.000000,0.000000,0.000000 6.045401,5.000001,2.153830 6.045401,4.026489,2.153860 
10.000000,5.000000,10.000001 6.045401,4.026489,2.153860 6.045401,5.000001,2.153830 
10.000000,0.000000,0.000000 5.000001,4.026489,2.153830 5.000000,0.000000,0.000000 
0.000001,-0.000001,10.000001 3.954602,4.026489,2.153862 5.000001,4.026489,2.153830 
5.000000,0.000000,0.000000 5.000001,4.026489,2.153830 3.954602,4.026489,2.153862 
10.000000,0.000000,10.000002 5.000000,-0.000000,10.000001 6.045401,4.026489,2.153860 
0.000001,-0.000001,10.000001 5.000001,4.026489,2.153830 5.000000,-0.000000,10.000001 
6.045401,4.026489,2.153860 5.000000,-0.000000,10.000001 5.000001,4.026489,2.153830 
-0.000001,10.000000,0.000000 5.000001,5.973513,2.153830 5.000000,10.000000,0.000000 
10.000000,10.000000,10.000001 6.045401,5.973513,2.153830 5.000001,5.973513,2.153830 
5.000000,10.000000,0.000000 5.000001,5.973513,2.153830 6.045401,5.973513,2.153830 
-0.000001,10.000000,10.000001 5.000000,10.000000,10.000001 3.954602,5.973513,2.153831 
10.000000,10.000000,10.000001 5.000001,5.973513,2.153830 5.000000,10.000000,10.000001 
3.954602,5.973513,2.153831 5.000000,10.000000,10.000001 5.000001,5.973513,2.153830 
3.954597,5.973513,2.153845 -0.000000,10.000000,10.000001 -0.000001,10.000001,-0.000001 
3.954603,4.026486,2.153845 0.000002,-0.000000,10.000001 0.000001,-0.000000,-0.000001 
6.045400,4.026487,2.153845 10.000000,0.000001,10.000001 10.000000,-0.000000,-0.000001 
6.045400,5.973512,2.153845 10.000001,10.000000,10.000001 10.000002,10.000000,-0.000001 
