0.000001,-0.000001,10.000001 5.000005,5.000000,1.307673 0.000000,5.000000,10.000001 
0.000001,-0.000001,10.000001 5.000000,-0.000000,10.000001 5.000005,5.000000,1.307673 
10.000000,0.000000,0.000000 5.000000,5.000000,-0.000000 10.000000,5.000000,0.000000 
10.000000,0.000000,0.000000 5.000000,0.000000,0.000000 5.000000,5.000000,-0.000000 
-0.000001,10.000000,10.000001 3.214130,6.900669,1.307675 0.000000,5.000000,10.000001 
-0.000001,10.000000,0.000000 0.000000,5.000000,0.000000 3.214130,5.000002,1.307675 
10.000000,10.000000,-0.000000 6.785876,6.900669,1.307675 10.000000,5.000000,0.000000 
10.000000,10.000000,10.000001 10.000000,5.000000,10.000001 6.785876,5.000002,1.307675 
0.000001,-0.000000,0.000001 5.000000,0.000000,0.000000 3.214131,3.099336,1.307709 
10.000000,0.000000,0.000000 6.785876,3.099336,1.307707 5.000003,3.099336,1.307675 
10.000000,10.000000,-0.000000 5.000000,10.000000,0.000000 6.785876,6.900669,1.307675 
-0.000001,10.000000,0.000000 3.214130,6.900669,1.307675 5.000003,6.900669,1.307675 
10.000000,10.000000,10.000001 5.000000,10.000000,10.000001 5.000005,5.000000,1.307673 
-0.000001,10.000000,10.000001 0.000000,5.000000,10.000001 5.000000,10.000000,10.000001 
5.000005,5.000000,1.307673 5.000000,10.000000,10.000001 0.000000,5.000000,10.000001 
10.000000,0.000000,10.000002 10.000000,5.000000,10.000001 5.000000,-0.000000,10.000001 
10.000000,10.000000,10.000001 5.000005,5.000000,1.307673 10.000000,5.000000,10.000001 
5.000000,-0.000000,10.000001 10.000000,5.000000,10.000001 5.000005,5.000000,1.307673 
-0.000001,10.000000,0.000000 5.000000,10.000000,0.000000 5.000000,5.000000,-0.000000 
10.000000,10.000000,-0.000000 10.000000,5.000000,0.000000 5.000000,10.000000,0.000000 
5.000000,5.000000,-0.000000 5.000000,10.000000,0.000000 10.000000,5.000000,0.000000 
0.000001,-0.000000,0.000001 0.000000,5.000000,0.000000 5.000000,0.000000,0.000000 
-0.000001,10.000000,0.000000 5.000000,5.000000,-0.000000 0.000000,5.000000,0.000000 
5.000000,0.000000,0.000000 0.000000,5.000000,0.000000 5.000000,5.000000,-0.000000 
-0.000001,10.000000,0.000000 3.214130,5.000002,1.307675 3.214130,6.900669,1.307675 
0.000001,-0.000001,10.000001 0.000000,5.000000,10.000001 3.214130,5.000002,1.307675 
3.214130,6.900669,1.307675 3.214130,5.000002,1.307675 0.000000,5.000000,10.000001 
0.000001,-0.000000,0.000001 3.214131,3.099336,1.307709 0.000000,5.000000,0.000000 
0.000001,-0.000001,10.000001 3.214130,5.000002,1.307675 3.214131,3.099336,1.307709 
0.000000,5.000000,0.000000 3.214131,3.099336,1.307709 3.214130,5.000002,1.307675 
10.000000,10.000000,10.000001 6.785876,5.000002,1.307675 6.785876,6.900669,1.307675 
10.000000,0.000000,0.000000 10.000000,5.000000,0.000000 6.785876,5.000002,1.307675 
6.785876,6.900669,1.307675 6.785876,5.000002,1.307675 10.000000,5.000000,0.000000 
10.000000,0.000000,10.000002 6.785876,3.099336,1.307707 10.000000,5.000000,10.000001 
10.000000,0.000000,0.000000 6.785876,5.000002,1.307675 6.785876,3.099336,1.307707 
10.000000,5.000000,10.000001 6.785876,3.099336,1.307707 6.785876,5.000002,1.307675 
10.000000,0.000000,0.000000 5.000003,3.099336,1.307675 5.000000,0.000000,0.000000 
0.000001,-0.000001,10.000001 3.214131,3.099336,1.307709 5.000003,3.099336,1.307675 
5.000000,0.000000,0.000000 5.000003,3.099336,1.307675 3.214131,3.099336,1.307709 
10.000000,0.000000,10.000002 5.000000,-0.000000,10.000001 6.785876,3.099336,1.307707 
0.000001,-0.000001,10.000001 5.000003,3.099336,1.307675 5.000000,-0.000000,10.000001 
6.785876,3.099336,1.307707 5.000000,-0.000000,10.000001 5.000003,3.099336,1.307675 
-0.000001,10.000000,0.000000 5.000003,6.900669,1.307675 5.000000,10.000000,0.000000 
10.000000,10.000000,10.000001 6.785876,6.900669,1.307675 5.000003,6.900669,1.307675 
5.000000,10.000000,0.000000 5.000003,6.900669,1.307675 6.785876,6.900669,1.307675 
-0.000001,10.000000,10.000001 5.000000,10.000000,10.000001 3.214130,6.900669,1.307675 
10.000000,10.000000,10.000001 5.000003,6.900669,1.307675 5.000000,10.000000,10.000001 
3.214130,6.900669,1.307675 5.000000,10.000000,10.000001 5.000003,6.900669,1.307675 
3.214122,6.900668,1.307691 -0.000000,10.000000,10.000001 -0.000001,10.000001,-0.000001 
3.214131,3.099331,1.307691 0.000002,-0.000000,10.000001 0.000001,-0.000000,-0.000001 
6.785874,3.099332,1.307691 10.000000,0.000001,10.000001 10.000000,-0.000000,-0.000001 
6.785874,6.900667,1.307691 10.000001,10.000000,10.000001 10.000002,10.000000,-0.000001 
