0.000001,-0.000001,10.000001 5.000002,5.000000,6.961522 0.000000,5.000000,10.000001 
0.000001,-0.000001,10.000001 5.000000,-0.000000,10.000001 5.000002,5.000000,6.961522 
10.000000,0.000000,0.000000 5.000000,5.000000,0.000000 10.000000,5.000000,0.000000 
10.000000,0.000000,0.000000 5.000000,0.000000,0.000000 5.000000,5.000000,0.000000 
-0.000001,10.000000,10.000001 3.954602,5.973513,6.961525 0.000000,5.000000,10.000001 
-0.000001,10.000000,0.000000 0.000000,5.000000,0.000000 3.954602,5.000001,6.961525 
10.000000,10.000000,-0.000000 6.045401,5.973513,6.961524 10.000000,5.000000,0.000000 
10.000000,10.000000,10.000001 10.000000,5.000000,10.000001 6.045401,5.000001,6.961524 
0.000001,-0.000000,0.000001 5.000000,0.000000,0.000000 3.954602,4.026489,6.961556 
10.000000,0.000000,0.000000 6.045401,4.026489,6.961554 5.000001,4.026489,6.961524 
10.000000,10.000000,-0.000000 5.000000,10.000000,0.000000 6.045401,5.973513,6.961524 
-0.000001,10.000000,0.000000 3.954602,5.973513,6.961525 5.000001,5.973513,6.961524 
10.000000,10.000000,10.000001 5.000000,10.000000,10.000001 5.000002,5.000000,6.961522 
-0.000001,10.000000,10.000001 0.000000,5.000000,10.000001 5.000000,10.000000,10.000001 
5.000002,5.000000,6.961522 5.000000,10.000000,10.000001 0.000000,5.000000,10.000001 
10.000000,0.000000,10.000002 10.000000,5.000000,10.000001 5.000000,-0.000000,10.000001 
10.000000,10.000000,10.000001 5.000002,5.000000,6.961522 10.000000,5.000000,10.000001 
5.000000,-0.000000,10.000001 10.000000,5.000000,10.000001 5.000002,5.000000,6.961522 
-0.000001,10.000000,0.000000 5.000000,10.000000,0.000000 5.000000,5.000000,0.000000 
10.000000,10.000000,-0.000000 10.000000,5.000000,0.000000 5.000000,10.000000,0.000000 
5.000000,5.000000,0.000000 5.000000,10.000000,0.000000 10.000000,5.000000,0.000000 
0.000001,-0.000000,0.000001 0.000000,5.000000,0.000000 5.000000,0.000000,0.000000 
-0.000001,10.000000,0.000000 5.000000,5.000000,0.000000 0.000000,5.000000,0.000000 
5.000000,0.000000,0.000000 0.000000,5.000000,0.000000 5.000000,5.000000,0.000000 
-0.000001,10.000000,0.000000 3.954602,5.000001,6.961525 3.954602,5.973513,6.961525 
0.000001,-0.000001,10.000001 0.000000,5.000000,10.000001 3.954602,5.000001,6.961525 
3.954602,5.973513,6.961525 3.954602,5.000001,6.961525 0.000000,5.000000,10.000001 
0.000001,-0.000000,0.000001 3.954602,4.026489,6.961556 0.000000,5.000000,0.000000 
0.000001,-0.000001,10.000001 3.954602,5.000001,6.961525 3.954602,4.026489,6.961556 
0.000000,5.000000,0.000000 3.954602,4.026489,6.961556 3.954602,5.000001,6.961525 
10.000000,10.000000,10.000001 6.045401,5.000001,6.961524 6.045401,5.973513,6.961524 
10.000000,0.000000,0.000000 10.000000,5.000000,0.000000 6.045401,5.000001,6.961524 
6.045401,5.973513,6.961524 6.045401,5.000001,6.961524 10.000000,5.000000,0.000000 
10.000000,0.000000,10.000002 6.045401,4.026489,6.961554 10.000000,5.000000,10.000001 
10.000000,0.000000,0.000000 6.045401,5.000001,6.961524 6.045401,4.026489,6.961554 
10.000000,5.000000,10.000001 6.045401,4.026489,6.961554 6.045401,5.000001,6.961524 
10.000000,0.000000,0.000000 5.000001,4.026489,6.961524 5.000000,0.000000,0.000000 
0.000001,-0.000001,10.000001 3.954602,4.026489,6.961556 5.000001,4.026489,6.961524 
5.000000,0.000000,0.000000 5.000001,4.026489,6.961524 3.954602,4.026489,6.961556 
10.000000,0.000000,10.000002 5.000000,-0.000000,10.000001 6.045401,4.026489,6.961554 
0.000001,-0.000001,10.000001 5.000001,4.026489,6.961524 5.000000,-0.000000,10.000001 
6.045401,4.026489,6.961554 5.000000,-0.000000,10.000001 5.000001,4.026489,6.961524 
-0.000001,10.000000,0.000000 5.000001,5.973513,6.961524 5.000000,10.000000,0.000000 
10.000000,10.000000,10.000001 6.045401,5.973513,6.961524 5.000001,5.973513,6.961524 
5.000000,10.000000,0.000000 5.000001,5.973513,6.961524 6.045401,5.973513,6.961524 
-0.000001,10.000000,10.000001 5.000000,10.000000,10.000001 3.954602,5.973513,6.961525 
10.000000,10.000000,10.000001 5.000001,5.973513,6.961524 5.000000,10.000000,10.000001 
3.954602,5.973513,6.961525 5.000000,10.000000,10.000001 5.000001,5.973513,6.961524 
3.954597,5.973513,6.961539 -0.000000,10.000000,10.000001 -0.000001,10.000001,-0.000001 
3.954603,4.026486,6.961539 0.000002,-0.000000,10.000001 0.000001,-0.000000,-0.000001 
6.045400,4.026487,6.961539 10.000000,0.000001,10.000001 10.000000,-0.000000,-0.000001 
6.045400,5.973512,6.961539 10.000001,10.000000,10.000001 10.000002,10.000000,-0.000001 
