0.000001,-0.000001,10.000001 5.000002,5.000000,4.999983 0.000000,5.000000,10.000001 
0.000001,-0.000001,10.000001 5.000000,-0.000000,10.000001 5.000002,5.000000,4.999983 
10.000000,0.000000,0.000000 5.000000,5.000000,0.000000 10.000000,5.000000,0.000000 
10.000000,0.000000,0.000000 5.000000,0.000000,0.000000 5.000000,5.000000,0.000000 
-0.000001,10.000000,10.000001 3.954602,5.973513,4.999986 0.000000,5.000000,10.000001 
-0.000001,10.000000,0.000000 0.000000,5.000000,0.000000 3.954602,5.000001,4.999986 
10.000000,10.000000,-0.000000 6.045401,5.973513,4.999985 10.000000,5.000000,0.000000 
10.000000,10.000000,10.000001 10.000000,5.000000,10.000001 6.045401,5.000001,4.999985 
0.000001,-0.000000,0.000001 5.000000,0.000000,0.000000 3.954602,4.026489,5.000017 
10.000000,0.000000,0.000000 6.045401,4.026489,5.000015 5.000001,4.026489,4.999985 
10.000000,10.000000,-0.000000 5.000000,10.000000,0.000000 6.045401,5.973513,4.999985 
-0.000001,10.000000,0.000000 3.954602,5.973513,4.999986 5.000001,5.973513,4.999985 
10.000000,10.000000,10.000001 5.000000,10.000000,10.000001 5.000002,5.000000,4.999983 
-0.000001,10.000000,10.000001 0.000000,5.000000,10.000001 5.000000,10.000000,10.000001 
5.000002,5.000000,4.999983 5.000000,10.000000,10.000001 0.000000,5.000000,10.000001 
10.000000,0.000000,10.000002 10.000000,5.000000,10.000001 5.000000,-0.000000,10.000001 
10.000000,10.000000,10.000001 5.000002,5.000000,4.999983 10.000000,5.000000,10.000001 
5.000000,-0.000000,10.000001 10.000000,5.000000,10.000001 5.000002,5.000000,4.999983 
-0.000001,10.000000,0.000000 5.000000,10.000000,0.000000 5.000000,5.000000,0.000000 
10.000000,10.000000,-0.000000 10.000000,5.000000,0.000000 5.000000,10.000000,0.000000 
5.000000,5.000000,0.000000 5.000000,10.000000,0.000000 10.000000,5.000000,0.000000 
0.000001,-0.000000,0.000001 0.000000,5.000000,0.000000 5.000000,0.000000,0.000000 
-0.000001,10.000000,0.000000 5.000000,5.000000,0.000000 0.000000,5.000000,0.000000 
5.000000,0.000000,0.000000 0.000000,5.000000,0.000000 5.000000,5.000000,0.000000 
-0.000001,10.000000,0.000000 3.954602,5.000001,4.999986 3.954602,5.973513,4.999986 
0.000001,-0.000001,10.000001 0.000000,5.000000,10.000001 3.954602,5.000001,4.999986 
3.954602,5.973513,4.999986 3.954602,5.000001,4.999986 0.000000,5.000000,10.000001 
0.000001,-0.000000,0.000001 3.954602,4.026489,5.000017 0.000000,5.000000,0.000000 
0.000001,-0.000001,10.000001 3.954602,5.000001,4.999986 3.954602,4.026489,5.000017 
0.000000,5.000000,0.000000 3.954602,4.026489,5.000017 3.954602,5.000001,4.999986 
10.000000,10.000000,10.000001 6.045401,5.000001,4.999985 6.045401,5.973513,4.999985 
10.000000,0.000000,0.000000 10.000000,5.000000,0.000000 6.045401,5.000001,4.999985 
6.045401,5.973513,4.999985 6.045401,5.000001,4.999985 10.000000,5.000000,0.000000 
10.000000,0.000000,10.000002 6.045401,4.026489,5.000015 10.000000,5.000000,10.000001 
10.000000,0.000000,0.000000 6.045401,5.000001,4.999985 6.045401,4.026489,5.000015 
10.000000,5.000000,10.000001 6.045401,4.026489,5.000015 6.045401,5.000001,4.999985 
10.000000,0.000000,0.000000 5.000001,4.026489,4.999985 5.000000,0.000000,0.000000 
0.000001,-0.000001,10.000001 3.954602,4.026489,5.000017 5.000001,4.026489,4.999985 
5.000000,0.000000,0.000000 5.000001,4.026489,4.999985 3.954602,4.026489,5.000017 
10.000000,0.000000,10.000002 5.000000,-0.000000,10.000001 6.045401,4.026489,5.000015 
0.000001,-0.000001,10.000001 5.000001,4.026489,4.999985 5.000000,-0.000000,10.000001 
6.045401,4.026489,5.000015 5.000000,-0.000000,10.000001 5.000001,4.026489,4.999985 
-0.000001,10.000000,0.000000 5.000001,5.973513,4.999985 5.000000,10.000000,0.000000 
10.000000,10.000000,10.000001 6.045401,5.973513,4.999985 5.000001,5.973513,4.999985 
5.000000,10.000000,0.000000 5.000001,5.973513,4.999985 6.045401,5.973513,4.999985 
-0.000001,10.000000,10.000001 5.000000,10.000000,10.000001 3.954602,5.973513,4.999986 
10.000000,10.000000,10.000001 5.000001,5.973513,4.999985 5.000000,10.000000,10.000001 
3.954602,5.973513,4.999986 5.000000,10.000000,10.000001 5.000001,5.973513,4.999985 
3.954597,5.973513,5.000000 -0.000000,10.000000,10.000001 -0.000001,10.000001,-0.000001 
3.954603,4.026486,5.000000 0.000002,-0.000000,10.000001 0.000001,-0.000000,-0.000001 
6.045400,4.026487,5.000000 10.000000,0.000001,10.000001 10.000000,-0.000000,-0.000001 
6.045400,5.973512,5.000000 10.000001,10.000000,10.000001 10.000002,10.000000,-0.000001 
