0.000001,-0.000001,10.000001 5.000008,5.000000,0.807667 0.000000,5.000000,10.000001 
0.000001,-0.000001,10.000001 5.000000,-0.000000,10.000001 5.000008,5.000000,0.807667 
10.000000,0.000000,0.000000 5.000000,5.000000,0.000000 10.000000,5.000000,0.000000 
10.000000,0.000000,0.000000 5.000000,0.000000,0.000000 5.000000,5.000000,0.000000 
-0.000001,10.000000,10.000001 2.147263,8.159710,4.999979 0.000000,5.000000,10.000001 
-0.000001,10.000000,0.000000 0.000000,5.000000,0.000000 2.147264,5.000004,4.999979 
10.000000,10.000000,-0.000000 7.852747,8.159710,4.999978 10.000000,5.000000,0.000000 
10.000000,10.000000,10.000001 10.000000,5.000000,10.000001 7.852747,5.000004,4.999978 
0.000001,-0.000000,0.000001 5.000000,0.000000,0.000000 2.147264,1.840298,5.000024 
10.000000,0.000000,0.000000 7.852747,1.840298,5.000021 5.000006,1.840298,0.807670 
10.000000,10.000000,-0.000000 5.000000,10.000000,0.000000 7.852747,8.159710,4.999978 
-0.000001,10.000000,0.000000 2.147263,8.159710,4.999979 5.000005,8.159710,0.807670 
10.000000,10.000000,10.000001 5.000000,10.000000,10.000001 5.000008,5.000000,0.807667 
-0.000001,10.000000,10.000001 0.000000,5.000000,10.000001 5.000000,10.000000,10.000001 
5.000008,5.000000,0.807667 5.000000,10.000000,10.000001 0.000000,5.000000,10.000001 
10.000000,0.000000,10.000002 10.000000,5.000000,10.000001 5.000000,-0.000000,10.000001 
10.000000,10.000000,10.000001 5.000008,5.000000,0.807667 10.000000,5.000000,10.000001 
5.000000,-0.000000,10.000001 10.000000,5.000000,10.000001 5.000008,5.000000,0.807667 
-0.000001,10.000000,0.000000 5.000000,10.000000,0.000000 5.000000,5.000000,0.000000 
10.000000,10.000000,-0.000000 10.000000,5.000000,0.000000 5.000000,10.000000,0.000000 
5.000000,5.000000,0.000000 5.000000,10.000000,0.000000 10.000000,5.000000,0.000000 
0.000001,-0.000000,0.000001 0.000000,5.000000,0.000000 5.000000,0.000000,0.000000 
-0.000001,10.000000,0.000000 5.000000,5.000000,0.000000 0.000000,5.000000,0.000000 
5.000000,0.000000,0.000000 0.000000,5.000000,0.000000 5.000000,5.000000,0.000000 
-0.000001,10.000000,0.000000 2.147264,5.000004,4.999979 2.147263,8.159710,4.999979 
0.000001,-0.000001,10.000001 0.000000,5.000000,10.000001 2.147264,5.000004,4.999979 
2.147263,8.159710,4.999979 2.147264,5.000004,4.999979 0.000000,5.000000,10.000001 
0.000001,-0.000000,0.000001 2.147264,1.840298,5.000024 0.000000,5.000000,0.000000 
0.000001,-0.000001,10.000001 2.147264,5.000004,4.999979 2.147264,1.840298,5.000024 
0.000000,5.000000,0.000000 2.147264,1.840298,5.000024 2.147264,5.000004,4.999979 
10.000000,10.000000,10.000001 7.852747,5.000004,4.999978 7.852747,8.159710,4.999978 
10.000000,0.000000,0.000000 10.000000,5.000000,0.000000 7.852747,5.000004,4.999978 
7.852747,8.159710,4.999978 7.852747,5.000004,4.999978 10.000000,5.000000,0.000000 
10.000000,0.000000,10.000002 7.852747,1.840298,5.000021 10.000000,5.000000,10.000001 
10.000000,0.000000,0.000000 7.852747,5.000004,4.999978 7.852747,1.840298,5.000021 
10.000000,5.000000,10.000001 7.852747,1.840298,5.000021 7.852747,5.000004,4.999978 
10.000000,0.000000,0.000000 5.000006,1.840298,0.807670 5.000000,0.000000,0.000000 
0.000001,-0.000001,10.000001 2.147264,1.840298,5.000024 5.000006,1.840298,0.807670 
5.000000,0.000000,0.000000 5.000006,1.840298,0.807670 2.147264,1.840298,5.000024 
10.000000,0.000000,10.000002 5.000000,-0.000000,10.000001 7.852747,1.840298,5.000021 
0.000001,-0.000001,10.000001 5.000006,1.840298,0.807670 5.000000,-0.000000,10.000001 
7.852747,1.840298,5.000021 5.000000,-0.000000,10.000001 5.000006,1.840298,0.807670 
-0.000001,10.000000,0.000000 5.000005,8.159710,0.807670 5.000000,10.000000,0.000000 
10.000000,10.000000,10.000001 7.852747,8.159710,4.999978 5.000005,8.159710,0.807670 
5.000000,10.000000,0.000000 5.000005,8.159710,0.807670 7.852747,8.159710,4.999978 
-0.000001,10.000000,10.000001 5.000000,10.000000,10.000001 2.147263,8.159710,4.999979 
10.000000,10.000000,10.000001 5.000005,8.159710,0.807670 5.000000,10.000000,10.000001 
2.147263,8.159710,4.999979 5.000000,10.000000,10.000001 5.000005,8.159710,0.807670 
2.147250,8.159709,5.000000 -0.000000,10.000000,10.000001 -0.000001,10.000001,-0.000001 
2.147266,1.840289,5.000000 0.000002,-0.000000,10.000001 0.000001,-0.000000,-0.000001 
7.852745,1.840291,5.000000 10.000000,0.000001,10.000001 10.000000,-0.000000,-0.000001 
7.852745,8.159707,5.000000 10.000001,10.000000,10.000001 10.000002,10.000000,-0.000001 
