4.968797,-2.070999,10.000001 5.000001,4.999999,0.187491 1.448898,1.480103,10.000001 
4.968797,-2.070999,10.000001 8.519897,1.448898,10.000001 5.000001,4.999999,0.187491 
12.071000,4.968796,0.000000 5.000001,5.000001,0.000000 8.551103,8.519898,0.000000 
12.071000,4.968796,0.000000 8.519898,1.448899,0.000000 5.000001,5.000001,0.000000 
-2.071000,5.031206,10.000001 4.572319,5.024324,0.187494 1.448898,1.480105,10.000001 
-2.071000,5.031206,0.000000 1.448898,1.480105,0.000000 4.796433,4.798223,0.187494 
5.031205,12.070999,0.000000 4.979453,5.427877,0.187492 8.551102,8.519897,0.000000 
5.031205,12.070999,10.000001 8.551102,8.519897,10.000001 5.203566,5.201777,0.187492 
4.968796,-2.070998,0.000001 8.519897,1.448898,0.000000 5.020547,4.572121,0.187506 
12.071000,4.968796,0.000000 5.427680,4.975678,0.187505 5.224115,4.773900,0.187492 
5.031205,12.070999,0.000000 1.480103,8.551102,0.000000 4.979453,5.427877,0.187492 
-2.071000,5.031206,0.000000 4.572319,5.024324,0.187494 4.775886,5.226102,0.187492 
5.031205,12.070999,10.000001 1.480103,8.551102,10.000001 5.000001,4.999999,0.187491 
5.031205,12.070999,10.000001 5.000001,4.999999,0.187491 8.551102,8.519897,10.000001 
-2.071000,5.031206,0.000000 1.480103,8.551104,0.000000 5.000000,5.000002,0.000000 
5.031205,12.070999,0.000000 8.551102,8.519897,0.000000 1.480103,8.551102,0.000000 
5.000000,5.000000,0.000000 1.480103,8.551102,0.000000 8.551102,8.519897,0.000000 
4.968796,-2.070998,0.000001 1.448898,1.480103,0.000000 8.519897,1.448898,0.000000 
-2.071000,5.031206,0.000000 5.000000,5.000002,0.000000 1.448898,1.480105,0.000000 
8.519897,1.448898,0.000000 1.448898,1.480103,0.000000 5.000000,5.000000,0.000000 
-2.071000,5.031206,0.000000 4.796433,4.798223,0.187494 4.572319,5.024324,0.187494 
4.968797,-2.070999,10.000001 1.448898,1.480103,10.000001 4.796433,4.798222,0.187494 
4.572320,5.024322,0.187494 4.796433,4.798222,0.187494 1.448898,1.480103,10.000001 
4.968796,-2.070998,0.000001 5.020547,4.572121,0.187506 1.448898,1.480103,0.000000 
4.968797,-2.070999,10.000001 4.796433,4.798222,0.187494 5.020547,4.572121,0.187506 
1.448898,1.480103,0.000000 5.020547,4.572121,0.187506 4.796433,4.798222,0.187494 
5.031205,12.070999,10.000001 5.203566,5.201777,0.187492 4.979453,5.427877,0.187492 
12.071000,4.968796,0.000000 8.551103,8.519898,0.000000 5.203567,5.201778,0.187492 
4.979453,5.427877,0.187492 5.203566,5.201777,0.187492 8.551102,8.519897,0.000000 
12.071000,4.968796,10.000002 5.427680,4.975678,0.187505 8.551103,8.519898,10.000001 
12.071000,4.968796,0.000000 5.203567,5.201778,0.187492 5.427680,4.975678,0.187505 
8.551102,8.519897,10.000001 5.427680,4.975677,0.187505 5.203566,5.201777,0.187492 
12.071000,4.968796,0.000000 5.224115,4.773900,0.187492 8.519898,1.448899,0.000000 
4.968797,-2.070999,10.000001 5.020547,4.572121,0.187506 5.224114,4.773899,0.187492 
8.519897,1.448898,0.000000 5.224114,4.773899,0.187492 5.020547,4.572121,0.187506 
12.071000,4.968796,10.000002 8.519898,1.448899,10.000001 5.427680,4.975678,0.187505 
4.968797,-2.070999,10.000001 5.224114,4.773899,0.187492 8.519897,1.448898,10.000001 
5.427680,4.975677,0.187505 8.519897,1.448898,10.000001 5.224114,4.773899,0.187492 
-2.071000,5.031206,0.000000 4.775886,5.226102,0.187492 1.480103,8.551104,0.000000 
5.031205,12.070999,10.000001 4.979453,5.427877,0.187492 4.775887,5.226100,0.187492 
1.480103,8.551102,0.000000 4.775887,5.226100,0.187492 4.979453,5.427877,0.187492 
-2.071000,5.031206,10.000001 1.480103,8.551104,10.000001 4.572319,5.024324,0.187494 
5.031205,12.070999,10.000001 4.775887,5.226100,0.187492 1.480103,8.551102,10.000001 
4.572320,5.024322,0.187494 1.480103,8.551102,10.000001 4.775887,5.226100,0.187492 
4.572319,5.024323,0.187498 -2.070999,5.031207,10.000001 -2.071000,5.031206,-0.000001 
5.020548,4.572122,0.187498 4.968797,-2.070998,10.000001 4.968796,-2.070998,-0.000001 
5.427680,4.975676,0.187498 12.070999,4.968796,10.000001 12.071000,4.968796,-0.000001 
4.979452,5.427877,0.187498 5.031206,12.071000,10.000001 5.031207,12.071000,-0.000001 
