0.000001,-0.000001,10.000001 5.000000,4.999999,1.961530 0.000000,5.000000,10.000001 
0.000001,-0.000001,10.000001 5.000000,-0.000000,10.000001 5.000000,4.999999,1.961530 
10.000000,0.000000,0.000000 5.000000,5.000000,0.000000 10.000000,5.000000,0.000000 
10.000000,0.000000,0.000000 5.000000,0.000000,0.000000 5.000000,5.000000,0.000000 
-0.000001,10.000000,10.000001 4.713375,5.318352,1.961533 0.000000,5.000000,10.000001 
-0.000001,10.000000,0.000000 0.000000,5.000000,0.000000 4.713375,5.000000,1.961533 
10.000000,10.000000,-0.000000 5.286624,5.318352,1.961531 10.000000,5.000000,0.000000 
10.000000,10.000000,10.000001 10.000000,5.000000,10.000001 5.286624,5.000000,1.961531 
0.000001,-0.000000,0.000001 5.000000,0.000000,0.000000 4.713375,4.681647,1.961545 
10.000000,0.000000,0.000000 5.286624,4.681648,1.961544 5.000000,4.681647,1.961531 
10.000000,10.000000,-0.000000 5.000000,10.000000,0.000000 5.286624,5.318352,1.961531 
-0.000001,10.000000,0.000000 4.713375,5.318352,1.961533 5.000000,5.318352,1.961531 
10.000000,10.000000,10.000001 5.000000,10.000000,10.000001 5.000000,4.999999,1.961530 
-0.000001,10.000000,10.000001 0.000000,5.000000,10.000001 5.000000,10.000000,10.000001 
5.000000,4.999999,1.961530 5.000000,10.000000,10.000001 0.000000,5.000000,10.000001 
10.000000,0.000000,10.000002 10.000000,5.000000,10.000001 5.000000,-0.000000,10.000001 
10.000000,10.000000,10.000001 5.000000,4.999999,1.961530 10.000000,5.000000,10.000001 
5.000000,-0.000000,10.000001 10.000000,5.000000,10.000001 5.000000,4.999999,1.961530 
-0.000001,10.000000,0.000000 5.000000,10.000000,0.000000 5.000000,5.000000,0.000000 
10.000000,10.000000,-0.000000 10.000000,5.000000,0.000000 5.000000,10.000000,0.000000 
5.000000,5.000000,0.000000 5.000000,10.000000,0.000000 10.000000,5.000000,0.000000 
0.000001,-0.000000,0.000001 0.000000,5.000000,0.000000 5.000000,0.000000,0.000000 
-0.000001,10.000000,0.000000 5.000000,5.000000,0.000000 0.000000,5.000000,0.000000 
5.000000,0.000000,0.000000 0.000000,5.000000,0.000000 5.000000,5.000000,0.000000 
-0.000001,10.000000,0.000000 4.713375,5.000000,1.961533 4.713375,5.318352,1.961533 
0.000001,-0.000001,10.000001 0.000000,5.000000,10.000001 4.713375,5.000000,1.961533 
4.713375,5.318352,1.961533 4.713375,5.000000,1.961533 0.000000,5.000000,10.000001 
0.000001,-0.000000,0.000001 4.713375,4.681647,1.961545 0.000000,5.000000,0.000000 
0.000001,-0.000001,10.000001 4.713375,5.000000,1.961533 4.713375,4.681647,1.961545 
0.000000,5.000000,0.000000 4.713375,4.681647,1.961545 4.713375,5.000000,1.961533 
10.000000,10.000000,10.000001 5.286624,5.000000,1.961531 5.286624,5.318352,1.961531 
10.000000,0.000000,0.000000 10.000000,5.000000,0.000000 5.286624,5.000000,1.961531 
5.286624,5.318352,1.961531 5.286624,5.000000,1.961531 10.000000,5.000000,0.000000 
10.000000,0.000000,10.000002 5.286624,4.681648,1.961544 10.000000,5.000000,10.000001 
10.000000,0.000000,0.000000 5.286624,5.000000,1.961531 5.286624,4.681648,1.961544 
10.000000,5.000000,10.000001 5.286624,4.681648,1.961544 5.286624,5.000000,1.961531 
10.000000,0.000000,0.000000 5.000000,4.681647,1.961531 5.000000,0.000000,0.000000 
0.000001,-0.000001,10.000001 4.713375,4.681647,1.961545 5.000000,4.681647,1.961531 
5.000000,0.000000,0.000000 5.000000,4.681647,1.961531 4.713375,4.681647,1.961545 
10.000000,0.000000,10.000002 5.000000,-0.000000,10.000001 5.286624,4.681648,1.961544 
0.000001,-0.000001,10.000001 5.000000,4.681647,1.961531 5.000000,-0.000000,10.000001 
5.286624,4.681648,1.961544 5.000000,-0.000000,10.000001 5.000000,4.681647,1.961531 
-0.000001,10.000000,0.000000 5.000000,5.318352,1.961531 5.000000,10.000000,0.000000 
10.000000,10.000000,10.000001 5.286624,5.318352,1.961531 5.000000,5.318352,1.961531 
5.000000,10.000000,0.000000 5.000000,5.318352,1.961531 5.286624,5.318352,1.961531 
-0.000001,10.000000,10.000001 5.000000,10.000000,10.000001 4.713375,5.318352,1.961533 
10.000000,10.000000,10.000001 5.000000,5.318352,1.961531 5.000000,10.000000,10.000001 
4.713375,5.318352,1.961533 5.000000,10.000000,10.000001 5.000000,5.318352,1.961531 
4.713374,5.318352,1.961537 -0.000000,10.000000,10.000001 -0.000001,10.000001,-0.000001 
4.713376,4.681647,1.961537 0.000002,-0.000000,10.000001 0.000001,-0.000000,-0.000001 
5.286623,4.681647,1.961537 10.000000,0.000001,10.000001 10.000000,-0.000000,-0.000001 
5.286623,5.318352,1.961537 10.000001,10.000000,10.000001 10.000002,10.000000,-0.000001 
