0.000001,0.000000,60.000003 5.000000,5.000000,50.187493 0.000000,5.000001,60.000003 
0.000001,0.000000,60.000003 5.000000,0.000001,60.000003 5.000000,5.000000,50.187493 
10.000001,0.000001,50.000002 5.000001,5.000001,50.000002 10.000001,5.000001,50.000002 
10.000001,0.000001,50.000002 5.000001,0.000001,50.000002 5.000001,5.000001,50.000002 
0.000000,10.000003,60.000003 4.713376,5.318355,50.187496 0.000001,5.000003,60.000003 
0.000000,10.000003,50.000002 0.000001,5.000003,50.000002 4.713376,5.000002,50.187496 
10.000000,10.000001,50.000002 5.286624,5.318354,50.187494 10.000000,5.000001,50.000002 
10.000000,10.000001,60.000003 10.000000,5.000001,60.000003 5.286624,5.000001,50.187494 
0.000001,0.000001,50.000003 5.000000,0.000001,50.000002 4.713375,4.681648,50.187508 
10.000001,0.000001,50.000002 5.286625,4.681649,50.187507 5.000001,4.681648,50.187494 
10.000000,10.000001,50.000002 5.000000,10.000001,50.000002 5.286624,5.318354,50.187494 
0.000000,10.000003,50.000002 4.713376,5.318355,50.187496 5.000001,5.318355,50.187494 
10.000000,10.000001,60.000003 5.000000,10.000001,60.000003 5.000000,5.000000,50.187493 
10.000000,10.000001,60.000003 5.000000,5.000000,50.187493 10.000000,5.000001,60.000003 
0.000001,10.000003,50.000002 5.000001,10.000003,50.000002 5.000001,5.000003,50.000002 
10.000001,10.000001,50.000002 10.000001,5.000001,50.000002 5.000001,10.000001,50.000002 
5.000001,5.000001,50.000002 5.000001,10.000001,50.000002 10.000001,5.000001,50.000002 
0.000002,0.000001,50.000003 0.000001,5.000001,50.000002 5.000001,0.000001,50.000002 
0.000001,10.000003,50.000002 5.000001,5.000003,50.000002 0.000002,5.000003,50.000002 
5.000001,0.000001,50.000002 0.000001,5.000001,50.000002 5.000001,5.000001,50.000002 
0.000000,10.000003,50.000002 4.713376,5.000002,50.187496 4.713376,5.318355,50.187496 
0.000001,0.000000,60.000003 0.000000,5.000001,60.000003 4.713375,5.000001,50.187496 
4.713375,5.318354,50.187496 4.713375,5.000001,50.187496 0.000000,5.000001,60.000003 
0.000001,0.000001,50.000003 4.713375,4.681648,50.187508 0.000000,5.000001,50.000002 
0.000001,0.000000,60.000003 4.713375,5.000001,50.187496 4.713375,4.681648,50.187508 
0.000000,5.000001,50.000002 4.713375,4.681648,50.187508 4.713375,5.000001,50.187496 
10.000000,10.000001,60.000003 5.286624,5.000001,50.187494 5.286624,5.318354,50.187494 
10.000001,0.000001,50.000002 10.000001,5.000001,50.000002 5.286625,5.000001,50.187494 
5.286624,5.318354,50.187494 5.286624,5.000001,50.187494 10.000000,5.000001,50.000002 
10.000001,0.000001,60.000004 5.286625,4.681649,50.187507 10.000001,5.000001,60.000003 
10.000001,0.000001,50.000002 5.286625,5.000001,50.187494 5.286625,4.681649,50.187507 
10.000000,5.000001,60.000003 5.286624,4.681649,50.187507 5.286624,5.000001,50.187494 
10.000001,0.000001,50.000002 5.000001,4.681648,50.187494 5.000001,0.000001,50.000002 
0.000001,0.000000,60.000003 4.713375,4.681648,50.187508 5.000000,4.681648,50.187494 
5.000000,0.000001,50.000002 5.000000,4.681648,50.187494 4.713375,4.681648,50.187508 
10.000001,0.000001,60.000004 5.000001,0.000001,60.000003 5.286625,4.681649,50.187507 
0.000001,0.000000,60.000003 5.000000,4.681648,50.187494 5.000000,0.000001,60.000003 
5.286624,4.681649,50.187507 5.000000,0.000001,60.000003 5.000000,4.681648,50.187494 
0.000000,10.000003,50.000002 5.000001,5.318355,50.187494 5.000001,10.000003,50.000002 
10.000000,10.000001,60.000003 5.286624,5.318354,50.187494 5.000000,5.318354,50.187494 
5.000000,10.000001,50.000002 5.000000,5.318354,50.187494 5.286624,5.318354,50.187494 
0.000000,10.000003,60.000003 5.000001,10.000003,60.000003 4.713376,5.318355,50.187496 
10.000000,10.000001,60.000003 5.000000,5.318354,50.187494 5.000000,10.000001,60.000003 
4.713375,5.318354,50.187496 5.000000,10.000001,60.000003 5.000000,5.318354,50.187494 
4.713375,5.318355,50.187500 0.000001,10.000003,60.000003 0.000000,10.000003,50.000001 
4.713376,4.681648,50.187500 0.000002,0.000001,60.000003 0.000001,0.000001,50.000001 
5.286624,4.681648,50.187500 10.000001,0.000002,60.000003 10.000001,0.000001,50.000001 
5.286623,5.318354,50.187500 10.000001,10.000001,60.000003 10.000002,10.000001,50.000001 
0.000001,0.000000,50.000001 5.000000,5.000000,40.187491 -0.000000,5.000001,50.000001 
0.000001,0.000000,50.000001 5.000000,0.000001,50.000001 5.000000,5.000000,40.187491 
10.000002,0.000001,20.000003 5.000002,5.000001,20.000003 10.000002,5.000001,20.000003 
10.000002,0.000001,20.000003 5.000002,0.000001,20.000003 5.000002,5.000001,20.000003 
-0.000000,10.000003,50.000001 4.713376,5.318355,40.187494 0.000001,5.000003,50.000001 
-0.000000,10.000003,40.000000 0.000001,5.000003,40.000000 4.713376,5.000002,40.187494 
10.000000,10.000001,40.000000 5.286624,5.318353,40.187492 10.000000,5.000001,40.000000 
10.000000,10.000001,50.000001 10.000000,5.000001,50.000001 5.286624,5.000001,40.187492 
0.000001,0.000001,40.000001 5.000000,0.000001,40.000000 4.713375,4.681648,40.187506 
10.000001,0.000001,40.000000 5.286625,4.681649,40.187505 5.000001,4.681648,40.187492 
10.000000,10.000001,40.000000 5.000000,10.000001,40.000000 5.286624,5.318353,40.187492 
-0.000000,10.000003,40.000000 4.713376,5.318355,40.187494 5.000001,5.318355,40.187492 
10.000000,10.000001,50.000001 5.000000,10.000001,50.000001 5.000000,5.000000,40.187491 
10.000000,10.000001,50.000001 5.000000,5.000000,40.187491 10.000000,5.000001,50.000001 
0.000001,10.000002,20.000003 5.000002,10.000002,20.000003 5.000002,5.000002,20.000003 
10.000001,10.000001,20.000003 10.000001,5.000001,20.000003 5.000001,10.000001,20.000003 
5.000001,5.000001,20.000003 5.000001,10.000001,20.000003 10.000001,5.000001,20.000003 
0.000002,0.000001,20.000004 0.000001,5.000001,20.000003 5.000001,0.000001,20.000003 
0.000001,10.000002,20.000003 5.000002,5.000002,20.000003 0.000002,5.000002,20.000003 
5.000001,0.000001,20.000003 0.000001,5.000001,20.000003 5.000001,5.000001,20.000003 
-0.000000,10.000003,40.000000 4.713376,5.000002,40.187494 4.713376,5.318355,40.187494 
0.000001,0.000000,50.000001 -0.000000,5.000001,50.000001 4.713375,5.000001,40.187494 
4.713375,5.318353,40.187494 4.713375,5.000001,40.187494 -0.000000,5.000001,50.000001 
0.000001,0.000001,40.000001 4.713375,4.681648,40.187506 -0.000000,5.000001,40.000000 
0.000001,0.000000,50.000001 4.713375,5.000001,40.187494 4.713375,4.681648,40.187506 
-0.000000,5.000001,40.000000 4.713375,4.681648,40.187506 4.713375,5.000001,40.187494 
10.000000,10.000001,50.000001 5.286624,5.000001,40.187492 5.286624,5.318353,40.187492 
10.000001,0.000001,40.000000 10.000001,5.000001,40.000000 5.286625,5.000001,40.187492 
5.286624,5.318353,40.187492 5.286624,5.000001,40.187492 10.000000,5.000001,40.000000 
10.000001,0.000001,50.000002 5.286625,4.681649,40.187505 10.000001,5.000001,50.000001 
10.000001,0.000001,40.000000 5.286625,5.000001,40.187492 5.286625,4.681649,40.187505 
10.000000,5.000001,50.000001 5.286624,4.681649,40.187505 5.286624,5.000001,40.187492 
10.000001,0.000001,40.000000 5.000001,4.681648,40.187492 5.000001,0.000001,40.000000 
0.000001,0.000000,50.000001 4.713375,4.681648,40.187506 5.000000,4.681648,40.187492 
5.000000,0.000001,40.000000 5.000000,4.681648,40.187492 4.713375,4.681648,40.187506 
10.000001,0.000001,50.000002 5.000001,0.000001,50.000001 5.286625,4.681649,40.187505 
0.000001,0.000000,50.000001 5.000000,4.681648,40.187492 5.000000,0.000001,50.000001 
5.286624,4.681649,40.187505 5.000000,0.000001,50.000001 5.000000,4.681648,40.187492 
-0.000000,10.000003,40.000000 5.000001,5.318355,40.187492 5.000001,10.000003,40.000000 
10.000000,10.000001,50.000001 5.286624,5.318353,40.187492 5.000000,5.318353,40.187492 
5.000000,10.000001,40.000000 5.000000,5.318353,40.187492 5.286624,5.318353,40.187492 
-0.000000,10.000003,50.000001 5.000001,10.000003,50.000001 4.713376,5.318355,40.187494 
10.000000,10.000001,50.000001 5.000000,5.318353,40.187492 5.000000,10.000001,50.000001 
4.713375,5.318353,40.187494 5.000000,10.000001,50.000001 5.000000,5.318353,40.187492 
4.713375,5.318355,40.187498 0.000001,10.000003,50.000001 -0.000000,10.000003,39.999999 
4.713376,4.681648,40.187498 0.000002,0.000001,50.000001 0.000001,0.000001,39.999999 
5.286624,4.681648,40.187498 10.000001,0.000002,50.000001 10.000001,0.000001,39.999999 
5.286623,5.318353,40.187498 10.000001,10.000001,50.000001 10.000002,10.000001,39.999999 
0.000002,-0.000001,20.000002 5.000000,5.000000,10.187493 0.000001,5.000000,20.000002 
0.000002,-0.000001,20.000002 5.000000,0.000000,20.000002 5.000000,5.000000,10.187493 
10.000002,0.000000,10.000002 5.000001,5.000000,10.000002 10.000002,5.000000,10.000002 
10.000002,0.000000,10.000002 5.000001,0.000000,10.000002 5.000001,5.000000,10.000002 
0.000001,10.000002,20.000002 4.713377,5.318355,10.187496 0.000002,5.000002,20.000002 
0.000001,10.000002,10.000002 0.000002,5.000002,10.000002 4.713377,5.000001,10.187496 
10.000001,10.000000,10.000002 5.286624,5.318353,10.187494 10.000001,5.000000,10.000002 
10.000001,10.000000,20.000002 10.000001,5.000000,20.000002 5.286624,5.000000,10.187494 
0.000002,0.000000,10.000003 5.000000,0.000000,10.000002 4.713376,4.681647,10.187508 
10.000002,0.000000,10.000002 5.286625,4.681648,10.187507 5.000001,4.681647,10.187494 
10.000001,10.000000,10.000002 5.000000,10.000000,10.000002 5.286624,5.318353,10.187494 
0.000001,10.000002,10.000002 4.713377,5.318355,10.187496 5.000001,5.318355,10.187494 
10.000001,10.000000,20.000002 5.000000,10.000000,20.000002 5.000000,5.000000,10.187493 
10.000001,10.000000,20.000002 5.000000,5.000000,10.187493 10.000001,5.000000,20.000002 
0.000001,10.000002,10.000002 5.000001,10.000002,10.000002 5.000001,5.000002,10.000002 
10.000001,10.000000,10.000002 10.000001,5.000000,10.000002 5.000000,10.000000,10.000002 
5.000000,5.000000,10.000002 5.000000,10.000000,10.000002 10.000001,5.000000,10.000002 
0.000002,0.000000,10.000003 0.000001,5.000000,10.000002 5.000000,0.000000,10.000002 
0.000001,10.000002,10.000002 5.000001,5.000002,10.000002 0.000002,5.000002,10.000002 
5.000000,0.000000,10.000002 0.000001,5.000000,10.000002 5.000000,5.000000,10.000002 
0.000001,10.000002,10.000002 4.713377,5.000001,10.187496 4.713377,5.318355,10.187496 
0.000002,-0.000001,20.000002 0.000001,5.000000,20.000002 4.713376,5.000000,10.187496 
4.713376,5.318353,10.187496 4.713376,5.000000,10.187496 0.000001,5.000000,20.000002 
0.000002,0.000000,10.000003 4.713376,4.681647,10.187508 0.000001,5.000000,10.000002 
0.000002,-0.000001,20.000002 4.713376,5.000000,10.187496 4.713376,4.681647,10.187508 
0.000001,5.000000,10.000002 4.713376,4.681647,10.187508 4.713376,5.000000,10.187496 
10.000001,10.000000,20.000002 5.286624,5.000000,10.187494 5.286624,5.318353,10.187494 
10.000002,0.000000,10.000002 10.000002,5.000000,10.000002 5.286625,5.000000,10.187494 
5.286624,5.318353,10.187494 5.286624,5.000000,10.187494 10.000001,5.000000,10.000002 
10.000002,0.000000,20.000004 5.286625,4.681648,10.187507 10.000002,5.000000,20.000002 
10.000002,0.000000,10.000002 5.286625,5.000000,10.187494 5.286625,4.681648,10.187507 
10.000001,5.000000,20.000002 5.286624,4.681648,10.187507 5.286624,5.000000,10.187494 
10.000002,0.000000,10.000002 5.000001,4.681647,10.187494 5.000001,0.000000,10.000002 
0.000002,-0.000001,20.000002 4.713376,4.681647,10.187508 5.000000,4.681647,10.187494 
5.000000,0.000000,10.000002 5.000000,4.681647,10.187494 4.713376,4.681647,10.187508 
10.000002,0.000000,20.000004 5.000001,0.000000,20.000002 5.286625,4.681648,10.187507 
0.000002,-0.000001,20.000002 5.000000,4.681647,10.187494 5.000000,0.000000,20.000002 
5.286624,4.681648,10.187507 5.000000,0.000000,20.000002 5.000000,4.681647,10.187494 
0.000001,10.000002,10.000002 5.000001,5.318355,10.187494 5.000001,10.000002,10.000002 
10.000001,10.000000,20.000002 5.286624,5.318353,10.187494 5.000000,5.318353,10.187494 
5.000000,10.000000,10.000002 5.000000,5.318353,10.187494 5.286624,5.318353,10.187494 
0.000001,10.000002,20.000002 5.000001,10.000002,20.000002 4.713377,5.318355,10.187496 
10.000001,10.000000,20.000002 5.000000,5.318353,10.187494 5.000000,10.000000,20.000002 
4.713376,5.318353,10.187496 5.000000,10.000000,20.000002 5.000000,5.318353,10.187494 
4.713376,5.318355,10.187500 0.000002,10.000002,20.000002 0.000001,10.000002,10.000001 
4.713377,4.681647,10.187500 0.000003,0.000000,20.000002 0.000002,0.000000,10.000001 
5.286624,4.681647,10.187500 10.000002,0.000001,20.000002 10.000002,0.000000,10.000001 
5.286623,5.318353,10.187500 10.000002,10.000000,20.000002 10.000003,10.000000,10.000001 
0.000001,-0.000001,10.000001 5.000000,4.999999,0.187491 0.000000,5.000000,10.000001 
0.000001,-0.000001,10.000001 5.000000,0.000000,10.000001 5.000000,4.999999,0.187491 
10.000001,0.000000,0.000000 5.000001,5.000000,0.000000 10.000001,5.000000,0.000000 
10.000001,0.000000,0.000000 5.000001,0.000000,0.000000 5.000001,5.000000,0.000000 
0.000000,10.000002,10.000001 4.713376,5.318354,0.187494 0.000001,5.000002,10.000001 
0.000000,10.000002,0.000000 0.000001,5.000002,0.000000 4.713376,5.000001,0.187494 
10.000000,10.000000,0.000000 5.286624,5.318352,0.187492 10.000000,5.000000,0.000000 
10.000000,10.000000,10.000001 10.000000,5.000000,10.000001 5.286624,5.000000,0.187492 
0.000001,0.000000,0.000001 5.000000,0.000000,0.000000 4.713375,4.681647,0.187506 
10.000001,0.000000,0.000000 5.286625,4.681648,0.187505 5.000001,4.681647,0.187492 
10.000000,10.000000,0.000000 5.000000,10.000000,0.000000 5.286624,5.318352,0.187492 
0.000000,10.000002,0.000000 4.713376,5.318354,0.187494 5.000001,5.318354,0.187492 
10.000000,10.000000,10.000001 5.000000,10.000000,10.000001 5.000000,4.999999,0.187491 
10.000000,10.000000,10.000001 5.000000,4.999999,0.187491 10.000000,5.000000,10.000001 
0.000000,10.000002,0.000000 5.000001,10.000002,0.000000 5.000001,5.000002,0.000000 
10.000000,10.000000,0.000000 10.000000,5.000000,0.000000 5.000000,10.000000,0.000000 
5.000000,5.000000,0.000000 5.000000,10.000000,0.000000 10.000000,5.000000,0.000000 
0.000001,0.000000,0.000001 0.000000,5.000000,0.000000 5.000000,0.000000,0.000000 
0.000000,10.000002,0.000000 5.000001,5.000002,0.000000 0.000001,5.000002,0.000000 
5.000000,0.000000,0.000000 0.000000,5.000000,0.000000 5.000000,5.000000,0.000000 
0.000000,10.000002,0.000000 4.713376,5.000001,0.187494 4.713376,5.318354,0.187494 
0.000001,-0.000001,10.000001 0.000000,5.000000,10.000001 4.713375,5.000000,0.187494 
4.713375,5.318352,0.187494 4.713375,5.000000,0.187494 0.000000,5.000000,10.000001 
0.000001,0.000000,0.000001 4.713375,4.681647,0.187506 0.000000,5.000000,0.000000 
0.000001,-0.000001,10.000001 4.713375,5.000000,0.187494 4.713375,4.681647,0.187506 
0.000000,5.000000,0.000000 4.713375,4.681647,0.187506 4.713375,5.000000,0.187494 
10.000000,10.000000,10.000001 5.286624,5.000000,0.187492 5.286624,5.318352,0.187492 
10.000001,0.000000,0.000000 10.000001,5.000000,0.000000 5.286625,5.000000,0.187492 
5.286624,5.318352,0.187492 5.286624,5.000000,0.187492 10.000000,5.000000,0.000000 
10.000001,0.000000,10.000002 5.286625,4.681648,0.187505 10.000001,5.000000,10.000001 
10.000001,0.000000,0.000000 5.286625,5.000000,0.187492 5.286625,4.681648,0.187505 
10.000000,5.000000,10.000001 5.286624,4.681648,0.187505 5.286624,5.000000,0.187492 
10.000001,0.000000,0.000000 5.000001,4.681647,0.187492 5.000001,0.000000,0.000000 
0.000001,-0.000001,10.000001 4.713375,4.681647,0.187506 5.000000,4.681647,0.187492 
5.000000,0.000000,0.000000 5.000000,4.681647,0.187492 4.713375,4.681647,0.187506 
10.000001,0.000000,10.000002 5.000001,0.000000,10.000001 5.286625,4.681648,0.187505 
0.000001,-0.000001,10.000001 5.000000,4.681647,0.187492 5.000000,0.000000,10.000001 
5.286624,4.681648,0.187505 5.000000,0.000000,10.000001 5.000000,4.681647,0.187492 
0.000000,10.000002,0.000000 5.000001,5.318354,0.187492 5.000001,10.000002,0.000000 
10.000000,10.000000,10.000001 5.286624,5.318352,0.187492 5.000000,5.318352,0.187492 
5.000000,10.000000,0.000000 5.000000,5.318352,0.187492 5.286624,5.318352,0.187492 
0.000000,10.000002,10.000001 5.000001,10.000002,10.000001 4.713376,5.318354,0.187494 
10.000000,10.000000,10.000001 5.000000,5.318352,0.187492 5.000000,10.000000,10.000001 
4.713375,5.318352,0.187494 5.000000,10.000000,10.000001 5.000000,5.318352,0.187492 
4.713375,5.318354,0.187498 0.000001,10.000002,10.000001 0.000000,10.000002,-0.000001 
4.713376,4.681647,0.187498 0.000002,0.000000,10.000001 0.000001,0.000000,-0.000001 
5.286624,4.681647,0.187498 10.000001,0.000001,10.000001 10.000001,0.000000,-0.000001 
5.286623,5.318352,0.187498 10.000001,10.000000,10.000001 10.000002,10.000000,-0.000001 
0.000002,-0.000000,40.000008 5.000001,5.000000,30.187496 0.000001,5.000001,40.000008 
0.000002,-0.000000,40.000008 5.000001,0.000001,40.000008 5.000001,5.000000,30.187496 
10.000003,0.000001,30.000006 5.000002,5.000001,30.000006 10.000003,5.000001,30.000006 
10.000003,0.000001,30.000006 5.000002,0.000001,30.000006 5.000002,5.000001,30.000006 
0.000001,10.000003,40.000008 4.713377,5.318355,30.187500 0.000002,5.000003,40.000008 
0.000001,10.000003,30.000006 0.000002,5.000003,30.000006 4.713377,5.000002,30.187500 
10.000001,10.000001,30.000006 5.286625,5.318353,30.187496 10.000001,5.000001,30.000006 
10.000001,10.000001,40.000008 10.000001,5.000001,40.000008 5.286625,5.000001,30.187496 
0.000002,0.000001,30.000006 5.000001,0.000001,30.000006 4.713377,4.681648,30.187511 
10.000002,0.000001,30.000006 5.286626,4.681649,30.187510 5.000002,4.681648,30.187496 
10.000001,10.000001,30.000006 5.000001,10.000001,30.000006 5.286625,5.318353,30.187496 
0.000001,10.000003,30.000006 4.713377,5.318355,30.187500 5.000002,5.318355,30.187496 
10.000001,10.000001,40.000008 5.000001,10.000001,40.000008 5.000001,5.000000,30.187496 
10.000001,10.000001,40.000008 5.000001,5.000000,30.187496 10.000001,5.000001,40.000008 
0.000001,10.000003,30.000006 5.000002,10.000003,30.000006 5.000002,5.000003,30.000006 
10.000002,10.000001,30.000006 10.000002,5.000001,30.000006 5.000001,10.000001,30.000006 
5.000001,5.000001,30.000006 5.000001,10.000001,30.000006 10.000002,5.000001,30.000006 
0.000002,0.000001,30.000006 0.000001,5.000001,30.000006 5.000001,0.000001,30.000006 
0.000001,10.000003,30.000006 5.000002,5.000003,30.000006 0.000002,5.000003,30.000006 
5.000001,0.000001,30.000006 0.000001,5.000001,30.000006 5.000001,5.000001,30.000006 
0.000001,10.000003,30.000006 4.713377,5.000002,30.187500 4.713377,5.318355,30.187500 
0.000002,-0.000000,40.000008 0.000001,5.000001,40.000008 4.713377,5.000001,30.187500 
4.713377,5.318353,30.187500 4.713377,5.000001,30.187500 0.000001,5.000001,40.000008 
0.000002,0.000001,30.000006 4.713377,4.681648,30.187511 0.000001,5.000001,30.000006 
0.000002,-0.000000,40.000008 4.713377,5.000001,30.187500 4.713377,4.681648,30.187511 
0.000001,5.000001,30.000006 4.713377,4.681648,30.187511 4.713377,5.000001,30.187500 
10.000001,10.000001,40.000008 5.286625,5.000001,30.187496 5.286625,5.318353,30.187496 
10.000002,0.000001,30.000006 10.000002,5.000001,30.000006 5.286626,5.000001,30.187496 
5.286625,5.318353,30.187496 5.286625,5.000001,30.187496 10.000001,5.000001,30.000006 
10.000002,0.000001,40.000008 5.286626,4.681649,30.187510 10.000002,5.000001,40.000008 
10.000002,0.000001,30.000006 5.286626,5.000001,30.187496 5.286626,4.681649,30.187510 
10.000001,5.000001,40.000008 5.286625,4.681649,30.187510 5.286625,5.000001,30.187496 
10.000002,0.000001,30.000006 5.000002,4.681648,30.187496 5.000002,0.000001,30.000006 
0.000002,-0.000000,40.000008 4.713377,4.681648,30.187511 5.000001,4.681648,30.187496 
5.000001,0.000001,30.000006 5.000001,4.681648,30.187496 4.713377,4.681648,30.187511 
10.000002,0.000001,40.000008 5.000002,0.000001,40.000008 5.286626,4.681649,30.187510 
0.000002,-0.000000,40.000008 5.000001,4.681648,30.187496 5.000001,0.000001,40.000008 
5.286625,4.681649,30.187510 5.000001,0.000001,40.000008 5.000001,4.681648,30.187496 
0.000001,10.000003,30.000006 5.000002,5.318355,30.187496 5.000002,10.000003,30.000006 
10.000001,10.000001,40.000008 5.286625,5.318353,30.187496 5.000001,5.318353,30.187496 
5.000001,10.000001,30.000006 5.000001,5.318353,30.187496 5.286625,5.318353,30.187496 
0.000001,10.000003,40.000008 5.000002,10.000003,40.000008 4.713377,5.318355,30.187500 
10.000001,10.000001,40.000008 5.000001,5.318353,30.187496 5.000001,10.000001,40.000008 
4.713377,5.318353,30.187500 5.000001,10.000001,40.000008 5.000001,5.318353,30.187496 
4.713377,5.318355,30.187504 0.000002,10.000003,40.000008 0.000001,10.000003,30.000004 
4.713377,4.681648,30.187504 0.000003,0.000001,40.000008 0.000002,0.000001,30.000004 
5.286625,4.681648,30.187504 10.000002,0.000002,40.000008 10.000002,0.000001,30.000004 
5.286624,5.318353,30.187504 10.000002,10.000001,40.000008 10.000003,10.000001,30.000004 
0.000002,-0.000000,30.000004 5.000001,5.000000,20.187494 0.000001,5.000000,30.000004 
0.000002,-0.000000,30.000004 5.000001,0.000001,30.000004 5.000001,5.000000,20.187494 
0.000001,10.000003,30.000004 4.713377,5.318355,20.187496 0.000002,5.000002,30.000004 
0.000001,10.000003,20.000004 0.000002,5.000002,20.000004 4.713377,5.000001,20.187496 
10.000001,10.000001,20.000004 5.286625,5.318353,20.187494 10.000001,5.000000,20.000004 
10.000001,10.000001,30.000004 10.000001,5.000000,30.000004 5.286625,5.000000,20.187494 
0.000002,0.000001,20.000004 5.000001,0.000001,20.000004 4.713376,4.681647,20.187510 
10.000002,0.000001,20.000004 5.286626,4.681648,20.187508 5.000002,4.681647,20.187494 
10.000001,10.000001,20.000004 5.000001,10.000001,20.000004 5.286625,5.318353,20.187494 
0.000001,10.000003,20.000004 4.713377,5.318355,20.187496 5.000002,5.318355,20.187494 
10.000001,10.000001,30.000004 5.000001,10.000001,30.000004 5.000001,5.000000,20.187494 
10.000001,10.000001,30.000004 5.000001,5.000000,20.187494 10.000001,5.000000,30.000004 
0.000001,10.000003,20.000004 4.713377,5.000001,20.187496 4.713377,5.318355,20.187496 
0.000002,-0.000000,30.000004 0.000001,5.000000,30.000004 4.713376,5.000000,20.187496 
4.713376,5.318353,20.187496 4.713376,5.000000,20.187496 0.000001,5.000000,30.000004 
0.000002,0.000001,20.000004 4.713376,4.681647,20.187510 0.000001,5.000000,20.000004 
0.000002,-0.000000,30.000004 4.713376,5.000000,20.187496 4.713376,4.681647,20.187510 
0.000001,5.000000,20.000004 4.713376,4.681647,20.187510 4.713376,5.000000,20.187496 
10.000001,10.000001,30.000004 5.286625,5.000000,20.187494 5.286625,5.318353,20.187494 
10.000002,0.000001,20.000004 10.000002,5.000000,20.000004 5.286626,5.000000,20.187494 
5.286625,5.318353,20.187494 5.286625,5.000000,20.187494 10.000001,5.000000,20.000004 
10.000002,0.000001,30.000006 5.286626,4.681648,20.187508 10.000002,5.000000,30.000004 
10.000002,0.000001,20.000004 5.286626,5.000000,20.187494 5.286626,4.681648,20.187508 
10.000001,5.000000,30.000004 5.286625,4.681648,20.187508 5.286625,5.000000,20.187494 
10.000002,0.000001,20.000004 5.000002,4.681647,20.187494 5.000002,0.000001,20.000004 
0.000002,-0.000000,30.000004 4.713376,4.681647,20.187510 5.000001,4.681647,20.187494 
5.000001,0.000001,20.000004 5.000001,4.681647,20.187494 4.713376,4.681647,20.187510 
10.000002,0.000001,30.000006 5.000002,0.000001,30.000004 5.286626,4.681648,20.187508 
0.000002,-0.000000,30.000004 5.000001,4.681647,20.187494 5.000001,0.000001,30.000004 
5.286625,4.681648,20.187508 5.000001,0.000001,30.000004 5.000001,4.681647,20.187494 
0.000001,10.000003,20.000004 5.000002,5.318355,20.187494 5.000002,10.000003,20.000004 
10.000001,10.000001,30.000004 5.286625,5.318353,20.187494 5.000001,5.318353,20.187494 
5.000001,10.000001,20.000004 5.000001,5.318353,20.187494 5.286625,5.318353,20.187494 
0.000001,10.000003,30.000004 5.000002,10.000003,30.000004 4.713377,5.318355,20.187496 
10.000001,10.000001,30.000004 5.000001,5.318353,20.187494 5.000001,10.000001,30.000004 
4.713376,5.318353,20.187496 5.000001,10.000001,30.000004 5.000001,5.318353,20.187494 
4.713376,5.318355,20.187502 0.000002,10.000003,30.000004 0.000001,10.000003,20.000002 
4.713377,4.681647,20.187502 0.000003,0.000001,30.000004 0.000002,0.000001,20.000002 
5.286625,4.681647,20.187502 10.000002,0.000002,30.000004 10.000002,0.000001,20.000002 
5.286624,5.318353,20.187502 10.000002,10.000001,30.000004 10.000003,10.000001,20.000002 
