0.000001,-0.000001,10.000001 5.000005,5.000000,7.115367 0.000000,5.000000,10.000001 
0.000001,-0.000001,10.000001 5.000000,-0.000000,10.000001 5.000005,5.000000,7.115367 
10.000000,0.000000,0.000000 5.000000,5.000000,-0.000000 10.000000,5.000000,0.000000 
10.000000,0.000000,0.000000 5.000000,0.000000,0.000000 5.000000,5.000000,-0.000000 
-0.000001,10.000000,10.000001 3.214130,6.900669,7.115369 0.000000,5.000000,10.000001 
-0.000001,10.000000,0.000000 0.000000,5.000000,0.000000 3.214130,5.000002,7.115369 
10.000000,10.000000,-0.000000 6.785876,6.900669,7.115369 10.000000,5.000000,0.000000 
10.000000,10.000000,10.000001 10.000000,5.000000,10.000001 6.785876,5.000002,7.115369 
0.000001,-0.000000,0.000001 5.000000,0.000000,0.000000 3.214131,3.099336,7.115403 
10.000000,0.000000,0.000000 6.785876,3.099336,7.115401 5.000003,3.099336,7.115369 
10.000000,10.000000,-0.000000 5.000000,10.000000,0.000000 6.785876,6.900669,7.115369 
-0.000001,10.000000,0.000000 3.214130,6.900669,7.115369 5.000003,6.900669,7.115369 
10.000000,10.000000,10.000001 5.000000,10.000000,10.000001 5.000005,5.000000,7.115367 
-0.000001,10.000000,10.000001 0.000000,5.000000,10.000001 5.000000,10.000000,10.000001 
5.000005,5.000000,7.115367 5.000000,10.000000,10.000001 0.000000,5.000000,10.000001 
10.000000,0.000000,10.000002 10.000000,5.000000,10.000001 5.000000,-0.000000,10.000001 
10.000000,10.000000,10.000001 5.000005,5.000000,7.115367 10.000000,5.000000,10.000001 
5.000000,-0.000000,10.000001 10.000000,5.000000,10.000001 5.000005,5.000000,7.115367 
-0.000001,10.000000,0.000000 5.000000,10.000000,0.000000 5.000000,5.000000,-0.000000 
10.000000,10.000000,-0.000000 10.000000,5.000000,0.000000 5.000000,10.000000,0.000000 
5.000000,5.000000,-0.000000 5.000000,10.000000,0.000000 10.000000,5.000000,0.000000 
0.000001,-0.000000,0.000001 0.000000,5.000000,0.000000 5.000000,0.000000,0.000000 
-0.000001,10.000000,0.000000 5.000000,5.000000,-0.000000 0.000000,5.000000,0.000000 
5.000000,0.000000,0.000000 0.000000,5.000000,0.000000 5.000000,5.000000,-0.000000 
-0.000001,10.000000,0.000000 3.214130,5.000002,7.115369 3.214130,6.900669,7.115369 
0.000001,-0.000001,10.000001 0.000000,5.000000,10.000001 3.214130,5.000002,7.115369 
3.214130,6.900669,7.115369 3.214130,5.000002,7.115369 0.000000,5.000000,10.000001 
0.000001,-0.000000,0.000001 3.214131,3.099336,7.115403 0.000000,5.000000,0.000000 
0.000001,-0.000001,10.000001 3.214130,5.000002,7.115369 3.214131,3.099336,7.115403 
0.000000,5.000000,0.000000 3.214131,3.099336,7.115403 3.214130,5.000002,7.115369 
10.000000,10.000000,10.000001 6.785876,5.000002,7.115369 6.785876,6.900669,7.115369 
10.000000,0.000000,0.000000 10.000000,5.000000,0.000000 6.785876,5.000002,7.115369 
6.785876,6.900669,7.115369 6.785876,5.000002,7.115369 10.000000,5.000000,0.000000 
10.000000,0.000000,10.000002 6.785876,3.099336,7.115401 10.000000,5.000000,10.000001 
10.000000,0.000000,0.000000 6.785876,5.000002,7.115369 6.785876,3.099336,7.115401 
10.000000,5.000000,10.000001 6.785876,3.099336,7.115401 6.785876,5.000002,7.115369 
10.000000,0.000000,0.000000 5.000003,3.099336,7.115369 5.000000,0.000000,0.000000 
0.000001,-0.000001,10.000001 3.214131,3.099336,7.115403 5.000003,3.099336,7.115369 
5.000000,0.000000,0.000000 5.000003,3.099336,7.115369 3.214131,3.099336,7.115403 
10.000000,0.000000,10.000002 5.000000,-0.000000,10.000001 6.785876,3.099336,7.115401 
0.000001,-0.000001,10.000001 5.000003,3.099336,7.115369 5.000000,-0.000000,10.000001 
6.785876,3.099336,7.115401 5.000000,-0.000000,10.000001 5.000003,3.099336,7.115369 
-0.000001,10.000000,0.000000 5.000003,6.900669,7.115369 5.000000,10.000000,0.000000 
10.000000,10.000000,10.000001 6.785876,6.900669,7.115369 5.000003,6.900669,7.115369 
5.000000,10.000000,0.000000 5.000003,6.900669,7.115369 6.785876,6.900669,7.115369 
-0.000001,10.000000,10.000001 5.000000,10.000000,10.000001 3.214130,6.900669,7.115369 
10.000000,10.000000,10.000001 5.000003,6.900669,7.115369 5.000000,10.000000,10.000001 
3.214130,6.900669,7.115369 5.000000,10.000000,10.000001 5.000003,6.900669,7.115369 
3.214122,6.900668,7.115385 -0.000000,10.000000,10.000001 -0.000001,10.000001,-0.000001 
3.214131,3.099331,7.115385 0.000002,-0.000000,10.000001 0.000001,-0.000000,-0.000001 
6.785874,3.099332,7.115385 10.000000,0.000001,10.000001 10.000000,-0.000000,-0.000001 
6.785874,6.900667,7.115385 10.000001,10.000000,10.000001 10.000002,10.000000,-0.000001 
