0.000001,-0.000001,10.000001 5.000012,5.000000,4.999964 0.000000,5.000000,10.000001 
0.000001,-0.000001,10.000001 5.000000,-0.000000,10.000001 5.000012,5.000000,4.999964 
10.000000,0.000000,0.000000 5.000000,5.000000,0.000000 10.000000,5.000000,0.000000 
10.000000,0.000000,0.000000 5.000000,0.000000,0.000000 5.000000,5.000000,0.000000 
-0.000001,10.000000,10.000001 0.720872,9.356287,4.999969 0.000000,5.000000,10.000001 
-0.000001,10.000000,0.000000 0.000000,5.000000,0.000000 0.720873,5.000006,4.999969 
10.000000,10.000000,-0.000000 9.279145,9.356287,4.999968 10.000000,5.000000,0.000000 
10.000000,10.000000,10.000001 10.000000,5.000000,10.000001 9.279145,5.000006,4.999968 
0.000001,-0.000000,0.000001 5.000000,0.000000,0.000000 0.720874,0.643725,5.000036 
10.000000,0.000000,0.000000 9.279145,0.643725,5.000031 5.000009,0.643725,4.999968 
10.000000,10.000000,-0.000000 5.000000,10.000000,0.000000 9.279145,9.356287,4.999968 
-0.000001,10.000000,0.000000 0.720872,9.356287,4.999969 5.000008,9.356287,4.999968 
10.000000,10.000000,10.000001 5.000000,10.000000,10.000001 5.000012,5.000000,4.999964 
-0.000001,10.000000,10.000001 0.000000,5.000000,10.000001 5.000000,10.000000,10.000001 
5.000012,5.000000,4.999964 5.000000,10.000000,10.000001 0.000000,5.000000,10.000001 
10.000000,0.000000,10.000002 10.000000,5.000000,10.000001 5.000000,-0.000000,10.000001 
10.000000,10.000000,10.000001 5.000012,5.000000,4.999964 10.000000,5.000000,10.000001 
5.000000,-0.000000,10.000001 10.000000,5.000000,10.000001 5.000012,5.000000,4.999964 
-0.000001,10.000000,0.000000 5.000000,10.000000,0.000000 5.000000,5.000000,0.000000 
10.000000,10.000000,-0.000000 10.000000,5.000000,0.000000 5.000000,10.000000,0.000000 
5.000000,5.000000,0.000000 5.000000,10.000000,0.000000 10.000000,5.000000,0.000000 
0.000001,-0.000000,0.000001 0.000000,5.000000,0.000000 5.000000,0.000000,0.000000 
-0.000001,10.000000,0.000000 5.000000,5.000000,0.000000 0.000000,5.000000,0.000000 
5.000000,0.000000,0.000000 0.000000,5.000000,0.000000 5.000000,5.000000,0.000000 
-0.000001,10.000000,0.000000 0.720873,5.000006,4.999969 0.720872,9.356287,4.999969 
0.000001,-0.000001,10.000001 0.000000,5.000000,10.000001 0.720873,5.000006,4.999969 
0.720872,9.356287,4.999969 0.720873,5.000006,4.999969 0.000000,5.000000,10.000001 
0.000001,-0.000000,0.000001 0.720874,0.643725,5.000036 0.000000,5.000000,0.000000 
0.000001,-0.000001,10.000001 0.720873,5.000006,4.999969 0.720874,0.643725,5.000036 
0.000000,5.000000,0.000000 0.720874,0.643725,5.000036 0.720873,5.000006,4.999969 
10.000000,10.000000,10.000001 9.279145,5.000006,4.999968 9.279145,9.356287,4.999968 
10.000000,0.000000,0.000000 10.000000,5.000000,0.000000 9.279145,5.000006,4.999968 
9.279145,9.356287,4.999968 9.279145,5.000006,4.999968 10.000000,5.000000,0.000000 
10.000000,0.000000,10.000002 9.279145,0.643725,5.000031 10.000000,5.000000,10.000001 
10.000000,0.000000,0.000000 9.279145,5.000006,4.999968 9.279145,0.643725,5.000031 
10.000000,5.000000,10.000001 9.279145,0.643725,5.000031 9.279145,5.000006,4.999968 
10.000000,0.000000,0.000000 5.000009,0.643725,4.999968 5.000000,0.000000,0.000000 
0.000001,-0.000001,10.000001 0.720874,0.643725,5.000036 5.000009,0.643725,4.999968 
5.000000,0.000000,0.000000 5.000009,0.643725,4.999968 0.720874,0.643725,5.000036 
10.000000,0.000000,10.000002 5.000000,-0.000000,10.000001 9.279145,0.643725,5.000031 
0.000001,-0.000001,10.000001 5.000009,0.643725,4.999968 5.000000,-0.000000,10.000001 
9.279145,0.643725,5.000031 5.000000,-0.000000,10.000001 5.000009,0.643725,4.999968 
-0.000001,10.000000,0.000000 5.000008,9.356287,4.999968 5.000000,10.000000,0.000000 
10.000000,10.000000,10.000001 9.279145,9.356287,4.999968 5.000008,9.356287,4.999968 
5.000000,10.000000,0.000000 5.000008,9.356287,4.999968 9.279145,9.356287,4.999968 
-0.000001,10.000000,10.000001 5.000000,10.000000,10.000001 0.720872,9.356287,4.999969 
10.000000,10.000000,10.000001 5.000008,9.356287,4.999968 5.000000,10.000000,10.000001 
0.720872,9.356287,4.999969 5.000000,10.000000,10.000001 5.000008,9.356287,4.999968 
0.720853,9.356286,4.999999 -0.000000,10.000000,10.000001 -0.000001,10.000001,-0.000001 
0.720876,0.643713,5.000000 0.000002,-0.000000,10.000001 0.000001,-0.000000,-0.000001 
9.279140,0.643715,5.000000 10.000000,0.000001,10.000001 10.000000,-0.000000,-0.000001 
9.279140,9.356282,5.000000 10.000001,10.000000,10.000001 10.000002,10.000000,-0.000001 
