0.000001,-0.000001,10.000001 5.000000,7.846154,4.999993 0.000000,5.000000,10.000001 
0.000001,-0.000001,10.000001 5.000000,-0.000000,10.000001 5.000000,7.846154,4.999993 
10.000000,0.000000,0.000000 5.000000,5.000000,0.000000 10.000000,5.000000,0.000000 
10.000000,0.000000,0.000000 5.000000,0.000000,0.000000 5.000000,5.000000,0.000000 
-0.000001,10.000000,10.000001 4.713375,8.164507,4.999995 0.000000,5.000000,10.000001 
-0.000001,10.000000,0.000000 0.000000,5.000000,0.000000 4.713375,7.846155,4.999995 
10.000000,10.000000,-0.000000 5.286624,8.164507,4.999994 10.000000,5.000000,0.000000 
10.000000,10.000000,10.000001 10.000000,5.000000,10.000001 5.286624,7.846155,4.999994 
0.000001,-0.000000,0.000001 5.000000,0.000000,0.000000 4.713375,7.527802,5.000007 
10.000000,0.000000,0.000000 5.286624,7.527803,5.000006 5.000000,7.527802,4.999994 
10.000000,10.000000,-0.000000 5.000000,10.000000,0.000000 5.286624,8.164507,4.999994 
-0.000001,10.000000,0.000000 4.713375,8.164507,4.999995 5.000000,8.164507,4.999994 
10.000000,10.000000,10.000001 5.000000,10.000000,10.000001 5.000000,7.846154,4.999993 
-0.000001,10.000000,10.000001 0.000000,5.000000,10.000001 5.000000,10.000000,10.000001 
5.000000,7.846154,4.999993 5.000000,10.000000,10.000001 0.000000,5.000000,10.000001 
10.000000,0.000000,10.000002 10.000000,5.000000,10.000001 5.000000,-0.000000,10.000001 
10.000000,10.000000,10.000001 5.000000,7.846154,4.999993 10.000000,5.000000,10.000001 
5.000000,-0.000000,10.000001 10.000000,5.000000,10.000001 5.000000,7.846154,4.999993 
-0.000001,10.000000,0.000000 5.000000,10.000000,0.000000 5.000000,5.000000,0.000000 
10.000000,10.000000,-0.000000 10.000000,5.000000,0.000000 5.000000,10.000000,0.000000 
5.000000,5.000000,0.000000 5.000000,10.000000,0.000000 10.000000,5.000000,0.000000 
0.000001,-0.000000,0.000001 0.000000,5.000000,0.000000 5.000000,0.000000,0.000000 
-0.000001,10.000000,0.000000 5.000000,5.000000,0.000000 0.000000,5.000000,0.000000 
5.000000,0.000000,0.000000 0.000000,5.000000,0.000000 5.000000,5.000000,0.000000 
-0.000001,10.000000,0.000000 4.713375,7.846155,4.999995 4.713375,8.164507,4.999995 
0.000001,-0.000001,10.000001 0.000000,5.000000,10.000001 4.713375,7.846155,4.999995 
4.713375,8.164507,4.999995 4.713375,7.846155,4.999995 0.000000,5.000000,10.000001 
0.000001,-0.000000,0.000001 4.713375,7.527802,5.000007 0.000000,5.000000,0.000000 
0.000001,-0.000001,10.000001 4.713375,7.846155,4.999995 4.713375,7.527802,5.000007 
0.000000,5.000000,0.000000 4.713375,7.527802,5.000007 4.713375,7.846155,4.999995 
10.000000,10.000000,10.000001 5.286624,7.846155,4.999994 5.286624,8.164507,4.999994 
10.000000,0.000000,0.000000 10.000000,5.000000,0.000000 5.286624,7.846155,4.999994 
5.286624,8.164507,4.999994 5.286624,7.846155,4.999994 10.000000,5.000000,0.000000 
10.000000,0.000000,10.000002 5.286624,7.527803,5.000006 10.000000,5.000000,10.000001 
10.000000,0.000000,0.000000 5.286624,7.846155,4.999994 5.286624,7.527803,5.000006 
10.000000,5.000000,10.000001 5.286624,7.527803,5.000006 5.286624,7.846155,4.999994 
10.000000,0.000000,0.000000 5.000000,7.527802,4.999994 5.000000,0.000000,0.000000 
0.000001,-0.000001,10.000001 4.713375,7.527802,5.000007 5.000000,7.527802,4.999994 
5.000000,0.000000,0.000000 5.000000,7.527802,4.999994 4.713375,7.527802,5.000007 
10.000000,0.000000,10.000002 5.000000,-0.000000,10.000001 5.286624,7.527803,5.000006 
0.000001,-0.000001,10.000001 5.000000,7.527802,4.999994 5.000000,-0.000000,10.000001 
5.286624,7.527803,5.000006 5.000000,-0.000000,10.000001 5.000000,7.527802,4.999994 
-0.000001,10.000000,0.000000 5.000000,8.164507,4.999994 5.000000,10.000000,0.000000 
10.000000,10.000000,10.000001 5.286624,8.164507,4.999994 5.000000,8.164507,4.999994 
5.000000,10.000000,0.000000 5.000000,8.164507,4.999994 5.286624,8.164507,4.999994 
-0.000001,10.000000,10.000001 5.000000,10.000000,10.000001 4.713375,8.164507,4.999995 
10.000000,10.000000,10.000001 5.000000,8.164507,4.999994 5.000000,10.000000,10.000001 
4.713375,8.164507,4.999995 5.000000,10.000000,10.000001 5.000000,8.164507,4.999994 
4.713374,8.164507,5.000000 -0.000000,10.000000,10.000001 -0.000001,10.000001,-0.000001 
4.713376,7.527802,5.000000 0.000002,-0.000000,10.000001 0.000001,-0.000000,-0.000001 
5.286623,7.527802,5.000000 10.000000,0.000001,10.000001 10.000000,-0.000000,-0.000001 
5.286623,8.164507,5.000000 10.000001,10.000000,10.000001 10.000002,10.000000,-0.000001 
