0.000000,0.000001,100.000000 4.999999,5.000001,90.187489 -0.000001,5.000002,100.000000 
0.000000,0.000001,100.000000 4.999999,0.000002,100.000000 4.999999,5.000001,90.187489 
10.000000,0.000002,90.000000 5.000000,5.000002,90.000000 10.000000,5.000002,90.000000 
10.000000,0.000002,90.000000 5.000000,0.000002,90.000000 5.000000,5.000002,90.000000 
-0.000001,10.000004,100.000000 4.713375,5.318356,90.187492 0.000000,5.000004,100.000000 
-0.000001,10.000004,90.000000 0.000000,5.000004,90.000000 4.713375,5.000003,90.187492 
9.999999,10.000002,90.000000 5.286623,5.318355,90.187489 9.999999,5.000002,90.000000 
9.999999,10.000002,100.000000 9.999999,5.000002,100.000000 5.286623,5.000002,90.187489 
0.000000,0.000002,90.000000 4.999999,0.000002,90.000000 4.713374,4.681649,90.187504 
10.000000,0.000002,90.000000 5.286624,4.681650,90.187504 5.000000,4.681649,90.187489 
9.999999,10.000002,90.000000 4.999999,10.000002,90.000000 5.286623,5.318355,90.187489 
-0.000001,10.000004,90.000000 4.713375,5.318356,90.187492 5.000000,5.318356,90.187489 
9.999999,10.000002,100.000000 4.999999,10.000002,100.000000 4.999999,5.000001,90.187489 
9.999999,10.000002,100.000000 4.999999,5.000001,90.187489 9.999999,5.000002,100.000000 
0.000000,10.000004,90.000000 5.000000,10.000004,90.000000 5.000000,5.000004,90.000000 
10.000000,10.000002,90.000000 10.000000,5.000002,90.000000 5.000000,10.000002,90.000000 
5.000000,5.000002,90.000000 5.000000,10.000002,90.000000 10.000000,5.000002,90.000000 
0.000001,0.000002,90.000000 0.000000,5.000002,90.000000 5.000000,0.000002,90.000000 
0.000000,10.000004,90.000000 5.000000,5.000004,90.000000 0.000001,5.000004,90.000000 
5.000000,0.000002,90.000000 0.000000,5.000002,90.000000 5.000000,5.000002,90.000000 
-0.000001,10.000004,90.000000 4.713375,5.000003,90.187492 4.713375,5.318356,90.187492 
0.000000,0.000001,100.000000 -0.000001,5.000002,100.000000 4.713374,5.000002,90.187492 
4.713374,5.318355,90.187492 4.713374,5.000002,90.187492 -0.000001,5.000002,100.000000 
0.000000,0.000002,90.000000 4.713374,4.681649,90.187504 -0.000001,5.000002,90.000000 
0.000000,0.000001,100.000000 4.713374,5.000002,90.187492 4.713374,4.681649,90.187504 
-0.000001,5.000002,90.000000 4.713374,4.681649,90.187504 4.713374,5.000002,90.187492 
9.999999,10.000002,100.000000 5.286623,5.000002,90.187489 5.286623,5.318355,90.187489 
10.000000,0.000002,90.000000 10.000000,5.000002,90.000000 5.286624,5.000002,90.187489 
5.286623,5.318355,90.187489 5.286623,5.000002,90.187489 9.999999,5.000002,90.000000 
10.000000,0.000002,100.000000 5.286624,4.681650,90.187504 10.000000,5.000002,100.000000 
10.000000,0.000002,90.000000 5.286624,5.000002,90.187489 5.286624,4.681650,90.187504 
9.999999,5.000002,100.000000 5.286623,4.681650,90.187504 5.286623,5.000002,90.187489 
10.000000,0.000002,90.000000 5.000000,4.681649,90.187489 5.000000,0.000002,90.000000 
0.000000,0.000001,100.000000 4.713374,4.681649,90.187504 4.999999,4.681649,90.187489 
4.999999,0.000002,90.000000 4.999999,4.681649,90.187489 4.713374,4.681649,90.187504 
10.000000,0.000002,100.000000 5.000000,0.000002,100.000000 5.286624,4.681650,90.187504 
0.000000,0.000001,100.000000 4.999999,4.681649,90.187489 4.999999,0.000002,100.000000 
5.286623,4.681650,90.187504 4.999999,0.000002,100.000000 4.999999,4.681649,90.187489 
-0.000001,10.000004,90.000000 5.000000,5.318356,90.187489 5.000000,10.000004,90.000000 
9.999999,10.000002,100.000000 5.286623,5.318355,90.187489 4.999999,5.318355,90.187489 
4.999999,10.000002,90.000000 4.999999,5.318355,90.187489 5.286623,5.318355,90.187489 
-0.000001,10.000004,100.000000 5.000000,10.000004,100.000000 4.713375,5.318356,90.187492 
9.999999,10.000002,100.000000 4.999999,5.318355,90.187489 4.999999,10.000002,100.000000 
4.713374,5.318355,90.187492 4.999999,10.000002,100.000000 4.999999,5.318355,90.187489 
4.713374,5.318356,90.187496 0.000000,10.000004,100.000000 -0.000001,10.000004,89.999996 
4.713375,4.681649,90.187496 0.000001,0.000002,100.000000 0.000000,0.000002,89.999996 
5.286623,4.681649,90.187496 10.000000,0.000003,100.000000 10.000000,0.000002,89.999996 
5.286622,5.318355,90.187496 10.000000,10.000002,100.000000 10.000001,10.000002,89.999996 
0.000000,0.000001,89.999996 4.999999,5.000001,80.187489 -0.000001,5.000002,89.999996 
0.000000,0.000001,89.999996 4.999999,0.000002,89.999996 4.999999,5.000001,80.187489 
10.000002,0.000001,20.000004 5.000002,5.000001,20.000004 10.000002,5.000001,20.000004 
10.000002,0.000001,20.000004 5.000002,0.000001,20.000004 5.000002,5.000001,20.000004 
-0.000001,10.000004,89.999996 4.713375,5.318356,80.187489 0.000000,5.000004,89.999996 
-0.000001,10.000004,79.999996 0.000000,5.000004,79.999996 4.713375,5.000003,80.187489 
9.999999,10.000002,79.999996 5.286623,5.318354,80.187489 9.999999,5.000002,79.999996 
9.999999,10.000002,89.999996 9.999999,5.000002,89.999996 5.286623,5.000002,80.187489 
0.000000,0.000002,79.999996 4.999999,0.000002,79.999996 4.713374,4.681649,80.187504 
10.000000,0.000002,79.999996 5.286624,4.681650,80.187500 5.000000,4.681649,80.187489 
9.999999,10.000002,79.999996 4.999999,10.000002,79.999996 5.286623,5.318354,80.187489 
-0.000001,10.000004,79.999996 4.713375,5.318356,80.187489 5.000000,5.318356,80.187489 
9.999999,10.000002,89.999996 4.999999,10.000002,89.999996 4.999999,5.000001,80.187489 
9.999999,10.000002,89.999996 4.999999,5.000001,80.187489 9.999999,5.000002,89.999996 
0.000001,10.000002,20.000004 5.000002,10.000002,20.000004 5.000002,5.000002,20.000004 
10.000001,10.000001,20.000004 10.000001,5.000001,20.000004 5.000001,10.000001,20.000004 
5.000001,5.000001,20.000004 5.000001,10.000001,20.000004 10.000001,5.000001,20.000004 
0.000002,0.000001,20.000004 0.000001,5.000001,20.000004 5.000001,0.000001,20.000004 
0.000001,10.000002,20.000004 5.000002,5.000002,20.000004 0.000002,5.000002,20.000004 
5.000001,0.000001,20.000004 0.000001,5.000001,20.000004 5.000001,5.000001,20.000004 
-0.000001,10.000004,79.999996 4.713375,5.000003,80.187489 4.713375,5.318356,80.187489 
0.000000,0.000001,89.999996 -0.000001,5.000002,89.999996 4.713374,5.000002,80.187489 
4.713374,5.318354,80.187489 4.713374,5.000002,80.187489 -0.000001,5.000002,89.999996 
0.000000,0.000002,79.999996 4.713374,4.681649,80.187504 -0.000001,5.000002,79.999996 
0.000000,0.000001,89.999996 4.713374,5.000002,80.187489 4.713374,4.681649,80.187504 
-0.000001,5.000002,79.999996 4.713374,4.681649,80.187504 4.713374,5.000002,80.187489 
9.999999,10.000002,89.999996 5.286623,5.000002,80.187489 5.286623,5.318354,80.187489 
10.000000,0.000002,79.999996 10.000000,5.000002,79.999996 5.286624,5.000002,80.187489 
5.286623,5.318354,80.187489 5.286623,5.000002,80.187489 9.999999,5.000002,79.999996 
10.000000,0.000002,90.000000 5.286624,4.681650,80.187500 10.000000,5.000002,89.999996 
10.000000,0.000002,79.999996 5.286624,5.000002,80.187489 5.286624,4.681650,80.187500 
9.999999,5.000002,89.999996 5.286623,4.681650,80.187500 5.286623,5.000002,80.187489 
10.000000,0.000002,79.999996 5.000000,4.681649,80.187489 5.000000,0.000002,79.999996 
0.000000,0.000001,89.999996 4.713374,4.681649,80.187504 4.999999,4.681649,80.187489 
4.999999,0.000002,79.999996 4.999999,4.681649,80.187489 4.713374,4.681649,80.187504 
10.000000,0.000002,90.000000 5.000000,0.000002,89.999996 5.286624,4.681650,80.187500 
0.000000,0.000001,89.999996 4.999999,4.681649,80.187489 4.999999,0.000002,89.999996 
5.286623,4.681650,80.187500 4.999999,0.000002,89.999996 4.999999,4.681649,80.187489 
-0.000001,10.000004,79.999996 5.000000,5.318356,80.187489 5.000000,10.000004,79.999996 
9.999999,10.000002,89.999996 5.286623,5.318354,80.187489 4.999999,5.318354,80.187489 
4.999999,10.000002,79.999996 4.999999,5.318354,80.187489 5.286623,5.318354,80.187489 
-0.000001,10.000004,89.999996 5.000000,10.000004,89.999996 4.713375,5.318356,80.187489 
9.999999,10.000002,89.999996 4.999999,5.318354,80.187489 4.999999,10.000002,89.999996 
4.713374,5.318354,80.187489 4.999999,10.000002,89.999996 4.999999,5.318354,80.187489 
4.713374,5.318356,80.187492 0.000000,10.000004,89.999996 -0.000001,10.000004,79.999996 
4.713375,4.681649,80.187492 0.000001,0.000002,89.999996 0.000000,0.000002,79.999996 
5.286623,4.681649,80.187492 10.000000,0.000003,89.999996 10.000000,0.000002,79.999996 
5.286622,5.318354,80.187492 10.000000,10.000002,89.999996 10.000001,10.000002,79.999996 
0.000002,-0.000001,20.000002 5.000000,5.000000,10.187493 0.000001,5.000000,20.000002 
0.000002,-0.000001,20.000002 5.000000,0.000000,20.000002 5.000000,5.000000,10.187493 
10.000002,0.000000,10.000002 5.000001,5.000000,10.000002 10.000002,5.000000,10.000002 
10.000002,0.000000,10.000002 5.000001,0.000000,10.000002 5.000001,5.000000,10.000002 
0.000001,10.000002,20.000002 4.713377,5.318355,10.187496 0.000002,5.000002,20.000002 
0.000001,10.000002,10.000002 0.000002,5.000002,10.000002 4.713377,5.000001,10.187496 
10.000001,10.000000,10.000002 5.286624,5.318353,10.187494 10.000001,5.000000,10.000002 
10.000001,10.000000,20.000002 10.000001,5.000000,20.000002 5.286624,5.000000,10.187494 
0.000002,0.000000,10.000003 5.000000,0.000000,10.000002 4.713376,4.681647,10.187508 
10.000002,0.000000,10.000002 5.286625,4.681648,10.187507 5.000001,4.681647,10.187494 
10.000001,10.000000,10.000002 5.000000,10.000000,10.000002 5.286624,5.318353,10.187494 
0.000001,10.000002,10.000002 4.713377,5.318355,10.187496 5.000001,5.318355,10.187494 
10.000001,10.000000,20.000002 5.000000,10.000000,20.000002 5.000000,5.000000,10.187493 
10.000001,10.000000,20.000002 5.000000,5.000000,10.187493 10.000001,5.000000,20.000002 
0.000001,10.000002,10.000002 5.000001,10.000002,10.000002 5.000001,5.000002,10.000002 
10.000001,10.000000,10.000002 10.000001,5.000000,10.000002 5.000000,10.000000,10.000002 
5.000000,5.000000,10.000002 5.000000,10.000000,10.000002 10.000001,5.000000,10.000002 
0.000002,0.000000,10.000003 0.000001,5.000000,10.000002 5.000000,0.000000,10.000002 
0.000001,10.000002,10.000002 5.000001,5.000002,10.000002 0.000002,5.000002,10.000002 
5.000000,0.000000,10.000002 0.000001,5.000000,10.000002 5.000000,5.000000,10.000002 
0.000001,10.000002,10.000002 4.713377,5.000001,10.187496 4.713377,5.318355,10.187496 
0.000002,-0.000001,20.000002 0.000001,5.000000,20.000002 4.713376,5.000000,10.187496 
4.713376,5.318353,10.187496 4.713376,5.000000,10.187496 0.000001,5.000000,20.000002 
0.000002,0.000000,10.000003 4.713376,4.681647,10.187508 0.000001,5.000000,10.000002 
0.000002,-0.000001,20.000002 4.713376,5.000000,10.187496 4.713376,4.681647,10.187508 
0.000001,5.000000,10.000002 4.713376,4.681647,10.187508 4.713376,5.000000,10.187496 
10.000001,10.000000,20.000002 5.286624,5.000000,10.187494 5.286624,5.318353,10.187494 
10.000002,0.000000,10.000002 10.000002,5.000000,10.000002 5.286625,5.000000,10.187494 
5.286624,5.318353,10.187494 5.286624,5.000000,10.187494 10.000001,5.000000,10.000002 
10.000002,0.000000,20.000004 5.286625,4.681648,10.187507 10.000002,5.000000,20.000002 
10.000002,0.000000,10.000002 5.286625,5.000000,10.187494 5.286625,4.681648,10.187507 
10.000001,5.000000,20.000002 5.286624,4.681648,10.187507 5.286624,5.000000,10.187494 
10.000002,0.000000,10.000002 5.000001,4.681647,10.187494 5.000001,0.000000,10.000002 
0.000002,-0.000001,20.000002 4.713376,4.681647,10.187508 5.000000,4.681647,10.187494 
5.000000,0.000000,10.000002 5.000000,4.681647,10.187494 4.713376,4.681647,10.187508 
10.000002,0.000000,20.000004 5.000001,0.000000,20.000002 5.286625,4.681648,10.187507 
0.000002,-0.000001,20.000002 5.000000,4.681647,10.187494 5.000000,0.000000,20.000002 
5.286624,4.681648,10.187507 5.000000,0.000000,20.000002 5.000000,4.681647,10.187494 
0.000001,10.000002,10.000002 5.000001,5.318355,10.187494 5.000001,10.000002,10.000002 
10.000001,10.000000,20.000002 5.286624,5.318353,10.187494 5.000000,5.318353,10.187494 
5.000000,10.000000,10.000002 5.000000,5.318353,10.187494 5.286624,5.318353,10.187494 
0.000001,10.000002,20.000002 5.000001,10.000002,20.000002 4.713377,5.318355,10.187496 
10.000001,10.000000,20.000002 5.000000,5.318353,10.187494 5.000000,10.000000,20.000002 
4.713376,5.318353,10.187496 5.000000,10.000000,20.000002 5.000000,5.318353,10.187494 
4.713376,5.318355,10.187500 0.000002,10.000002,20.000002 0.000001,10.000002,10.000001 
4.713377,4.681647,10.187500 0.000003,0.000000,20.000002 0.000002,0.000000,10.000001 
5.286624,4.681647,10.187500 10.000002,0.000001,20.000002 10.000002,0.000000,10.000001 
5.286623,5.318353,10.187500 10.000002,10.000000,20.000002 10.000003,10.000000,10.000001 
0.000001,-0.000001,10.000001 5.000000,4.999999,0.187491 0.000000,5.000000,10.000001 
0.000001,-0.000001,10.000001 5.000000,0.000000,10.000001 5.000000,4.999999,0.187491 
10.000001,0.000000,0.000000 5.000001,5.000000,0.000000 10.000001,5.000000,0.000000 
10.000001,0.000000,0.000000 5.000001,0.000000,0.000000 5.000001,5.000000,0.000000 
0.000000,10.000002,10.000001 4.713376,5.318354,0.187494 0.000001,5.000002,10.000001 
0.000000,10.000002,0.000000 0.000001,5.000002,0.000000 4.713376,5.000001,0.187494 
10.000000,10.000000,0.000000 5.286624,5.318352,0.187492 10.000000,5.000000,0.000000 
10.000000,10.000000,10.000001 10.000000,5.000000,10.000001 5.286624,5.000000,0.187492 
0.000001,0.000000,0.000001 5.000000,0.000000,0.000000 4.713375,4.681647,0.187506 
10.000001,0.000000,0.000000 5.286625,4.681648,0.187505 5.000001,4.681647,0.187492 
10.000000,10.000000,0.000000 5.000000,10.000000,0.000000 5.286624,5.318352,0.187492 
0.000000,10.000002,0.000000 4.713376,5.318354,0.187494 5.000001,5.318354,0.187492 
10.000000,10.000000,10.000001 5.000000,10.000000,10.000001 5.000000,4.999999,0.187491 
10.000000,10.000000,10.000001 5.000000,4.999999,0.187491 10.000000,5.000000,10.000001 
0.000000,10.000002,0.000000 5.000001,10.000002,0.000000 5.000001,5.000002,0.000000 
10.000000,10.000000,0.000000 10.000000,5.000000,0.000000 5.000000,10.000000,0.000000 
5.000000,5.000000,0.000000 5.000000,10.000000,0.000000 10.000000,5.000000,0.000000 
0.000001,0.000000,0.000001 0.000000,5.000000,0.000000 5.000000,0.000000,0.000000 
0.000000,10.000002,0.000000 5.000001,5.000002,0.000000 0.000001,5.000002,0.000000 
5.000000,0.000000,0.000000 0.000000,5.000000,0.000000 5.000000,5.000000,0.000000 
0.000000,10.000002,0.000000 4.713376,5.000001,0.187494 4.713376,5.318354,0.187494 
0.000001,-0.000001,10.000001 0.000000,5.000000,10.000001 4.713375,5.000000,0.187494 
4.713375,5.318352,0.187494 4.713375,5.000000,0.187494 0.000000,5.000000,10.000001 
0.000001,0.000000,0.000001 4.713375,4.681647,0.187506 0.000000,5.000000,0.000000 
0.000001,-0.000001,10.000001 4.713375,5.000000,0.187494 4.713375,4.681647,0.187506 
0.000000,5.000000,0.000000 4.713375,4.681647,0.187506 4.713375,5.000000,0.187494 
10.000000,10.000000,10.000001 5.286624,5.000000,0.187492 5.286624,5.318352,0.187492 
10.000001,0.000000,0.000000 10.000001,5.000000,0.000000 5.286625,5.000000,0.187492 
5.286624,5.318352,0.187492 5.286624,5.000000,0.187492 10.000000,5.000000,0.000000 
10.000001,0.000000,10.000002 5.286625,4.681648,0.187505 10.000001,5.000000,10.000001 
10.000001,0.000000,0.000000 5.286625,5.000000,0.187492 5.286625,4.681648,0.187505 
10.000000,5.000000,10.000001 5.286624,4.681648,0.187505 5.286624,5.000000,0.187492 
10.000001,0.000000,0.000000 5.000001,4.681647,0.187492 5.000001,0.000000,0.000000 
0.000001,-0.000001,10.000001 4.713375,4.681647,0.187506 5.000000,4.681647,0.187492 
5.000000,0.000000,0.000000 5.000000,4.681647,0.187492 4.713375,4.681647,0.187506 
10.000001,0.000000,10.000002 5.000001,0.000000,10.000001 5.286625,4.681648,0.187505 
0.000001,-0.000001,10.000001 5.000000,4.681647,0.187492 5.000000,0.000000,10.000001 
5.286624,4.681648,0.187505 5.000000,0.000000,10.000001 5.000000,4.681647,0.187492 
0.000000,10.000002,0.000000 5.000001,5.318354,0.187492 5.000001,10.000002,0.000000 
10.000000,10.000000,10.000001 5.286624,5.318352,0.187492 5.000000,5.318352,0.187492 
5.000000,10.000000,0.000000 5.000000,5.318352,0.187492 5.286624,5.318352,0.187492 
0.000000,10.000002,10.000001 5.000001,10.000002,10.000001 4.713376,5.318354,0.187494 
10.000000,10.000000,10.000001 5.000000,5.318352,0.187492 5.000000,10.000000,10.000001 
4.713375,5.318352,0.187494 5.000000,10.000000,10.000001 5.000000,5.318352,0.187492 
4.713375,5.318354,0.187498 0.000001,10.000002,10.000001 0.000000,10.000002,-0.000001 
4.713376,4.681647,0.187498 0.000002,0.000000,10.000001 0.000001,0.000000,-0.000001 
5.286624,4.681647,0.187498 10.000001,0.000001,10.000001 10.000001,0.000000,-0.000001 
5.286623,5.318352,0.187498 10.000001,10.000000,10.000001 10.000002,10.000000,-0.000001 
0.000001,0.000001,80.000004 5.000000,5.000001,70.187492 0.000000,5.000002,80.000004 
0.000001,0.000001,80.000004 5.000000,0.000002,80.000004 5.000000,5.000001,70.187492 
10.000002,0.000002,70.000002 5.000001,5.000002,70.000002 10.000002,5.000002,70.000002 
10.000002,0.000002,70.000002 5.000001,0.000002,70.000002 5.000001,5.000002,70.000002 
0.000000,10.000004,80.000004 4.713376,5.318356,70.187496 0.000001,5.000004,80.000004 
0.000000,10.000004,70.000002 0.000001,5.000004,70.000002 4.713376,5.000003,70.187496 
10.000000,10.000002,70.000002 5.286624,5.318354,70.187492 10.000000,5.000002,70.000002 
10.000000,10.000002,80.000004 10.000000,5.000002,80.000004 5.286624,5.000002,70.187492 
0.000001,0.000002,70.000002 5.000000,0.000002,70.000002 4.713376,4.681649,70.187508 
10.000001,0.000002,70.000002 5.286625,4.681650,70.187506 5.000001,4.681649,70.187492 
10.000000,10.000002,70.000002 5.000000,10.000002,70.000002 5.286624,5.318354,70.187492 
0.000000,10.000004,70.000002 4.713376,5.318356,70.187496 5.000001,5.318356,70.187492 
10.000000,10.000002,80.000004 5.000000,10.000002,80.000004 5.000000,5.000001,70.187492 
10.000000,10.000002,80.000004 5.000000,5.000001,70.187492 10.000000,5.000002,80.000004 
0.000000,10.000004,70.000002 5.000001,10.000004,70.000002 5.000001,5.000004,70.000002 
10.000001,10.000002,70.000002 10.000001,5.000002,70.000002 5.000000,10.000002,70.000002 
5.000000,5.000002,70.000002 5.000000,10.000002,70.000002 10.000001,5.000002,70.000002 
0.000001,0.000002,70.000002 0.000000,5.000002,70.000002 5.000000,0.000002,70.000002 
0.000000,10.000004,70.000002 5.000001,5.000004,70.000002 0.000001,5.000004,70.000002 
5.000000,0.000002,70.000002 0.000000,5.000002,70.000002 5.000000,5.000002,70.000002 
0.000000,10.000004,70.000002 4.713376,5.000003,70.187496 4.713376,5.318356,70.187496 
0.000001,0.000001,80.000004 0.000000,5.000002,80.000004 4.713376,5.000002,70.187496 
4.713376,5.318354,70.187496 4.713376,5.000002,70.187496 0.000000,5.000002,80.000004 
0.000001,0.000002,70.000002 4.713376,4.681649,70.187508 0.000000,5.000002,70.000002 
0.000001,0.000001,80.000004 4.713376,5.000002,70.187496 4.713376,4.681649,70.187508 
0.000000,5.000002,70.000002 4.713376,4.681649,70.187508 4.713376,5.000002,70.187496 
10.000000,10.000002,80.000004 5.286624,5.000002,70.187492 5.286624,5.318354,70.187492 
10.000001,0.000002,70.000002 10.000001,5.000002,70.000002 5.286625,5.000002,70.187492 
5.286624,5.318354,70.187492 5.286624,5.000002,70.187492 10.000000,5.000002,70.000002 
10.000001,0.000002,80.000004 5.286625,4.681650,70.187506 10.000001,5.000002,80.000004 
10.000001,0.000002,70.000002 5.286625,5.000002,70.187492 5.286625,4.681650,70.187506 
10.000000,5.000002,80.000004 5.286624,4.681650,70.187506 5.286624,5.000002,70.187492 
10.000001,0.000002,70.000002 5.000001,4.681649,70.187492 5.000001,0.000002,70.000002 
0.000001,0.000001,80.000004 4.713376,4.681649,70.187508 5.000000,4.681649,70.187492 
5.000000,0.000002,70.000002 5.000000,4.681649,70.187492 4.713376,4.681649,70.187508 
10.000001,0.000002,80.000004 5.000001,0.000002,80.000004 5.286625,4.681650,70.187506 
0.000001,0.000001,80.000004 5.000000,4.681649,70.187492 5.000000,0.000002,80.000004 
5.286624,4.681650,70.187506 5.000000,0.000002,80.000004 5.000000,4.681649,70.187492 
0.000000,10.000004,70.000002 5.000001,5.318356,70.187492 5.000001,10.000004,70.000002 
10.000000,10.000002,80.000004 5.286624,5.318354,70.187492 5.000000,5.318354,70.187492 
5.000000,10.000002,70.000002 5.000000,5.318354,70.187492 5.286624,5.318354,70.187492 
0.000000,10.000004,80.000004 5.000001,10.000004,80.000004 4.713376,5.318356,70.187496 
10.000000,10.000002,80.000004 5.000000,5.318354,70.187492 5.000000,10.000002,80.000004 
4.713376,5.318354,70.187496 5.000000,10.000002,80.000004 5.000000,5.318354,70.187492 
4.713376,5.318356,70.187500 0.000001,10.000004,80.000004 0.000000,10.000004,70.000000 
4.713376,4.681649,70.187500 0.000002,0.000002,80.000004 0.000001,0.000002,70.000000 
5.286624,4.681649,70.187500 10.000001,0.000003,80.000004 10.000001,0.000002,70.000000 
5.286623,5.318354,70.187500 10.000001,10.000002,80.000004 10.000002,10.000002,70.000000 
0.000001,0.000001,70.000000 5.000000,5.000001,60.187491 0.000000,5.000001,70.000000 
0.000001,0.000001,70.000000 5.000000,0.000002,70.000000 5.000000,5.000001,60.187491 
0.000000,10.000004,70.000000 4.713376,5.318356,60.187492 0.000001,5.000003,70.000000 
0.000000,10.000004,60.000000 0.000001,5.000003,60.000000 4.713376,5.000002,60.187492 
10.000000,10.000002,60.000000 5.286624,5.318354,60.187491 10.000000,5.000001,60.000000 
10.000000,10.000002,70.000000 10.000000,5.000001,70.000000 5.286624,5.000001,60.187491 
0.000001,0.000002,60.000000 5.000000,0.000002,60.000000 4.713375,4.681648,60.187506 
10.000001,0.000002,60.000000 5.286625,4.681649,60.187504 5.000001,4.681648,60.187491 
10.000000,10.000002,60.000000 5.000000,10.000002,60.000000 5.286624,5.318354,60.187491 
0.000000,10.000004,60.000000 4.713376,5.318356,60.187492 5.000001,5.318356,60.187491 
10.000000,10.000002,70.000000 5.000000,10.000002,70.000000 5.000000,5.000001,60.187491 
10.000000,10.000002,70.000000 5.000000,5.000001,60.187491 10.000000,5.000001,70.000000 
0.000000,10.000004,60.000000 4.713376,5.000002,60.187492 4.713376,5.318356,60.187492 
0.000001,0.000001,70.000000 0.000000,5.000001,70.000000 4.713375,5.000001,60.187492 
4.713375,5.318354,60.187492 4.713375,5.000001,60.187492 0.000000,5.000001,70.000000 
0.000001,0.000002,60.000000 4.713375,4.681648,60.187506 0.000000,5.000001,60.000000 
0.000001,0.000001,70.000000 4.713375,5.000001,60.187492 4.713375,4.681648,60.187506 
0.000000,5.000001,60.000000 4.713375,4.681648,60.187506 4.713375,5.000001,60.187492 
10.000000,10.000002,70.000000 5.286624,5.000001,60.187491 5.286624,5.318354,60.187491 
10.000001,0.000002,60.000000 10.000001,5.000001,60.000000 5.286625,5.000001,60.187491 
5.286624,5.318354,60.187491 5.286624,5.000001,60.187491 10.000000,5.000001,60.000000 
10.000001,0.000002,70.000002 5.286625,4.681649,60.187504 10.000001,5.000001,70.000000 
10.000001,0.000002,60.000000 5.286625,5.000001,60.187491 5.286625,4.681649,60.187504 
10.000000,5.000001,70.000000 5.286624,4.681649,60.187504 5.286624,5.000001,60.187491 
10.000001,0.000002,60.000000 5.000001,4.681648,60.187491 5.000001,0.000002,60.000000 
0.000001,0.000001,70.000000 4.713375,4.681648,60.187506 5.000000,4.681648,60.187491 
5.000000,0.000002,60.000000 5.000000,4.681648,60.187491 4.713375,4.681648,60.187506 
10.000001,0.000002,70.000002 5.000001,0.000002,70.000000 5.286625,4.681649,60.187504 
0.000001,0.000001,70.000000 5.000000,4.681648,60.187491 5.000000,0.000002,70.000000 
5.286624,4.681649,60.187504 5.000000,0.000002,70.000000 5.000000,4.681648,60.187491 
0.000000,10.000004,60.000000 5.000001,5.318356,60.187491 5.000001,10.000004,60.000000 
10.000000,10.000002,70.000000 5.286624,5.318354,60.187491 5.000000,5.318354,60.187491 
5.000000,10.000002,60.000000 5.000000,5.318354,60.187491 5.286624,5.318354,60.187491 
0.000000,10.000004,70.000000 5.000001,10.000004,70.000000 4.713376,5.318356,60.187492 
10.000000,10.000002,70.000000 5.000000,5.318354,60.187491 5.000000,10.000002,70.000000 
4.713375,5.318354,60.187492 5.000000,10.000002,70.000000 5.000000,5.318354,60.187491 
4.713375,5.318356,60.187498 0.000001,10.000004,70.000000 0.000000,10.000004,59.999998 
4.713376,4.681648,60.187498 0.000002,0.000002,70.000000 0.000001,0.000002,59.999998 
5.286624,4.681648,60.187498 10.000001,0.000003,70.000000 10.000001,0.000002,59.999998 
5.286623,5.318354,60.187498 10.000001,10.000002,70.000000 10.000002,10.000002,59.999998 
0.000001,0.000000,60.000003 5.000000,5.000000,50.187492 0.000000,5.000001,60.000003 
0.000001,0.000000,60.000003 5.000000,0.000001,60.000003 5.000000,5.000000,50.187492 
10.000001,0.000001,50.000003 5.000001,5.000001,50.000003 10.000001,5.000001,50.000003 
10.000001,0.000001,50.000003 5.000001,0.000001,50.000003 5.000001,5.000001,50.000003 
0.000000,10.000003,60.000003 4.713376,5.318355,50.187495 0.000001,5.000003,60.000003 
0.000000,10.000003,50.000003 0.000001,5.000003,50.000003 4.713376,5.000002,50.187495 
10.000000,10.000001,50.000003 5.286624,5.318354,50.187492 10.000000,5.000001,50.000003 
10.000000,10.000001,60.000003 10.000000,5.000001,60.000003 5.286624,5.000001,50.187492 
0.000001,0.000001,50.000003 5.000000,0.000001,50.000003 4.713375,4.681648,50.187507 
10.000001,0.000001,50.000003 5.286625,4.681649,50.187507 5.000001,4.681648,50.187492 
10.000000,10.000001,50.000003 5.000000,10.000001,50.000003 5.286624,5.318354,50.187492 
0.000000,10.000003,50.000003 4.713376,5.318355,50.187495 5.000001,5.318355,50.187492 
10.000000,10.000001,60.000003 5.000000,10.000001,60.000003 5.000000,5.000000,50.187492 
10.000000,10.000001,60.000003 5.000000,5.000000,50.187492 10.000000,5.000001,60.000003 
0.000001,10.000003,50.000003 5.000001,10.000003,50.000003 5.000001,5.000003,50.000003 
10.000001,10.000001,50.000003 10.000001,5.000001,50.000003 5.000001,10.000001,50.000003 
5.000001,5.000001,50.000003 5.000001,10.000001,50.000003 10.000001,5.000001,50.000003 
0.000002,0.000001,50.000003 0.000001,5.000001,50.000003 5.000001,0.000001,50.000003 
0.000001,10.000003,50.000003 5.000001,5.000003,50.000003 0.000002,5.000003,50.000003 
5.000001,0.000001,50.000003 0.000001,5.000001,50.000003 5.000001,5.000001,50.000003 
0.000000,10.000003,50.000003 4.713376,5.000002,50.187495 4.713376,5.318355,50.187495 
0.000001,0.000000,60.000003 0.000000,5.000001,60.000003 4.713375,5.000001,50.187495 
4.713375,5.318354,50.187495 4.713375,5.000001,50.187495 0.000000,5.000001,60.000003 
0.000001,0.000001,50.000003 4.713375,4.681648,50.187507 0.000000,5.000001,50.000003 
0.000001,0.000000,60.000003 4.713375,5.000001,50.187495 4.713375,4.681648,50.187507 
0.000000,5.000001,50.000003 4.713375,4.681648,50.187507 4.713375,5.000001,50.187495 
10.000000,10.000001,60.000003 5.286624,5.000001,50.187492 5.286624,5.318354,50.187492 
10.000001,0.000001,50.000003 10.000001,5.000001,50.000003 5.286625,5.000001,50.187492 
5.286624,5.318354,50.187492 5.286624,5.000001,50.187492 10.000000,5.000001,50.000003 
10.000001,0.000001,60.000003 5.286625,4.681649,50.187507 10.000001,5.000001,60.000003 
10.000001,0.000001,50.000003 5.286625,5.000001,50.187492 5.286625,4.681649,50.187507 
10.000000,5.000001,60.000003 5.286624,4.681649,50.187507 5.286624,5.000001,50.187492 
10.000001,0.000001,50.000003 5.000001,4.681648,50.187492 5.000001,0.000001,50.000003 
0.000001,0.000000,60.000003 4.713375,4.681648,50.187507 5.000000,4.681648,50.187492 
5.000000,0.000001,50.000003 5.000000,4.681648,50.187492 4.713375,4.681648,50.187507 
10.000001,0.000001,60.000003 5.000001,0.000001,60.000003 5.286625,4.681649,50.187507 
0.000001,0.000000,60.000003 5.000000,4.681648,50.187492 5.000000,0.000001,60.000003 
5.286624,4.681649,50.187507 5.000000,0.000001,60.000003 5.000000,4.681648,50.187492 
0.000000,10.000003,50.000003 5.000001,5.318355,50.187492 5.000001,10.000003,50.000003 
10.000000,10.000001,60.000003 5.286624,5.318354,50.187492 5.000000,5.318354,50.187492 
5.000000,10.000001,50.000003 5.000000,5.318354,50.187492 5.286624,5.318354,50.187492 
0.000000,10.000003,60.000003 5.000001,10.000003,60.000003 4.713376,5.318355,50.187495 
10.000000,10.000001,60.000003 5.000000,5.318354,50.187492 5.000000,10.000001,60.000003 
4.713375,5.318354,50.187495 5.000000,10.000001,60.000003 5.000000,5.318354,50.187492 
4.713375,5.318355,50.187499 0.000001,10.000003,60.000003 0.000000,10.000003,49.999999 
4.713376,4.681648,50.187499 0.000002,0.000001,60.000003 0.000001,0.000001,49.999999 
5.286624,4.681648,50.187499 10.000001,0.000002,60.000003 10.000001,0.000001,49.999999 
5.286623,5.318354,50.187499 10.000001,10.000001,60.000003 10.000002,10.000001,49.999999 
0.000001,0.000000,49.999999 5.000000,5.000000,40.187492 0.000000,5.000001,49.999999 
0.000001,0.000000,49.999999 5.000000,0.000001,49.999999 5.000000,5.000000,40.187492 
0.000000,10.000003,49.999999 4.713376,5.318355,40.187492 0.000001,5.000003,49.999999 
0.000000,10.000003,39.999999 0.000001,5.000003,39.999999 4.713376,5.000002,40.187492 
10.000000,10.000001,39.999999 5.286624,5.318353,40.187492 10.000000,5.000001,39.999999 
10.000000,10.000001,49.999999 10.000000,5.000001,49.999999 5.286624,5.000001,40.187492 
0.000001,0.000001,39.999999 5.000000,0.000001,39.999999 4.713375,4.681648,40.187507 
10.000001,0.000001,39.999999 5.286625,4.681649,40.187503 5.000001,4.681648,40.187492 
10.000000,10.000001,39.999999 5.000000,10.000001,39.999999 5.286624,5.318353,40.187492 
0.000000,10.000003,39.999999 4.713376,5.318355,40.187492 5.000001,5.318355,40.187492 
10.000000,10.000001,49.999999 5.000000,10.000001,49.999999 5.000000,5.000000,40.187492 
10.000000,10.000001,49.999999 5.000000,5.000000,40.187492 10.000000,5.000001,49.999999 
0.000000,10.000003,39.999999 4.713376,5.000002,40.187492 4.713376,5.318355,40.187492 
0.000001,0.000000,49.999999 0.000000,5.000001,49.999999 4.713375,5.000001,40.187492 
4.713375,5.318353,40.187492 4.713375,5.000001,40.187492 0.000000,5.000001,49.999999 
0.000001,0.000001,39.999999 4.713375,4.681648,40.187507 0.000000,5.000001,39.999999 
0.000001,0.000000,49.999999 4.713375,5.000001,40.187492 4.713375,4.681648,40.187507 
0.000000,5.000001,39.999999 4.713375,4.681648,40.187507 4.713375,5.000001,40.187492 
10.000000,10.000001,49.999999 5.286624,5.000001,40.187492 5.286624,5.318353,40.187492 
10.000001,0.000001,39.999999 10.000001,5.000001,39.999999 5.286625,5.000001,40.187492 
5.286624,5.318353,40.187492 5.286624,5.000001,40.187492 10.000000,5.000001,39.999999 
10.000001,0.000001,50.000003 5.286625,4.681649,40.187503 10.000001,5.000001,49.999999 
10.000001,0.000001,39.999999 5.286625,5.000001,40.187492 5.286625,4.681649,40.187503 
10.000000,5.000001,49.999999 5.286624,4.681649,40.187503 5.286624,5.000001,40.187492 
10.000001,0.000001,39.999999 5.000001,4.681648,40.187492 5.000001,0.000001,39.999999 
0.000001,0.000000,49.999999 4.713375,4.681648,40.187507 5.000000,4.681648,40.187492 
5.000000,0.000001,39.999999 5.000000,4.681648,40.187492 4.713375,4.681648,40.187507 
10.000001,0.000001,50.000003 5.000001,0.000001,49.999999 5.286625,4.681649,40.187503 
0.000001,0.000000,49.999999 5.000000,4.681648,40.187492 5.000000,0.000001,49.999999 
5.286624,4.681649,40.187503 5.000000,0.000001,49.999999 5.000000,4.681648,40.187492 
0.000000,10.000003,39.999999 5.000001,5.318355,40.187492 5.000001,10.000003,39.999999 
10.000000,10.000001,49.999999 5.286624,5.318353,40.187492 5.000000,5.318353,40.187492 
5.000000,10.000001,39.999999 5.000000,5.318353,40.187492 5.286624,5.318353,40.187492 
0.000000,10.000003,49.999999 5.000001,10.000003,49.999999 4.713376,5.318355,40.187492 
10.000000,10.000001,49.999999 5.000000,5.318353,40.187492 5.000000,10.000001,49.999999 
4.713375,5.318353,40.187492 5.000000,10.000001,49.999999 5.000000,5.318353,40.187492 
4.713375,5.318355,40.187495 0.000001,10.000003,49.999999 0.000000,10.000003,39.999999 
4.713376,4.681648,40.187495 0.000002,0.000001,49.999999 0.000001,0.000001,39.999999 
5.286624,4.681648,40.187495 10.000001,0.000002,49.999999 10.000001,0.000001,39.999999 
5.286623,5.318353,40.187495 10.000001,10.000001,49.999999 10.000002,10.000001,39.999999 
0.000002,0.000000,40.000007 5.000001,5.000000,30.187495 0.000001,5.000001,40.000007 
0.000002,0.000000,40.000007 5.000001,0.000001,40.000007 5.000001,5.000000,30.187495 
10.000003,0.000001,30.000005 5.000002,5.000001,30.000005 10.000003,5.000001,30.000005 
10.000003,0.000001,30.000005 5.000002,0.000001,30.000005 5.000002,5.000001,30.000005 
0.000001,10.000003,40.000007 4.713377,5.318355,30.187499 0.000002,5.000003,40.000007 
0.000001,10.000003,30.000005 0.000002,5.000003,30.000005 4.713377,5.000002,30.187499 
10.000001,10.000001,30.000005 5.286625,5.318353,30.187495 10.000001,5.000001,30.000005 
10.000001,10.000001,40.000007 10.000001,5.000001,40.000007 5.286625,5.000001,30.187495 
0.000002,0.000001,30.000005 5.000001,0.000001,30.000005 4.713377,4.681648,30.187511 
10.000002,0.000001,30.000005 5.286626,4.681649,30.187509 5.000002,4.681648,30.187495 
10.000001,10.000001,30.000005 5.000001,10.000001,30.000005 5.286625,5.318353,30.187495 
0.000001,10.000003,30.000005 4.713377,5.318355,30.187499 5.000002,5.318355,30.187495 
10.000001,10.000001,40.000007 5.000001,10.000001,40.000007 5.000001,5.000000,30.187495 
10.000001,10.000001,40.000007 5.000001,5.000000,30.187495 10.000001,5.000001,40.000007 
0.000001,10.000003,30.000005 5.000002,10.000003,30.000005 5.000002,5.000003,30.000005 
10.000002,10.000001,30.000005 10.000002,5.000001,30.000005 5.000001,10.000001,30.000005 
5.000001,5.000001,30.000005 5.000001,10.000001,30.000005 10.000002,5.000001,30.000005 
0.000002,0.000001,30.000005 0.000001,5.000001,30.000005 5.000001,0.000001,30.000005 
0.000001,10.000003,30.000005 5.000002,5.000003,30.000005 0.000002,5.000003,30.000005 
5.000001,0.000001,30.000005 0.000001,5.000001,30.000005 5.000001,5.000001,30.000005 
0.000001,10.000003,30.000005 4.713377,5.000002,30.187499 4.713377,5.318355,30.187499 
0.000002,0.000000,40.000007 0.000001,5.000001,40.000007 4.713377,5.000001,30.187499 
4.713377,5.318353,30.187499 4.713377,5.000001,30.187499 0.000001,5.000001,40.000007 
0.000002,0.000001,30.000005 4.713377,4.681648,30.187511 0.000001,5.000001,30.000005 
0.000002,0.000000,40.000007 4.713377,5.000001,30.187499 4.713377,4.681648,30.187511 
0.000001,5.000001,30.000005 4.713377,4.681648,30.187511 4.713377,5.000001,30.187499 
10.000001,10.000001,40.000007 5.286625,5.000001,30.187495 5.286625,5.318353,30.187495 
10.000002,0.000001,30.000005 10.000002,5.000001,30.000005 5.286626,5.000001,30.187495 
5.286625,5.318353,30.187495 5.286625,5.000001,30.187495 10.000001,5.000001,30.000005 
10.000002,0.000001,40.000007 5.286626,4.681649,30.187509 10.000002,5.000001,40.000007 
10.000002,0.000001,30.000005 5.286626,5.000001,30.187495 5.286626,4.681649,30.187509 
10.000001,5.000001,40.000007 5.286625,4.681649,30.187509 5.286625,5.000001,30.187495 
10.000002,0.000001,30.000005 5.000002,4.681648,30.187495 5.000002,0.000001,30.000005 
0.000002,0.000000,40.000007 4.713377,4.681648,30.187511 5.000001,4.681648,30.187495 
5.000001,0.000001,30.000005 5.000001,4.681648,30.187495 4.713377,4.681648,30.187511 
10.000002,0.000001,40.000007 5.000002,0.000001,40.000007 5.286626,4.681649,30.187509 
0.000002,0.000000,40.000007 5.000001,4.681648,30.187495 5.000001,0.000001,40.000007 
5.286625,4.681649,30.187509 5.000001,0.000001,40.000007 5.000001,4.681648,30.187495 
0.000001,10.000003,30.000005 5.000002,5.318355,30.187495 5.000002,10.000003,30.000005 
10.000001,10.000001,40.000007 5.286625,5.318353,30.187495 5.000001,5.318353,30.187495 
5.000001,10.000001,30.000005 5.000001,5.318353,30.187495 5.286625,5.318353,30.187495 
0.000001,10.000003,40.000007 5.000002,10.000003,40.000007 4.713377,5.318355,30.187499 
10.000001,10.000001,40.000007 5.000001,5.318353,30.187495 5.000001,10.000001,40.000007 
4.713377,5.318353,30.187499 5.000001,10.000001,40.000007 5.000001,5.318353,30.187495 
4.713377,5.318355,30.187503 0.000002,10.000003,40.000007 0.000001,10.000003,30.000003 
4.713377,4.681648,30.187503 0.000003,0.000001,40.000007 0.000002,0.000001,30.000003 
5.286625,4.681648,30.187503 10.000002,0.000002,40.000007 10.000002,0.000001,30.000003 
5.286624,5.318353,30.187503 10.000002,10.000001,40.000007 10.000003,10.000001,30.000003 
0.000002,0.000000,30.000003 5.000001,5.000000,20.187494 0.000001,5.000000,30.000003 
0.000002,0.000000,30.000003 5.000001,0.000001,30.000003 5.000001,5.000000,20.187494 
0.000001,10.000003,30.000003 4.713377,5.318355,20.187495 0.000002,5.000002,30.000003 
0.000001,10.000003,20.000003 0.000002,5.000002,20.000003 4.713377,5.000001,20.187495 
10.000001,10.000001,20.000003 5.286625,5.318353,20.187494 10.000001,5.000000,20.000003 
10.000001,10.000001,30.000003 10.000001,5.000000,30.000003 5.286625,5.000000,20.187494 
0.000002,0.000001,20.000003 5.000001,0.000001,20.000003 4.713376,4.681647,20.187509 
10.000002,0.000001,20.000003 5.286626,4.681648,20.187507 5.000002,4.681647,20.187494 
10.000001,10.000001,20.000003 5.000001,10.000001,20.000003 5.286625,5.318353,20.187494 
0.000001,10.000003,20.000003 4.713377,5.318355,20.187495 5.000002,5.318355,20.187494 
10.000001,10.000001,30.000003 5.000001,10.000001,30.000003 5.000001,5.000000,20.187494 
10.000001,10.000001,30.000003 5.000001,5.000000,20.187494 10.000001,5.000000,30.000003 
0.000001,10.000003,20.000003 4.713377,5.000001,20.187495 4.713377,5.318355,20.187495 
0.000002,0.000000,30.000003 0.000001,5.000000,30.000003 4.713376,5.000000,20.187495 
4.713376,5.318353,20.187495 4.713376,5.000000,20.187495 0.000001,5.000000,30.000003 
0.000002,0.000001,20.000003 4.713376,4.681647,20.187509 0.000001,5.000000,20.000003 
0.000002,0.000000,30.000003 4.713376,5.000000,20.187495 4.713376,4.681647,20.187509 
0.000001,5.000000,20.000003 4.713376,4.681647,20.187509 4.713376,5.000000,20.187495 
10.000001,10.000001,30.000003 5.286625,5.000000,20.187494 5.286625,5.318353,20.187494 
10.000002,0.000001,20.000003 10.000002,5.000000,20.000003 5.286626,5.000000,20.187494 
5.286625,5.318353,20.187494 5.286625,5.000000,20.187494 10.000001,5.000000,20.000003 
10.000002,0.000001,30.000005 5.286626,4.681648,20.187507 10.000002,5.000000,30.000003 
10.000002,0.000001,20.000003 5.286626,5.000000,20.187494 5.286626,4.681648,20.187507 
10.000001,5.000000,30.000003 5.286625,4.681648,20.187507 5.286625,5.000000,20.187494 
10.000002,0.000001,20.000003 5.000002,4.681647,20.187494 5.000002,0.000001,20.000003 
0.000002,0.000000,30.000003 4.713376,4.681647,20.187509 5.000001,4.681647,20.187494 
5.000001,0.000001,20.000003 5.000001,4.681647,20.187494 4.713376,4.681647,20.187509 
10.000002,0.000001,30.000005 5.000002,0.000001,30.000003 5.286626,4.681648,20.187507 
0.000002,0.000000,30.000003 5.000001,4.681647,20.187494 5.000001,0.000001,30.000003 
5.286625,4.681648,20.187507 5.000001,0.000001,30.000003 5.000001,4.681647,20.187494 
0.000001,10.000003,20.000003 5.000002,5.318355,20.187494 5.000002,10.000003,20.000003 
10.000001,10.000001,30.000003 5.286625,5.318353,20.187494 5.000001,5.318353,20.187494 
5.000001,10.000001,20.000003 5.000001,5.318353,20.187494 5.286625,5.318353,20.187494 
0.000001,10.000003,30.000003 5.000002,10.000003,30.000003 4.713377,5.318355,20.187495 
10.000001,10.000001,30.000003 5.000001,5.318353,20.187494 5.000001,10.000001,30.000003 
4.713376,5.318353,20.187495 5.000001,10.000001,30.000003 5.000001,5.318353,20.187494 
4.713376,5.318355,20.187501 0.000002,10.000003,30.000003 0.000001,10.000003,20.000001 
4.713377,4.681647,20.187501 0.000003,0.000001,30.000003 0.000002,0.000001,20.000001 
5.286625,4.681647,20.187501 10.000002,0.000002,30.000003 10.000002,0.000001,20.000001 
5.286624,5.318353,20.187501 10.000002,10.000001,30.000003 10.000003,10.000001,20.000001 
