0.000001,-0.000001,10.000001 5.000005,5.000000,4.999982 0.000000,5.000000,10.000001 
0.000001,-0.000001,10.000001 5.000000,-0.000000,10.000001 5.000005,5.000000,4.999982 
10.000000,0.000000,0.000000 5.000000,5.000000,0.000000 10.000000,5.000000,0.000000 
10.000000,0.000000,0.000000 5.000000,0.000000,0.000000 5.000000,5.000000,0.000000 
-0.000001,10.000000,10.000001 3.214130,6.900669,4.999984 0.000000,5.000000,10.000001 
-0.000001,10.000000,0.000000 0.000000,5.000000,0.000000 3.214130,5.000002,4.999984 
10.000000,10.000000,-0.000000 6.785876,6.900669,4.999984 10.000000,5.000000,0.000000 
10.000000,10.000000,10.000001 10.000000,5.000000,10.000001 6.785876,5.000002,4.999984 
0.000001,-0.000000,0.000001 5.000000,0.000000,0.000000 3.214131,3.099336,5.000018 
10.000000,0.000000,0.000000 6.785876,3.099336,5.000016 5.000003,3.099336,4.999984 
10.000000,10.000000,-0.000000 5.000000,10.000000,0.000000 6.785876,6.900669,4.999984 
-0.000001,10.000000,0.000000 3.214130,6.900669,4.999984 5.000003,6.900669,4.999984 
10.000000,10.000000,10.000001 5.000000,10.000000,10.000001 5.000005,5.000000,4.999982 
-0.000001,10.000000,10.000001 0.000000,5.000000,10.000001 5.000000,10.000000,10.000001 
5.000005,5.000000,4.999982 5.000000,10.000000,10.000001 0.000000,5.000000,10.000001 
10.000000,0.000000,10.000002 10.000000,5.000000,10.000001 5.000000,-0.000000,10.000001 
10.000000,10.000000,10.000001 5.000005,5.000000,4.999982 10.000000,5.000000,10.000001 
5.000000,-0.000000,10.000001 10.000000,5.000000,10.000001 5.000005,5.000000,4.999982 
-0.000001,10.000000,0.000000 5.000000,10.000000,0.000000 5.000000,5.000000,0.000000 
10.000000,10.000000,-0.000000 10.000000,5.000000,0.000000 5.000000,10.000000,0.000000 
5.000000,5.000000,0.000000 5.000000,10.000000,0.000000 10.000000,5.000000,0.000000 
0.000001,-0.000000,0.000001 0.000000,5.000000,0.000000 5.000000,0.000000,0.000000 
-0.000001,10.000000,0.000000 5.000000,5.000000,0.000000 0.000000,5.000000,0.000000 
5.000000,0.000000,0.000000 0.000000,5.000000,0.000000 5.000000,5.000000,0.000000 
-0.000001,10.000000,0.000000 3.214130,5.000002,4.999984 3.214130,6.900669,4.999984 
0.000001,-0.000001,10.000001 0.000000,5.000000,10.000001 3.214130,5.000002,4.999984 
3.214130,6.900669,4.999984 3.214130,5.000002,4.999984 0.000000,5.000000,10.000001 
0.000001,-0.000000,0.000001 3.214131,3.099336,5.000018 0.000000,5.000000,0.000000 
0.000001,-0.000001,10.000001 3.214130,5.000002,4.999984 3.214131,3.099336,5.000018 
0.000000,5.000000,0.000000 3.214131,3.099336,5.000018 3.214130,5.000002,4.999984 
10.000000,10.000000,10.000001 6.785876,5.000002,4.999984 6.785876,6.900669,4.999984 
10.000000,0.000000,0.000000 10.000000,5.000000,0.000000 6.785876,5.000002,4.999984 
6.785876,6.900669,4.999984 6.785876,5.000002,4.999984 10.000000,5.000000,0.000000 
10.000000,0.000000,10.000002 6.785876,3.099336,5.000016 10.000000,5.000000,10.000001 
10.000000,0.000000,0.000000 6.785876,5.000002,4.999984 6.785876,3.099336,5.000016 
10.000000,5.000000,10.000001 6.785876,3.099336,5.000016 6.785876,5.000002,4.999984 
10.000000,0.000000,0.000000 5.000003,3.099336,4.999984 5.000000,0.000000,0.000000 
0.000001,-0.000001,10.000001 3.214131,3.099336,5.000018 5.000003,3.099336,4.999984 
5.000000,0.000000,0.000000 5.000003,3.099336,4.999984 3.214131,3.099336,5.000018 
10.000000,0.000000,10.000002 5.000000,-0.000000,10.000001 6.785876,3.099336,5.000016 
0.000001,-0.000001,10.000001 5.000003,3.099336,4.999984 5.000000,-0.000000,10.000001 
6.785876,3.099336,5.000016 5.000000,-0.000000,10.000001 5.000003,3.099336,4.999984 
-0.000001,10.000000,0.000000 5.000003,6.900669,4.999984 5.000000,10.000000,0.000000 
10.000000,10.000000,10.000001 6.785876,6.900669,4.999984 5.000003,6.900669,4.999984 
5.000000,10.000000,0.000000 5.000003,6.900669,4.999984 6.785876,6.900669,4.999984 
-0.000001,10.000000,10.000001 5.000000,10.000000,10.000001 3.214130,6.900669,4.999984 
10.000000,10.000000,10.000001 5.000003,6.900669,4.999984 5.000000,10.000000,10.000001 
3.214130,6.900669,4.999984 5.000000,10.000000,10.000001 5.000003,6.900669,4.999984 
3.214122,6.900668,5.000000 -0.000000,10.000000,10.000001 -0.000001,10.000001,-0.000001 
3.214131,3.099331,5.000000 0.000002,-0.000000,10.000001 0.000001,-0.000000,-0.000001 
6.785874,3.099332,5.000000 10.000000,0.000001,10.000001 10.000000,-0.000000,-0.000001 
6.785874,6.900667,5.000000 10.000001,10.000000,10.000001 10.000002,10.000000,-0.000001 
