0.000001,-0.000001,10.000001 4.961538,7.846154,2.615377 0.000000,5.000000,10.000001 
0.000001,-0.000001,10.000001 5.000000,-0.000000,10.000001 4.961538,7.846154,2.615377 
10.000000,0.000000,0.000000 5.000000,5.000000,0.000000 10.000000,5.000000,0.000000 
10.000000,0.000000,0.000000 5.000000,0.000000,0.000000 5.000000,5.000000,0.000000 
-0.000001,10.000000,10.000001 4.674914,8.164507,2.615379 0.000000,5.000000,10.000001 
-0.000001,10.000000,0.000000 0.000000,5.000000,0.000000 4.674914,7.846155,2.615379 
10.000000,10.000000,-0.000000 5.248162,8.164507,2.615378 10.000000,5.000000,0.000000 
10.000000,10.000000,10.000001 10.000000,5.000000,10.000001 5.248162,7.846155,2.615378 
0.000001,-0.000000,0.000001 5.000000,0.000000,0.000000 4.674914,7.527802,2.615391 
10.000000,0.000000,0.000000 5.248162,7.527803,2.615390 4.961538,7.527802,2.615378 
10.000000,10.000000,-0.000000 5.000000,10.000000,0.000000 5.248162,8.164507,2.615378 
-0.000001,10.000000,0.000000 4.674914,8.164507,2.615379 4.961538,8.164507,2.615378 
10.000000,10.000000,10.000001 5.000000,10.000000,10.000001 4.961538,7.846154,2.615377 
-0.000001,10.000000,10.000001 0.000000,5.000000,10.000001 5.000000,10.000000,10.000001 
4.961538,7.846154,2.615377 5.000000,10.000000,10.000001 0.000000,5.000000,10.000001 
10.000000,0.000000,10.000002 10.000000,5.000000,10.000001 5.000000,-0.000000,10.000001 
10.000000,10.000000,10.000001 4.961538,7.846154,2.615377 10.000000,5.000000,10.000001 
5.000000,-0.000000,10.000001 10.000000,5.000000,10.000001 4.961538,7.846154,2.615377 
-0.000001,10.000000,0.000000 5.000000,10.000000,0.000000 5.000000,5.000000,0.000000 
10.000000,10.000000,-0.000000 10.000000,5.000000,0.000000 5.000000,10.000000,0.000000 
5.000000,5.000000,0.000000 5.000000,10.000000,0.000000 10.000000,5.000000,0.000000 
0.000001,-0.000000,0.000001 0.000000,5.000000,0.000000 5.000000,0.000000,0.000000 
-0.000001,10.000000,0.000000 5.000000,5.000000,0.000000 0.000000,5.000000,0.000000 
5.000000,0.000000,0.000000 0.000000,5.000000,0.000000 5.000000,5.000000,0.000000 
-0.000001,10.000000,0.000000 4.674914,7.846155,2.615379 4.674914,8.164507,2.615379 
0.000001,-0.000001,10.000001 0.000000,5.000000,10.000001 4.674914,7.846155,2.615379 
4.674914,8.164507,2.615379 4.674914,7.846155,2.615379 0.000000,5.000000,10.000001 
0.000001,-0.000000,0.000001 4.674914,7.527802,2.615391 0.000000,5.000000,0.000000 
0.000001,-0.000001,10.000001 4.674914,7.846155,2.615379 4.674914,7.527802,2.615391 
0.000000,5.000000,0.000000 4.674914,7.527802,2.615391 4.674914,7.846155,2.615379 
10.000000,10.000000,10.000001 5.248162,7.846155,2.615378 5.248162,8.164507,2.615378 
10.000000,0.000000,0.000000 10.000000,5.000000,0.000000 5.248162,7.846155,2.615378 
5.248162,8.164507,2.615378 5.248162,7.846155,2.615378 10.000000,5.000000,0.000000 
10.000000,0.000000,10.000002 5.248162,7.527803,2.615390 10.000000,5.000000,10.000001 
10.000000,0.000000,0.000000 5.248162,7.846155,2.615378 5.248162,7.527803,2.615390 
10.000000,5.000000,10.000001 5.248162,7.527803,2.615390 5.248162,7.846155,2.615378 
10.000000,0.000000,0.000000 4.961538,7.527802,2.615378 5.000000,0.000000,0.000000 
0.000001,-0.000001,10.000001 4.674914,7.527802,2.615391 4.961538,7.527802,2.615378 
5.000000,0.000000,0.000000 4.961538,7.527802,2.615378 4.674914,7.527802,2.615391 
10.000000,0.000000,10.000002 5.000000,-0.000000,10.000001 5.248162,7.527803,2.615390 
0.000001,-0.000001,10.000001 4.961538,7.527802,2.615378 5.000000,-0.000000,10.000001 
5.248162,7.527803,2.615390 5.000000,-0.000000,10.000001 4.961538,7.527802,2.615378 
-0.000001,10.000000,0.000000 4.961538,8.164507,2.615378 5.000000,10.000000,0.000000 
10.000000,10.000000,10.000001 5.248162,8.164507,2.615378 4.961538,8.164507,2.615378 
5.000000,10.000000,0.000000 4.961538,8.164507,2.615378 5.248162,8.164507,2.615378 
-0.000001,10.000000,10.000001 5.000000,10.000000,10.000001 4.674914,8.164507,2.615379 
10.000000,10.000000,10.000001 4.961538,8.164507,2.615378 5.000000,10.000000,10.000001 
4.674914,8.164507,2.615379 5.000000,10.000000,10.000001 4.961538,8.164507,2.615378 
4.674913,8.164507,2.615384 -0.000000,10.000000,10.000001 -0.000001,10.000001,-0.000001 
4.674914,7.527802,2.615384 0.000002,-0.000000,10.000001 0.000001,-0.000000,-0.000001 
5.248161,7.527802,2.615384 10.000000,0.000001,10.000001 10.000000,-0.000000,-0.000001 
5.248161,8.164507,2.615384 10.000001,10.000000,10.000001 10.000002,10.000000,-0.000001 
