0.000001,-0.000001,10.000001 5.000000,4.999999,0.187491 0.000000,5.000000,10.000001 
0.000001,-0.000001,10.000001 5.000000,-0.000000,10.000001 5.000000,4.999999,0.187491 
10.000001,0.000000,0.000000 5.000001,5.000000,0.000000 10.000001,5.000000,0.000000 
10.000001,0.000000,0.000000 5.000001,0.000000,0.000000 5.000001,5.000000,0.000000 
-0.000000,10.000002,10.000001 4.713376,5.318354,0.187494 0.000001,5.000002,10.000001 
-0.000000,10.000002,0.000000 0.000001,5.000002,0.000000 4.713376,5.000001,0.187494 
10.000000,10.000000,-0.000000 5.286624,5.318352,0.187492 10.000000,5.000000,0.000000 
10.000000,10.000000,10.000001 10.000000,5.000000,10.000001 5.286624,5.000000,0.187492 
0.000001,-0.000000,0.000001 5.000000,0.000000,0.000000 4.713375,4.681647,0.187506 
10.000001,0.000000,0.000000 5.286625,4.681648,0.187505 5.000001,4.681647,0.187492 
10.000000,10.000000,-0.000000 5.000000,10.000000,0.000000 5.286624,5.318352,0.187492 
-0.000000,10.000002,0.000000 4.713376,5.318354,0.187494 5.000001,5.318354,0.187492 
10.000000,10.000000,10.000001 5.000000,10.000000,10.000001 5.000000,4.999999,0.187491 
10.000000,10.000000,10.000001 5.000000,4.999999,0.187491 10.000000,5.000000,10.000001 
-0.000000,10.000002,0.000000 5.000001,10.000002,0.000000 5.000001,5.000002,0.000000 
10.000000,10.000000,-0.000000 10.000000,5.000000,0.000000 5.000000,10.000000,0.000000 
5.000000,5.000000,0.000000 5.000000,10.000000,0.000000 10.000000,5.000000,0.000000 
0.000001,-0.000000,0.000001 0.000000,5.000000,0.000000 5.000000,0.000000,0.000000 
-0.000000,10.000002,0.000000 5.000001,5.000002,0.000000 0.000001,5.000002,0.000000 
5.000000,0.000000,0.000000 0.000000,5.000000,0.000000 5.000000,5.000000,0.000000 
-0.000000,10.000002,0.000000 4.713376,5.000001,0.187494 4.713376,5.318354,0.187494 
0.000001,-0.000001,10.000001 0.000000,5.000000,10.000001 4.713375,5.000000,0.187494 
4.713375,5.318352,0.187494 4.713375,5.000000,0.187494 0.000000,5.000000,10.000001 
0.000001,-0.000000,0.000001 4.713375,4.681647,0.187506 0.000000,5.000000,0.000000 
0.000001,-0.000001,10.000001 4.713375,5.000000,0.187494 4.713375,4.681647,0.187506 
0.000000,5.000000,0.000000 4.713375,4.681647,0.187506 4.713375,5.000000,0.187494 
10.000000,10.000000,10.000001 5.286624,5.000000,0.187492 5.286624,5.318352,0.187492 
10.000001,0.000000,0.000000 10.000001,5.000000,0.000000 5.286625,5.000000,0.187492 
5.286624,5.318352,0.187492 5.286624,5.000000,0.187492 10.000000,5.000000,0.000000 
10.000001,0.000000,10.000002 5.286625,4.681648,0.187505 10.000001,5.000000,10.000001 
10.000001,0.000000,0.000000 5.286625,5.000000,0.187492 5.286625,4.681648,0.187505 
10.000000,5.000000,10.000001 5.286624,4.681648,0.187505 5.286624,5.000000,0.187492 
10.000001,0.000000,0.000000 5.000001,4.681647,0.187492 5.000001,0.000000,0.000000 
0.000001,-0.000001,10.000001 4.713375,4.681647,0.187506 5.000000,4.681647,0.187492 
5.000000,0.000000,0.000000 5.000000,4.681647,0.187492 4.713375,4.681647,0.187506 
10.000001,0.000000,10.000002 5.000001,0.000000,10.000001 5.286625,4.681648,0.187505 
0.000001,-0.000001,10.000001 5.000000,4.681647,0.187492 5.000000,-0.000000,10.000001 
5.286624,4.681648,0.187505 5.000000,-0.000000,10.000001 5.000000,4.681647,0.187492 
-0.000000,10.000002,0.000000 5.000001,5.318354,0.187492 5.000001,10.000002,0.000000 
10.000000,10.000000,10.000001 5.286624,5.318352,0.187492 5.000000,5.318352,0.187492 
5.000000,10.000000,0.000000 5.000000,5.318352,0.187492 5.286624,5.318352,0.187492 
-0.000000,10.000002,10.000001 5.000001,10.000002,10.000001 4.713376,5.318354,0.187494 
10.000000,10.000000,10.000001 5.000000,5.318352,0.187492 5.000000,10.000000,10.000001 
4.713375,5.318352,0.187494 5.000000,10.000000,10.000001 5.000000,5.318352,0.187492 
4.713375,5.318354,0.187498 0.000001,10.000002,10.000001 -0.000000,10.000002,-0.000001 
4.713376,4.681647,0.187498 0.000002,-0.000000,10.000001 0.000001,-0.000000,-0.000001 
5.286624,4.681647,0.187498 10.000001,0.000001,10.000001 10.000001,0.000000,-0.000001 
5.286623,5.318352,0.187498 10.000001,10.000000,10.000001 10.000002,10.000000,-0.000001 
