0.000001,-0.000001,10.000001 5.000012,5.000000,7.384580 0.000000,5.000000,10.000001 
0.000001,-0.000001,10.000001 5.000000,-0.000000,10.000001 5.000012,5.000000,7.384580 
10.000000,0.000000,0.000000 5.000000,5.000000,0.000000 10.000000,5.000000,0.000000 
10.000000,0.000000,0.000000 5.000000,0.000000,0.000000 5.000000,5.000000,0.000000 
-0.000001,10.000000,10.000001 0.720872,9.356287,7.384585 0.000000,5.000000,10.000001 
-0.000001,10.000000,0.000000 0.000000,5.000000,0.000000 0.720873,5.000006,7.384585 
10.000000,10.000000,-0.000000 9.279145,9.356287,7.384584 10.000000,5.000000,0.000000 
10.000000,10.000000,10.000001 10.000000,5.000000,10.000001 9.279145,5.000006,7.384584 
0.000001,-0.000000,0.000001 5.000000,0.000000,0.000000 0.720874,0.643725,7.384652 
10.000000,0.000000,0.000000 9.279145,0.643725,7.384647 5.000009,0.643725,7.384584 
10.000000,10.000000,-0.000000 5.000000,10.000000,0.000000 9.279145,9.356287,7.384584 
-0.000001,10.000000,0.000000 0.720872,9.356287,7.384585 5.000008,9.356287,7.384584 
10.000000,10.000000,10.000001 5.000000,10.000000,10.000001 5.000012,5.000000,7.384580 
-0.000001,10.000000,10.000001 0.000000,5.000000,10.000001 5.000000,10.000000,10.000001 
5.000012,5.000000,7.384580 5.000000,10.000000,10.000001 0.000000,5.000000,10.000001 
10.000000,0.000000,10.000002 10.000000,5.000000,10.000001 5.000000,-0.000000,10.000001 
10.000000,10.000000,10.000001 5.000012,5.000000,7.384580 10.000000,5.000000,10.000001 
5.000000,-0.000000,10.000001 10.000000,5.000000,10.000001 5.000012,5.000000,7.384580 
-0.000001,10.000000,0.000000 5.000000,10.000000,0.000000 5.000000,5.000000,0.000000 
10.000000,10.000000,-0.000000 10.000000,5.000000,0.000000 5.000000,10.000000,0.000000 
5.000000,5.000000,0.000000 5.000000,10.000000,0.000000 10.000000,5.000000,0.000000 
0.000001,-0.000000,0.000001 0.000000,5.000000,0.000000 5.000000,0.000000,0.000000 
-0.000001,10.000000,0.000000 5.000000,5.000000,0.000000 0.000000,5.000000,0.000000 
5.000000,0.000000,0.000000 0.000000,5.000000,0.000000 5.000000,5.000000,0.000000 
-0.000001,10.000000,0.000000 0.720873,5.000006,7.384585 0.720872,9.356287,7.384585 
0.000001,-0.000001,10.000001 0.000000,5.000000,10.000001 0.720873,5.000006,7.384585 
0.720872,9.356287,7.384585 0.720873,5.000006,7.384585 0.000000,5.000000,10.000001 
0.000001,-0.000000,0.000001 0.720874,0.643725,7.384652 0.000000,5.000000,0.000000 
0.000001,-0.000001,10.000001 0.720873,5.000006,7.384585 0.720874,0.643725,7.384652 
0.000000,5.000000,0.000000 0.720874,0.643725,7.384652 0.720873,5.000006,7.384585 
10.000000,10.000000,10.000001 9.279145,5.000006,7.384584 9.279145,9.356287,7.384584 
10.000000,0.000000,0.000000 10.000000,5.000000,0.000000 9.279145,5.000006,7.384584 
9.279145,9.356287,7.384584 9.279145,5.000006,7.384584 10.000000,5.000000,0.000000 
10.000000,0.000000,10.000002 9.279145,0.643725,7.384647 10.000000,5.000000,10.000001 
10.000000,0.000000,0.000000 9.279145,5.000006,7.384584 9.279145,0.643725,7.384647 
10.000000,5.000000,10.000001 9.279145,0.643725,7.384647 9.279145,5.000006,7.384584 
10.000000,0.000000,0.000000 5.000009,0.643725,7.384584 5.000000,0.000000,0.000000 
0.000001,-0.000001,10.000001 0.720874,0.643725,7.384652 5.000009,0.643725,7.384584 
5.000000,0.000000,0.000000 5.000009,0.643725,7.384584 0.720874,0.643725,7.384652 
10.000000,0.000000,10.000002 5.000000,-0.000000,10.000001 9.279145,0.643725,7.384647 
0.000001,-0.000001,10.000001 5.000009,0.643725,7.384584 5.000000,-0.000000,10.000001 
9.279145,0.643725,7.384647 5.000000,-0.000000,10.000001 5.000009,0.643725,7.384584 
-0.000001,10.000000,0.000000 5.000008,9.356287,7.384584 5.000000,10.000000,0.000000 
10.000000,10.000000,10.000001 9.279145,9.356287,7.384584 5.000008,9.356287,7.384584 
5.000000,10.000000,0.000000 5.000008,9.356287,7.384584 9.279145,9.356287,7.384584 
-0.000001,10.000000,10.000001 5.000000,10.000000,10.000001 0.720872,9.356287,7.384585 
10.000000,10.000000,10.000001 5.000008,9.356287,7.384584 5.000000,10.000000,10.000001 
0.720872,9.356287,7.384585 5.000000,10.000000,10.000001 5.000008,9.356287,7.384584 
0.720853,9.356286,7.384615 -0.000000,10.000000,10.000001 -0.000001,10.000001,-0.000001 
0.720876,0.643713,7.384616 0.000002,-0.000000,10.000001 0.000001,-0.000000,-0.000001 
9.279140,0.643715,7.384616 10.000000,0.000001,10.000001 10.000000,-0.000000,-0.000001 
9.279140,9.356282,7.384616 10.000001,10.000000,10.000001 10.000002,10.000000,-0.000001 
