0.000001,-0.000001,10.000001 5.000012,5.000000,2.576887 0.000000,5.000000,10.000001 
0.000001,-0.000001,10.000001 5.000000,-0.000000,10.000001 5.000012,5.000000,2.576887 
10.000000,0.000000,0.000000 5.000000,5.000000,0.000000 10.000000,5.000000,0.000000 
10.000000,0.000000,0.000000 5.000000,0.000000,0.000000 5.000000,5.000000,0.000000 
-0.000001,10.000000,10.000001 0.720872,9.356287,2.576891 0.000000,5.000000,10.000001 
-0.000001,10.000000,0.000000 0.000000,5.000000,0.000000 0.720873,5.000006,2.576891 
10.000000,10.000000,-0.000000 9.279145,9.356287,2.576890 10.000000,5.000000,0.000000 
10.000000,10.000000,10.000001 10.000000,5.000000,10.000001 9.279145,5.000006,2.576890 
0.000001,-0.000000,0.000001 5.000000,0.000000,0.000000 0.720874,0.643725,2.576958 
10.000000,0.000000,0.000000 9.279145,0.643725,2.576953 5.000009,0.643725,2.576890 
10.000000,10.000000,-0.000000 5.000000,10.000000,0.000000 9.279145,9.356287,2.576890 
-0.000001,10.000000,0.000000 0.720872,9.356287,2.576891 5.000008,9.356287,2.576890 
10.000000,10.000000,10.000001 5.000000,10.000000,10.000001 5.000012,5.000000,2.576887 
-0.000001,10.000000,10.000001 0.000000,5.000000,10.000001 5.000000,10.000000,10.000001 
5.000012,5.000000,2.576887 5.000000,10.000000,10.000001 0.000000,5.000000,10.000001 
10.000000,0.000000,10.000002 10.000000,5.000000,10.000001 5.000000,-0.000000,10.000001 
10.000000,10.000000,10.000001 5.000012,5.000000,2.576887 10.000000,5.000000,10.000001 
5.000000,-0.000000,10.000001 10.000000,5.000000,10.000001 5.000012,5.000000,2.576887 
-0.000001,10.000000,0.000000 5.000000,10.000000,0.000000 5.000000,5.000000,0.000000 
10.000000,10.000000,-0.000000 10.000000,5.000000,0.000000 5.000000,10.000000,0.000000 
5.000000,5.000000,0.000000 5.000000,10.000000,0.000000 10.000000,5.000000,0.000000 
0.000001,-0.000000,0.000001 0.000000,5.000000,0.000000 5.000000,0.000000,0.000000 
-0.000001,10.000000,0.000000 5.000000,5.000000,0.000000 0.000000,5.000000,0.000000 
5.000000,0.000000,0.000000 0.000000,5.000000,0.000000 5.000000,5.000000,0.000000 
-0.000001,10.000000,0.000000 0.720873,5.000006,2.576891 0.720872,9.356287,2.576891 
0.000001,-0.000001,10.000001 0.000000,5.000000,10.000001 0.720873,5.000006,2.576891 
0.720872,9.356287,2.576891 0.720873,5.000006,2.576891 0.000000,5.000000,10.000001 
0.000001,-0.000000,0.000001 0.720874,0.643725,2.576958 0.000000,5.000000,0.000000 
0.000001,-0.000001,10.000001 0.720873,5.000006,2.576891 0.720874,0.643725,2.576958 
0.000000,5.000000,0.000000 0.720874,0.643725,2.576958 0.720873,5.000006,2.576891 
10.000000,10.000000,10.000001 9.279145,5.000006,2.576890 9.279145,9.356287,2.576890 
10.000000,0.000000,0.000000 10.000000,5.000000,0.000000 9.279145,5.000006,2.576890 
9.279145,9.356287,2.576890 9.279145,5.000006,2.576890 10.000000,5.000000,0.000000 
10.000000,0.000000,10.000002 9.279145,0.643725,2.576953 10.000000,5.000000,10.000001 
10.000000,0.000000,0.000000 9.279145,5.000006,2.576890 9.279145,0.643725,2.576953 
10.000000,5.000000,10.000001 9.279145,0.643725,2.576953 9.279145,5.000006,2.576890 
10.000000,0.000000,0.000000 5.000009,0.643725,2.576890 5.000000,0.000000,0.000000 
0.000001,-0.000001,10.000001 0.720874,0.643725,2.576958 5.000009,0.643725,2.576890 
5.000000,0.000000,0.000000 5.000009,0.643725,2.576890 0.720874,0.643725,2.576958 
10.000000,0.000000,10.000002 5.000000,-0.000000,10.000001 9.279145,0.643725,2.576953 
0.000001,-0.000001,10.000001 5.000009,0.643725,2.576890 5.000000,-0.000000,10.000001 
9.279145,0.643725,2.576953 5.000000,-0.000000,10.000001 5.000009,0.643725,2.576890 
-0.000001,10.000000,0.000000 5.000008,9.356287,2.576890 5.000000,10.000000,0.000000 
10.000000,10.000000,10.000001 9.279145,9.356287,2.576890 5.000008,9.356287,2.576890 
5.000000,10.000000,0.000000 5.000008,9.356287,2.576890 9.279145,9.356287,2.576890 
-0.000001,10.000000,10.000001 5.000000,10.000000,10.000001 0.720872,9.356287,2.576891 
10.000000,10.000000,10.000001 5.000008,9.356287,2.576890 5.000000,10.000000,10.000001 
0.720872,9.356287,2.576891 5.000000,10.000000,10.000001 5.000008,9.356287,2.576890 
0.720853,9.356286,2.576921 -0.000000,10.000000,10.000001 -0.000001,10.000001,-0.000001 
0.720876,0.643713,2.576922 0.000002,-0.000000,10.000001 0.000001,-0.000000,-0.000001 
9.279140,0.643715,2.576922 10.000000,0.000001,10.000001 10.000000,-0.000000,-0.000001 
9.279140,9.356282,2.576922 10.000001,10.000000,10.000001 10.000002,10.000000,-0.000001 
