-0.000000,0.000000,9.999999 10.000000,100.000002,10.000000 0.000001,100.000002,9.999999 
-0.000000,0.000000,9.999999 10.000000,-0.000000,10.000000 10.000000,100.000002,10.000000 
10.000000,0.000000,0.000000 0.000001,100.000002,0.000000 10.000001,100.000002,0.000001 
10.000000,0.000000,0.000000 -0.000000,0.000001,0.000001 0.000001,100.000002,0.000000 
0.000001,100.000002,9.999999 0.000001,100.000002,0.000000 -0.000000,0.000000,9.999999 
0.000001,100.000002,0.000000 -0.000000,0.000001,0.000001 -0.000000,0.000000,9.999999 
10.000001,100.000002,0.000001 10.000000,100.000002,10.000000 10.000000,0.000000,0.000000 
10.000000,100.000002,10.000000 10.000000,-0.000000,10.000000 10.000000,0.000000,0.000000 
-0.000000,0.000001,0.000001 10.000000,0.000000,0.000000 -0.000000,0.000000,9.999999 
10.000000,0.000000,0.000000 10.000000,-0.000000,10.000000 -0.000000,0.000000,9.999999 
10.000001,100.000002,0.000001 0.000001,100.000002,0.000000 10.000000,100.000002,10.000000 
0.000001,100.000002,0.000000 0.000001,100.000002,9.999999 10.000000,100.000002,10.000000 
