4.998132,-2.071068,10.000001 5.001870,12.071067,10.000001 -2.071068,5.001869,10.000001 
4.998132,-2.071068,10.000001 12.071067,4.998130,10.000002 5.001869,12.071068,10.000001 
12.071067,4.998130,0.000000 -2.071068,5.001869,0.000000 5.001869,12.071068,0.000000 
12.071067,4.998130,0.000000 4.998131,-2.071067,0.000001 -2.071068,5.001869,0.000000 
-2.071068,5.001869,10.000001 -2.071068,5.001869,0.000000 4.998132,-2.071068,10.000001 
-2.071068,5.001869,0.000000 4.998131,-2.071067,0.000001 4.998132,-2.071068,10.000001 
5.001869,12.071068,0.000000 5.001869,12.071068,10.000001 12.071067,4.998130,0.000000 
5.001869,12.071068,10.000001 12.071067,4.998130,10.000002 12.071067,4.998130,0.000000 
4.998131,-2.071067,0.000001 12.071067,4.998130,0.000000 4.998132,-2.071068,10.000001 
12.071067,4.998130,0.000000 12.071067,4.998130,10.000002 4.998132,-2.071068,10.000001 
5.001869,12.071068,0.000000 -2.071068,5.001869,0.000000 5.001869,12.071068,10.000001 
-2.071068,5.001869,0.000000 -2.071068,5.001869,10.000001 5.001869,12.071068,10.000001 
