0.000001,0.000001,99.999998 10.000036,10.000003,99.999998 -0.000000,10.000003,99.999998 
0.000001,0.000001,99.999998 10.000000,0.000003,99.999998 10.000036,10.000003,99.999998 
10.000000,0.000000,0.000000 -0.000001,10.000000,0.000000 10.000035,10.000000,0.000001 
10.000000,0.000000,0.000000 0.000001,-0.000000,0.000001 -0.000001,10.000000,0.000000 
-0.000000,10.000003,99.999998 -0.000001,10.000000,0.000000 0.000001,0.000001,99.999998 
-0.000001,10.000000,0.000000 0.000001,-0.000000,0.000001 0.000001,0.000001,99.999998 
10.000035,10.000000,0.000001 10.000036,10.000003,99.999998 10.000000,0.000000,0.000000 
10.000036,10.000003,99.999998 10.000000,0.000003,99.999998 10.000000,0.000000,0.000000 
0.000001,-0.000000,0.000001 10.000000,0.000000,0.000000 0.000001,0.000001,99.999998 
10.000000,0.000000,0.000000 10.000000,0.000003,99.999998 0.000001,0.000001,99.999998 
10.000035,10.000000,0.000001 -0.000001,10.000000,0.000000 10.000036,10.000003,99.999998 
-0.000001,10.000000,0.000000 -0.000000,10.000003,99.999998 10.000036,10.000003,99.999998 
