0.000002,-0.000001,25.000000 10.000001,10.000000,25.000000 -0.000000,10.000000,25.000000 
0.000002,-0.000001,25.000000 10.000001,-0.000000,25.000001 10.000001,10.000000,25.000000 
10.000000,0.000000,0.000000 -0.000001,10.000000,0.000000 10.000000,10.000000,-0.000000 
10.000000,0.000000,0.000000 0.000001,-0.000000,0.000001 -0.000001,10.000000,0.000000 
-0.000000,10.000000,25.000000 -0.000001,10.000000,0.000000 0.000002,-0.000001,25.000000 
-0.000001,10.000000,0.000000 0.000001,-0.000000,0.000001 0.000002,-0.000001,25.000000 
10.000000,10.000000,-0.000000 10.000001,10.000000,25.000000 10.000000,0.000000,0.000000 
10.000001,10.000000,25.000000 10.000001,-0.000000,25.000001 10.000000,0.000000,0.000000 
0.000001,-0.000000,0.000001 10.000000,0.000000,0.000000 0.000002,-0.000001,25.000000 
10.000000,0.000000,0.000000 10.000001,-0.000000,25.000001 0.000002,-0.000001,25.000000 
10.000000,10.000000,-0.000000 -0.000001,10.000000,0.000000 10.000001,10.000000,25.000000 
-0.000001,10.000000,0.000000 -0.000000,10.000000,25.000000 10.000001,10.000000,25.000000 
