0.000000,-0.000001,12.000000 12.000001,12.000000,11.999999 0.000000,12.000000,12.000000 
0.000000,-0.000001,12.000000 12.000000,-0.000000,12.000000 12.000001,12.000000,11.999999 
12.000000,-0.000000,0.000000 0.000001,12.000000,0.000000 12.000000,12.000000,0.000000 
12.000000,-0.000000,0.000000 0.000001,-0.000000,0.000001 0.000001,12.000000,0.000000 
0.000000,12.000000,12.000000 0.000001,12.000000,0.000000 0.000000,-0.000001,12.000000 
0.000001,12.000000,0.000000 0.000001,-0.000000,0.000001 0.000000,-0.000001,12.000000 
12.000000,12.000000,0.000000 12.000001,12.000000,11.999999 12.000000,-0.000000,0.000000 
12.000001,12.000000,11.999999 12.000000,-0.000000,12.000000 12.000000,-0.000000,0.000000 
0.000001,-0.000000,0.000001 12.000000,-0.000000,0.000000 0.000000,-0.000001,12.000000 
12.000000,-0.000000,0.000000 12.000000,-0.000000,12.000000 0.000000,-0.000001,12.000000 
12.000000,12.000000,0.000000 0.000001,12.000000,0.000000 12.000001,12.000000,11.999999 
0.000001,12.000000,0.000000 0.000000,12.000000,12.000000 12.000001,12.000000,11.999999 
