0.000001,-0.000001,59.999999 10.000000,10.000000,59.999999 -0.000001,10.000000,59.999999 
0.000001,-0.000001,59.999999 10.000000,0.000000,59.999999 10.000000,10.000000,59.999999 
10.000000,0.000000,0.000000 -0.000001,10.000000,0.000000 10.000000,10.000000,-0.000000 
10.000000,0.000000,0.000000 0.000001,-0.000000,0.000001 -0.000001,10.000000,0.000000 
-0.000001,10.000000,59.999999 -0.000001,10.000000,0.000000 0.000001,-0.000001,59.999999 
-0.000001,10.000000,0.000000 0.000001,-0.000000,0.000001 0.000001,-0.000001,59.999999 
10.000000,10.000000,-0.000000 10.000000,10.000000,59.999999 10.000000,0.000000,0.000000 
10.000000,10.000000,59.999999 10.000000,0.000000,59.999999 10.000000,0.000000,0.000000 
0.000001,-0.000000,0.000001 10.000000,0.000000,0.000000 0.000001,-0.000001,59.999999 
10.000000,0.000000,0.000000 10.000000,0.000000,59.999999 0.000001,-0.000001,59.999999 
10.000000,10.000000,-0.000000 -0.000001,10.000000,0.000000 10.000000,10.000000,59.999999 
-0.000001,10.000000,0.000000 -0.000001,10.000000,59.999999 10.000000,10.000000,59.999999 
