0.000001,-0.000001,4.000001 10.000000,10.000000,4.000001 -0.000001,10.000000,4.000001 
0.000001,-0.000001,4.000001 10.000000,-0.000000,4.000002 10.000000,10.000000,4.000001 
10.000000,0.000000,0.000000 -0.000001,10.000000,0.000000 10.000000,10.000000,-0.000000 
10.000000,0.000000,0.000000 0.000001,-0.000000,0.000001 -0.000001,10.000000,0.000000 
-0.000001,10.000000,4.000001 -0.000001,10.000000,0.000000 0.000001,-0.000001,4.000001 
-0.000001,10.000000,0.000000 0.000001,-0.000000,0.000001 0.000001,-0.000001,4.000001 
10.000000,10.000000,-0.000000 10.000000,10.000000,4.000001 10.000000,0.000000,0.000000 
10.000000,10.000000,4.000001 10.000000,-0.000000,4.000002 10.000000,0.000000,0.000000 
0.000001,-0.000000,0.000001 10.000000,0.000000,0.000000 0.000001,-0.000001,4.000001 
10.000000,0.000000,0.000000 10.000000,-0.000000,4.000002 0.000001,-0.000001,4.000001 
10.000000,10.000000,-0.000000 -0.000001,10.000000,0.000000 10.000000,10.000000,4.000001 
-0.000001,10.000000,0.000000 -0.000001,10.000000,4.000001 10.000000,10.000000,4.000001 
