0.000001,-0.000001,10.000001 99.999958,10.000000,10.000002 -0.000001,10.000000,10.000001 
0.000001,-0.000001,10.000001 99.999957,-0.000001,10.000002 99.999958,10.000000,10.000002 
99.999957,-0.000001,0.000000 -0.000001,10.000000,0.000000 99.999958,10.000000,0.000001 
99.999957,-0.000001,0.000000 0.000001,-0.000000,0.000001 -0.000001,10.000000,0.000000 
-0.000001,10.000000,10.000001 -0.000001,10.000000,0.000000 0.000001,-0.000001,10.000001 
-0.000001,10.000000,0.000000 0.000001,-0.000000,0.000001 0.000001,-0.000001,10.000001 
99.999958,10.000000,0.000001 99.999958,10.000000,10.000002 99.999957,-0.000001,0.000000 
99.999958,10.000000,10.000002 99.999957,-0.000001,10.000002 99.999957,-0.000001,0.000000 
0.000001,-0.000000,0.000001 99.999957,-0.000001,0.000000 0.000001,-0.000001,10.000001 
99.999957,-0.000001,0.000000 99.999957,-0.000001,10.000002 0.000001,-0.000001,10.000001 
99.999958,10.000000,0.000001 -0.000001,10.000000,0.000000 99.999958,10.000000,10.000002 
-0.000001,10.000000,0.000000 -0.000001,10.000000,10.000001 99.999958,10.000000,10.000002 
