0.000002,-0.000001,24.000000 10.000001,10.000000,24.000000 -0.000000,10.000000,24.000000 
0.000002,-0.000001,24.000000 10.000001,-0.000000,24.000001 10.000001,10.000000,24.000000 
10.000000,0.000000,0.000000 -0.000001,10.000000,0.000000 10.000000,10.000000,-0.000000 
10.000000,0.000000,0.000000 0.000001,-0.000000,0.000001 -0.000001,10.000000,0.000000 
-0.000000,10.000000,24.000000 -0.000001,10.000000,0.000000 0.000002,-0.000001,24.000000 
-0.000001,10.000000,0.000000 0.000001,-0.000000,0.000001 0.000002,-0.000001,24.000000 
10.000000,10.000000,-0.000000 10.000001,10.000000,24.000000 10.000000,0.000000,0.000000 
10.000001,10.000000,24.000000 10.000001,-0.000000,24.000001 10.000000,0.000000,0.000000 
0.000001,-0.000000,0.000001 10.000000,0.000000,0.000000 0.000002,-0.000001,24.000000 
10.000000,0.000000,0.000000 10.000001,-0.000000,24.000001 0.000002,-0.000001,24.000000 
10.000000,10.000000,-0.000000 -0.000001,10.000000,0.000000 10.000001,10.000000,24.000000 
-0.000001,10.000000,0.000000 -0.000000,10.000000,24.000000 10.000001,10.000000,24.000000 
