0.000000,-0.000001,10.000000 12.000001,12.000000,10.000000 0.000000,12.000000,10.000000 
0.000000,-0.000001,10.000000 12.000000,-0.000000,10.000000 12.000001,12.000000,10.000000 
12.000000,-0.000000,0.000000 0.000001,12.000000,0.000000 12.000000,12.000000,0.000000 
12.000000,-0.000000,0.000000 0.000001,-0.000000,0.000001 0.000001,12.000000,0.000000 
0.000000,12.000000,10.000000 0.000001,12.000000,0.000000 0.000000,-0.000001,10.000000 
0.000001,12.000000,0.000000 0.000001,-0.000000,0.000001 0.000000,-0.000001,10.000000 
12.000000,12.000000,0.000000 12.000001,12.000000,10.000000 12.000000,-0.000000,0.000000 
12.000001,12.000000,10.000000 12.000000,-0.000000,10.000000 12.000000,-0.000000,0.000000 
0.000001,-0.000000,0.000001 12.000000,-0.000000,0.000000 0.000000,-0.000001,10.000000 
12.000000,-0.000000,0.000000 12.000000,-0.000000,10.000000 0.000000,-0.000001,10.000000 
12.000000,12.000000,0.000000 0.000001,12.000000,0.000000 12.000001,12.000000,10.000000 
0.000001,12.000000,0.000000 0.000000,12.000000,10.000000 12.000001,12.000000,10.000000 
