10.000001,10.000001,0.000001 0.000001,10.000001,0.000001 0.000001,0.000001,0.000000 
0.000001,0.000001,0.000000 10.000000,0.000001,0.000001 10.000001,10.000001,0.000001 
0.000001,9.999998,1.999999 0.000003,10.000000,-0.000000 -0.000001,0.000002,2.000000 
0.000003,10.000000,-0.000000 0.000000,-0.000000,0.000000 -0.000001,0.000002,2.000000 
10.000001,10.000000,-0.000000 9.999998,9.999999,1.999999 10.000001,0.000000,0.000001 
9.999998,9.999999,1.999999 9.999998,-0.000000,2.000000 10.000001,0.000000,0.000001 
0.000000,-0.000000,0.000000 10.000001,0.000000,0.000001 -0.000001,0.000002,2.000000 
10.000001,0.000000,0.000001 9.999998,-0.000000,2.000000 -0.000001,0.000002,2.000000 
10.000001,10.000000,-0.000000 0.000003,10.000000,-0.000000 9.999998,9.999999,1.999999 
0.000003,10.000000,-0.000000 0.000001,9.999998,1.999999 9.999998,9.999999,1.999999 
