10.000001,10.000001,0.000001 0.000001,10.000001,0.000001 0.000001,0.000001,0.000000 
0.000001,0.000001,0.000000 10.000000,0.000001,0.000001 10.000001,10.000001,0.000001 
0.000003,9.999998,10.000000 0.000003,10.000000,-0.000000 0.000001,0.000002,10.000001 
0.000003,10.000000,-0.000000 0.000000,-0.000000,0.000000 0.000001,0.000002,10.000001 
10.000001,10.000000,-0.000000 10.000001,9.999999,10.000000 10.000001,0.000000,0.000001 
10.000001,9.999999,10.000000 10.000000,0.000000,10.000001 10.000001,0.000000,0.000001 
0.000000,-0.000000,0.000000 10.000001,0.000000,0.000001 0.000001,0.000002,10.000001 
10.000001,0.000000,0.000001 10.000000,0.000000,10.000001 0.000001,0.000002,10.000001 
10.000001,10.000000,-0.000000 0.000003,10.000000,-0.000000 10.000001,9.999999,10.000000 
0.000003,10.000000,-0.000000 0.000003,9.999998,10.000000 10.000001,9.999999,10.000000 
