10.000001,10.000001,0.000001 0.000001,10.000001,0.000001 0.000001,0.000001,0.000000 
0.000001,0.000001,0.000000 10.000000,0.000001,0.000001 10.000001,10.000001,0.000001 
-0.000001,9.999998,5.999998 0.000003,10.000000,-0.000000 -0.000003,0.000002,5.999999 
0.000003,10.000000,-0.000000 0.000000,-0.000000,0.000000 -0.000003,0.000002,5.999999 
10.000001,10.000000,-0.000000 9.999997,9.999999,5.999998 10.000001,0.000000,0.000001 
9.999997,9.999999,5.999998 9.999996,-0.000000,5.999999 10.000001,0.000000,0.000001 
0.000000,-0.000000,0.000000 10.000001,0.000000,0.000001 -0.000003,0.000002,5.999999 
10.000001,0.000000,0.000001 9.999996,-0.000000,5.999999 -0.000003,0.000002,5.999999 
10.000001,10.000000,-0.000000 0.000003,10.000000,-0.000000 9.999997,9.999999,5.999998 
0.000003,10.000000,-0.000000 -0.000001,9.999998,5.999998 9.999997,9.999999,5.999998 
