10.000001,10.000001,0.000001 0.000001,10.000001,0.000001 0.000001,0.000001,0.000000 
0.000001,0.000001,0.000000 10.000000,0.000001,0.000001 10.000001,10.000001,0.000001 
0.000003,10.000001,99.999997 0.000003,10.000000,-0.000000 0.000001,0.000004,99.999998 
0.000003,10.000000,-0.000000 0.000000,-0.000000,0.000000 0.000001,0.000004,99.999998 
10.000001,10.000000,-0.000000 10.000001,10.000001,99.999997 10.000001,0.000000,0.000001 
10.000001,10.000001,99.999997 10.000000,0.000002,99.999998 10.000001,0.000000,0.000001 
0.000000,-0.000000,0.000000 10.000001,0.000000,0.000001 0.000001,0.000004,99.999998 
10.000001,0.000000,0.000001 10.000000,0.000002,99.999998 0.000001,0.000004,99.999998 
10.000001,10.000000,-0.000000 0.000003,10.000000,-0.000000 10.000001,10.000001,99.999997 
0.000003,10.000000,-0.000000 0.000003,10.000001,99.999997 10.000001,10.000001,99.999997 
