10.000001,10.000001,0.000001 0.000001,10.000001,0.000001 0.000001,0.000001,0.000000 
0.000001,0.000001,0.000000 10.000000,0.000001,0.000001 10.000001,10.000001,0.000001 
0.000002,9.999998,3.999999 0.000003,10.000000,-0.000000 -0.000000,0.000002,4.000000 
0.000003,10.000000,-0.000000 0.000000,-0.000000,0.000000 -0.000000,0.000002,4.000000 
10.000001,10.000000,-0.000000 9.999999,9.999999,3.999999 10.000001,0.000000,0.000001 
9.999999,9.999999,3.999999 9.999999,-0.000000,4.000000 10.000001,0.000000,0.000001 
0.000000,-0.000000,0.000000 10.000001,0.000000,0.000001 -0.000000,0.000002,4.000000 
10.000001,0.000000,0.000001 9.999999,-0.000000,4.000000 -0.000000,0.000002,4.000000 
10.000001,10.000000,-0.000000 0.000003,10.000000,-0.000000 9.999999,9.999999,3.999999 
0.000003,10.000000,-0.000000 0.000002,9.999998,3.999999 9.999999,9.999999,3.999999 
