4.999998,5.000002,95.000003 -0.000000,0.000004,100.000003 -0.000001,10.000001,100.000003 
4.999999,5.000002,95.000003 10.000000,0.000004,100.000003 -0.000000,0.000004,100.000003 
5.000000,5.000002,95.000003 -0.000001,10.000001,100.000003 10.000002,10.000002,100.000003 
4.999999,5.000001,95.000003 10.000002,10.000002,100.000003 10.000002,0.000003,100.000003 
4.999998,5.000002,95.000003 -0.000000,10.000000,90.000003 -0.000000,0.000003,90.000003 
4.999999,5.000002,95.000003 10.000002,10.000001,90.000003 0.000002,9.999999,90.000003 
5.000000,5.000001,95.000003 -0.000000,0.000003,90.000003 10.000002,0.000003,90.000003 
4.999998,5.000001,95.000003 10.000000,0.000004,90.000003 10.000002,10.000001,90.000003 
-0.000000,0.000003,100.000003 -0.000000,0.000003,90.000003 5.000000,5.000001,95.000003 
4.999999,5.000001,95.000003 10.000002,10.000002,100.000003 10.000002,10.000002,90.000003 
4.999999,5.000002,95.000003 10.000000,0.000004,100.000003 10.000002,0.000005,90.000003 
4.999999,5.000001,95.000003 -0.000000,10.000001,90.000003 -0.000000,10.000000,100.000003 
4.999998,5.000002,85.000003 -0.000000,0.000004,90.000003 -0.000001,10.000000,90.000003 
4.999999,5.000002,85.000003 10.000000,0.000004,90.000003 -0.000000,0.000004,90.000003 
5.000000,5.000002,85.000003 -0.000001,10.000000,90.000003 10.000002,10.000002,90.000003 
4.999999,5.000001,85.000003 10.000001,10.000002,90.000003 10.000001,0.000003,90.000003 
4.999998,5.000002,85.000003 -0.000000,9.999999,79.999999 -0.000000,0.000003,79.999999 
4.999999,5.000002,85.000003 10.000001,10.000001,80.000003 0.000002,9.999998,79.999999 
5.000000,5.000001,85.000003 -0.000000,0.000003,79.999999 10.000001,0.000003,79.999999 
4.999998,5.000001,85.000003 10.000000,0.000004,80.000003 10.000001,10.000001,79.999999 
-0.000000,0.000003,90.000003 -0.000000,0.000003,79.999999 5.000000,5.000001,85.000003 
4.999999,5.000001,85.000003 10.000001,10.000002,90.000003 10.000001,10.000002,80.000003 
4.999999,5.000002,85.000003 10.000000,0.000004,90.000003 10.000001,0.000005,80.000003 
4.999999,5.000001,85.000003 -0.000000,10.000000,79.999999 -0.000000,9.999999,90.000003 
4.999998,5.000002,55.000008 -0.000000,0.000002,60.000004 -0.000001,9.999999,60.000004 
4.999999,5.000001,55.000004 10.000000,0.000002,60.000004 -0.000000,0.000002,60.000004 
5.000000,5.000001,55.000008 -0.000001,9.999999,60.000004 10.000002,10.000001,60.000004 
4.999999,5.000000,55.000004 10.000002,10.000002,60.000004 10.000002,0.000001,60.000004 
4.999998,5.000001,55.000004 -0.000000,9.999998,50.000004 -0.000000,0.000001,50.000004 
4.999999,5.000001,55.000004 10.000002,10.000000,50.000004 0.000002,9.999997,50.000004 
5.000000,5.000000,55.000004 -0.000000,0.000001,50.000004 10.000002,0.000001,50.000004 
4.999998,4.999999,55.000004 10.000000,0.000002,50.000004 10.000002,10.000000,50.000004 
-0.000000,0.000001,60.000008 -0.000000,0.000001,50.000004 5.000000,5.000000,55.000004 
4.999999,5.000000,55.000008 10.000002,10.000001,60.000004 10.000002,10.000001,50.000004 
4.999999,5.000001,55.000004 10.000000,0.000002,60.000004 10.000002,0.000003,50.000004 
4.999999,5.000000,55.000004 -0.000000,9.999999,50.000004 -0.000000,9.999998,60.000004 
4.999998,5.000002,45.000004 -0.000000,0.000002,50.000004 -0.000001,9.999998,50.000004 
4.999999,5.000001,45.000004 10.000000,0.000002,50.000004 -0.000000,0.000002,50.000004 
5.000000,5.000001,45.000004 -0.000001,9.999998,50.000004 10.000002,10.000001,50.000004 
4.999999,5.000000,45.000004 10.000001,10.000002,50.000000 10.000001,0.000001,50.000004 
4.999998,5.000001,45.000004 -0.000000,9.999997,40.000000 -0.000000,0.000001,40.000000 
4.999999,5.000001,45.000004 10.000001,10.000000,40.000000 0.000002,9.999996,40.000000 
5.000000,5.000000,45.000004 -0.000000,0.000001,40.000000 10.000001,0.000001,40.000004 
4.999998,4.999999,45.000004 9.999999,0.000002,40.000004 10.000001,10.000000,40.000004 
-0.000000,0.000001,50.000004 -0.000000,0.000001,40.000004 5.000000,5.000000,45.000004 
4.999999,5.000000,45.000004 10.000001,10.000001,50.000004 10.000000,10.000001,40.000004 
4.999999,5.000001,45.000004 10.000000,0.000002,50.000004 10.000000,0.000003,40.000004 
4.999999,5.000000,45.000004 -0.000000,9.999998,40.000004 -0.000000,9.999997,50.000004 
4.999999,5.000001,35.000004 0.000001,0.000002,40.000000 0.000000,9.999999,40.000000 
5.000000,5.000001,35.000004 10.000000,0.000002,40.000004 0.000001,0.000002,40.000000 
5.000001,5.000001,35.000004 0.000000,9.999999,40.000000 10.000002,10.000001,40.000004 
5.000000,5.000000,35.000004 10.000002,10.000001,40.000004 10.000002,0.000001,40.000004 
4.999999,5.000001,35.000004 0.000001,9.999998,30.000002 0.000001,0.000001,30.000002 
5.000000,5.000001,35.000004 10.000003,10.000000,30.000004 0.000003,9.999997,30.000002 
5.000001,5.000000,35.000004 0.000001,0.000001,30.000002 10.000003,0.000001,30.000004 
4.999999,4.999999,35.000004 10.000001,0.000002,30.000006 10.000003,10.000000,30.000004 
0.000001,0.000001,40.000000 0.000001,0.000001,30.000004 5.000001,5.000000,35.000004 
5.000000,5.000000,35.000004 10.000002,10.000001,40.000004 10.000003,10.000001,30.000006 
5.000000,5.000001,35.000004 10.000000,0.000002,40.000004 10.000003,0.000003,30.000006 
5.000000,5.000000,35.000004 0.000001,9.999999,30.000004 0.000001,9.999998,40.000000 
4.999999,5.000001,25.000006 0.000001,0.000002,30.000004 0.000000,9.999998,30.000004 
5.000000,5.000001,25.000004 10.000001,0.000002,30.000002 0.000001,0.000002,30.000002 
5.000001,5.000001,25.000006 0.000000,9.999998,30.000004 10.000003,10.000001,30.000002 
5.000000,5.000000,25.000004 10.000002,10.000001,30.000002 10.000002,0.000001,30.000002 
4.999999,5.000001,25.000004 0.000001,9.999997,20.000002 0.000001,0.000001,20.000002 
5.000000,5.000001,25.000004 10.000002,10.000000,20.000004 0.000003,9.999996,20.000002 
5.000001,5.000000,25.000004 0.000001,0.000001,20.000002 10.000002,0.000001,20.000002 
4.999999,4.999999,25.000004 10.000001,0.000002,20.000004 10.000002,10.000000,20.000002 
0.000001,0.000001,30.000004 0.000001,0.000001,20.000002 5.000001,5.000000,25.000004 
5.000000,5.000000,25.000006 10.000002,10.000001,30.000002 10.000002,10.000001,20.000004 
5.000000,5.000001,25.000004 10.000001,0.000002,30.000002 10.000002,0.000003,20.000004 
5.000000,5.000000,25.000004 0.000001,9.999998,20.000002 0.000001,9.999997,30.000004 
4.999998,5.000001,15.000004 0.000000,0.000001,20.000002 -0.000001,9.999998,20.000002 
4.999999,5.000000,15.000003 10.000000,0.000001,20.000002 0.000000,0.000001,20.000002 
5.000000,5.000000,15.000004 -0.000001,9.999998,20.000002 10.000002,10.000000,20.000002 
4.999999,4.999999,15.000003 10.000002,10.000001,20.000000 10.000002,0.000000,20.000002 
4.999998,5.000000,15.000003 0.000000,9.999997,10.000000 0.000000,0.000000,10.000000 
4.999999,5.000000,15.000002 10.000002,9.999999,10.000002 0.000002,9.999996,10.000000 
5.000000,4.999999,15.000003 0.000000,0.000000,10.000000 10.000002,0.000000,10.000001 
4.999998,4.999998,15.000002 10.000000,0.000001,10.000003 10.000002,9.999999,10.000001 
0.000000,0.000000,20.000004 0.000000,0.000000,10.000001 5.000000,4.999999,15.000003 
4.999999,4.999999,15.000004 10.000002,10.000000,20.000002 10.000002,10.000000,10.000003 
4.999999,5.000000,15.000003 10.000000,0.000001,20.000002 10.000002,0.000002,10.000003 
4.999999,4.999999,15.000002 0.000000,9.999998,10.000001 0.000000,9.999997,20.000002 
4.999998,5.000001,5.000003 0.000000,0.000001,10.000001 -0.000001,9.999997,10.000001 
4.999999,5.000000,5.000002 10.000000,0.000001,10.000000 0.000000,0.000001,10.000000 
5.000000,5.000000,5.000003 -0.000001,9.999997,10.000001 10.000002,10.000000,10.000000 
4.999999,4.999999,5.000002 10.000001,10.000001,9.999999 10.000001,0.000000,10.000000 
4.999998,5.000000,5.000002 0.000000,9.999996,-0.000001 0.000000,0.000000,-0.000001 
4.999999,5.000000,5.000001 10.000001,9.999999,0.000001 0.000002,9.999995,-0.000001 
5.000000,4.999999,5.000002 0.000000,0.000000,-0.000001 10.000001,0.000000,0.000000 
4.999998,4.999998,5.000001 10.000000,0.000001,0.000002 10.000001,9.999999,0.000000 
0.000000,0.000000,10.000002 0.000000,0.000000,0.000000 5.000000,4.999999,5.000002 
4.999999,4.999999,5.000003 10.000001,10.000000,10.000000 10.000001,10.000000,0.000002 
4.999999,5.000000,5.000002 10.000000,0.000001,10.000000 10.000001,0.000002,0.000002 
4.999999,4.999999,5.000001 0.000000,9.999997,0.000000 0.000000,9.999996,10.000001 
4.999999,5.000002,75.000008 0.000000,0.000003,80.000000 -0.000001,10.000000,80.000000 
5.000000,5.000002,75.000008 10.000001,0.000003,79.999998 0.000000,0.000003,80.000000 
5.000001,5.000002,75.000008 -0.000001,10.000000,80.000000 10.000003,10.000002,79.999998 
5.000000,5.000001,75.000008 10.000003,10.000002,79.999998 10.000003,0.000002,79.999998 
4.999999,5.000002,75.000008 0.000001,9.999999,70.000008 0.000001,0.000002,70.000008 
5.000000,5.000002,75.000008 10.000003,10.000001,70.000008 0.000003,9.999998,70.000008 
5.000001,5.000001,75.000008 0.000001,0.000002,70.000008 10.000003,0.000002,70.000008 
4.999999,5.000000,75.000008 10.000001,0.000003,70.000008 10.000003,10.000001,70.000008 
0.000000,0.000002,80.000000 0.000001,0.000002,70.000008 5.000001,5.000001,75.000008 
5.000000,5.000001,75.000008 10.000003,10.000002,79.999998 10.000003,10.000002,70.000008 
5.000000,5.000002,75.000008 10.000001,0.000003,79.999998 10.000003,0.000004,70.000008 
5.000000,5.000001,75.000008 0.000001,10.000000,70.000008 0.000000,9.999999,80.000000 
4.999999,5.000002,65.000008 0.000001,0.000003,70.000008 0.000000,9.999999,70.000008 
5.000000,5.000002,65.000008 10.000001,0.000003,70.000008 0.000001,0.000003,70.000008 
5.000001,5.000002,65.000008 0.000000,9.999999,70.000008 10.000003,10.000002,70.000008 
5.000000,5.000001,65.000008 10.000002,10.000002,70.000008 10.000002,0.000002,70.000008 
4.999999,5.000002,65.000008 0.000001,9.999998,60.000004 0.000001,0.000002,60.000004 
5.000000,5.000002,65.000008 10.000002,10.000001,60.000008 0.000003,9.999997,60.000004 
5.000001,5.000001,65.000008 0.000001,0.000002,60.000004 10.000002,0.000002,60.000004 
4.999999,5.000000,65.000008 10.000001,0.000003,60.000008 10.000002,10.000001,60.000004 
0.000001,0.000002,70.000008 0.000001,0.000002,60.000004 5.000001,5.000001,65.000008 
5.000000,5.000001,65.000008 10.000002,10.000002,70.000008 10.000002,10.000002,60.000008 
5.000000,5.000002,65.000008 10.000001,0.000003,70.000008 10.000002,0.000004,60.000008 
5.000000,5.000001,65.000008 0.000001,9.999999,60.000004 0.000001,9.999998,70.000008 
