4.999998,5.000001,15.000004 -0.000000,0.000001,20.000002 -0.000001,9.999998,20.000002 
4.999999,5.000000,15.000003 10.000000,0.000001,20.000001 -0.000000,0.000001,20.000001 
5.000000,5.000000,15.000004 -0.000001,9.999998,20.000002 10.000002,10.000000,20.000001 
4.999999,4.999999,15.000003 10.000002,10.000001,20.000000 10.000002,0.000000,20.000001 
4.999998,5.000000,15.000003 -0.000000,9.999997,10.000000 -0.000000,0.000000,10.000000 
4.999999,5.000000,15.000002 10.000002,9.999999,10.000002 0.000002,9.999996,10.000000 
5.000000,4.999999,15.000003 -0.000000,0.000000,10.000000 10.000002,0.000000,10.000001 
4.999998,4.999998,15.000002 10.000000,0.000001,10.000003 10.000002,9.999999,10.000001 
-0.000000,0.000000,20.000003 -0.000000,0.000000,10.000001 5.000000,4.999999,15.000003 
4.999999,4.999999,15.000004 10.000002,10.000000,20.000001 10.000002,10.000000,10.000003 
4.999999,5.000000,15.000003 10.000000,0.000001,20.000001 10.000002,0.000002,10.000003 
4.999999,4.999999,15.000002 -0.000000,9.999998,10.000001 -0.000000,9.999997,20.000002 
4.999998,5.000001,5.000003 0.000000,0.000001,10.000001 -0.000001,9.999997,10.000001 
4.999999,5.000000,5.000002 10.000000,0.000001,10.000000 0.000000,0.000001,10.000000 
5.000000,5.000000,5.000003 -0.000001,9.999997,10.000001 10.000002,10.000000,10.000000 
4.999999,4.999999,5.000002 10.000001,10.000001,9.999999 10.000001,0.000000,10.000000 
4.999998,5.000000,5.000002 0.000000,9.999996,-0.000001 0.000000,0.000000,-0.000001 
4.999999,5.000000,5.000001 10.000001,9.999999,0.000001 0.000002,9.999995,-0.000001 
5.000000,4.999999,5.000002 0.000000,0.000000,-0.000001 10.000001,0.000000,0.000000 
4.999998,4.999998,5.000001 10.000000,0.000001,0.000002 10.000001,9.999999,0.000000 
0.000000,0.000000,10.000002 0.000000,0.000000,0.000000 5.000000,4.999999,5.000002 
4.999999,4.999999,5.000003 10.000001,10.000000,10.000000 10.000001,10.000000,0.000002 
4.999999,5.000000,5.000002 10.000000,0.000001,10.000000 10.000001,0.000002,0.000002 
4.999999,4.999999,5.000001 0.000000,9.999997,0.000000 0.000000,9.999996,10.000001 
