90.000000,9.999999,10.000001 90.000000,0.000001,10.000001 95.000000,5.000001,5.000003 
95.000000,5.000000,5.000002 100.000000,0.000001,10.000000 90.000000,0.000001,10.000000 
95.000000,5.000000,5.000003 90.000000,9.999999,10.000001 100.000000,10.000000,10.000000 
95.000000,4.999999,5.000002 100.000000,10.000001,9.999999 100.000000,0.000000,10.000000 
90.000000,0.000000,-0.000001 90.000000,9.999998,-0.000001 95.000000,5.000000,5.000002 
95.000000,5.000000,5.000001 100.000000,9.999999,0.000001 90.000000,9.999997,-0.000001 
95.000000,4.999999,5.000002 90.000000,0.000000,-0.000001 100.000000,0.000000,0.000000 
95.000000,4.999999,5.000001 100.000000,0.000001,0.000002 100.000000,9.999999,0.000000 
90.000000,0.000000,10.000002 90.000000,0.000000,0.000000 95.000000,4.999999,5.000002 
95.000000,4.999999,5.000003 100.000000,10.000000,10.000000 100.000000,10.000000,0.000002 
95.000000,5.000000,5.000002 100.000000,0.000001,10.000000 100.000000,0.000002,0.000002 
95.000000,4.999999,5.000001 90.000000,9.999999,0.000000 90.000000,9.999998,10.000001 
80.000000,9.999998,10.000001 80.000000,0.000001,10.000001 85.000000,5.000001,5.000003 
85.000000,5.000000,5.000002 90.000000,0.000001,10.000000 80.000000,0.000001,10.000000 
85.000000,5.000000,5.000003 80.000000,9.999998,10.000001 90.000000,10.000000,10.000000 
90.000000,0.000000,10.000000 90.000000,10.000001,9.999999 85.000000,4.999999,5.000002 
80.000000,0.000000,-0.000001 80.000000,9.999997,-0.000001 85.000000,5.000000,5.000002 
85.000000,5.000000,5.000001 90.000000,9.999999,0.000001 80.000001,9.999999,-0.000001 
85.000000,4.999999,5.000002 80.000000,0.000000,-0.000001 90.000000,0.000000,0.000000 
90.000000,9.999999,0.000000 90.000000,0.000001,0.000002 85.000000,4.999999,5.000001 
80.000000,0.000000,10.000002 80.000000,0.000000,0.000000 85.000000,4.999999,5.000002 
85.000000,4.999999,5.000003 90.000000,10.000000,10.000000 90.000000,10.000000,0.000002 
90.000000,0.000002,0.000002 90.000000,0.000001,10.000000 85.000000,5.000000,5.000002 
85.000000,4.999999,5.000001 80.000000,9.999998,0.000000 80.000000,9.999997,10.000001 
49.999996,9.999998,10.000001 50.000000,0.000000,10.000001 54.999996,5.000000,5.000003 
54.999996,4.999999,5.000002 60.000000,0.000000,10.000000 50.000000,0.000000,10.000000 
55.000000,4.999999,5.000003 49.999996,9.999998,10.000001 60.000000,9.999999,10.000000 
60.000000,-0.000001,10.000000 60.000000,10.000000,9.999999 54.999996,4.999998,5.000002 
50.000000,-0.000001,-0.000001 50.000000,9.999997,-0.000001 54.999996,4.999999,5.000002 
54.999996,4.999999,5.000001 60.000000,9.999998,0.000001 50.000000,9.999996,-0.000001 
55.000000,4.999998,5.000002 50.000000,-0.000001,-0.000001 60.000000,-0.000001,0.000000 
60.000000,9.999998,0.000000 60.000000,0.000000,0.000002 54.999996,4.999998,5.000001 
50.000000,-0.000001,10.000002 50.000000,-0.000001,0.000000 55.000000,4.999998,5.000002 
54.999996,4.999998,5.000003 60.000000,9.999999,10.000000 60.000000,9.999999,0.000002 
60.000000,0.000001,0.000002 60.000000,0.000000,10.000000 54.999996,4.999999,5.000002 
54.999996,4.999998,5.000001 50.000000,9.999998,0.000000 50.000000,9.999997,10.000001 
40.000000,9.999999,10.000001 40.000000,0.000000,10.000001 44.999996,5.000000,5.000003 
44.999996,4.999999,5.000002 50.000000,0.000000,10.000000 40.000000,0.000000,10.000000 
45.000000,4.999999,5.000003 40.000000,9.999999,10.000001 50.000000,9.999999,10.000000 
50.000000,-0.000001,10.000000 50.000000,10.000000,9.999999 44.999996,4.999998,5.000002 
40.000000,-0.000001,-0.000001 40.000000,9.999998,-0.000001 44.999996,4.999999,5.000002 
44.999996,4.999999,5.000001 50.000000,9.999998,0.000001 40.000000,9.999998,-0.000001 
45.000000,4.999998,5.000002 40.000000,-0.000001,-0.000001 50.000000,-0.000001,0.000000 
50.000000,9.999998,0.000000 50.000000,0.000000,0.000002 44.999996,4.999998,5.000001 
40.000000,-0.000001,10.000002 40.000000,-0.000001,0.000000 45.000000,4.999998,5.000002 
44.999996,4.999998,5.000003 50.000000,9.999999,10.000000 50.000000,9.999999,0.000002 
50.000000,0.000001,0.000002 50.000000,0.000000,10.000000 44.999996,4.999999,5.000002 
44.999996,4.999998,5.000001 40.000000,9.999999,0.000000 40.000000,9.999998,10.000001 
30.000000,9.999998,10.000001 30.000002,0.000001,10.000001 35.000000,5.000001,5.000003 
35.000000,5.000000,5.000002 40.000000,0.000001,10.000000 30.000002,0.000001,10.000000 
35.000000,5.000000,5.000003 30.000000,9.999998,10.000001 40.000000,9.999999,10.000000 
40.000000,0.000001,10.000000 40.000000,9.999999,9.999999 35.000000,4.999999,5.000002 
30.000002,0.000000,-0.000001 30.000002,9.999997,-0.000001 35.000000,5.000000,5.000002 
35.000000,5.000000,5.000001 40.000000,9.999998,0.000001 30.000004,9.999996,-0.000001 
35.000000,4.999999,5.000002 30.000002,0.000000,-0.000001 40.000000,0.000001,0.000000 
40.000000,9.999998,0.000000 40.000000,0.000001,0.000002 35.000000,4.999998,5.000001 
30.000002,0.000000,10.000002 30.000002,0.000000,0.000000 35.000000,4.999999,5.000002 
35.000000,4.999999,5.000003 40.000000,9.999999,10.000000 40.000000,9.999999,0.000002 
40.000000,0.000003,0.000002 40.000000,0.000001,10.000000 35.000000,5.000000,5.000002 
35.000000,4.999999,5.000001 30.000002,9.999998,0.000000 30.000002,9.999997,10.000001 
20.000000,9.999997,10.000001 20.000002,0.000001,10.000001 24.999998,5.000001,5.000003 
25.000000,5.000000,5.000002 30.000002,0.000001,10.000000 20.000002,0.000001,10.000000 
25.000002,5.000000,5.000003 20.000000,9.999997,10.000001 30.000004,10.000000,10.000000 
30.000002,0.000000,10.000000 30.000002,10.000001,9.999999 25.000000,4.999999,5.000002 
20.000002,0.000000,-0.000001 20.000002,9.999996,-0.000001 24.999998,5.000000,5.000002 
25.000000,5.000000,5.000001 30.000002,9.999999,0.000001 20.000004,9.999995,-0.000001 
25.000002,4.999999,5.000002 20.000002,0.000000,-0.000001 30.000002,0.000000,0.000000 
30.000002,9.999999,0.000000 30.000002,0.000001,0.000002 24.999998,4.999998,5.000001 
20.000002,0.000000,10.000002 20.000002,0.000000,0.000000 25.000002,4.999999,5.000002 
25.000000,4.999999,5.000003 30.000002,10.000000,10.000000 30.000002,10.000000,0.000002 
30.000002,0.000002,0.000002 30.000002,0.000001,10.000000 25.000000,5.000000,5.000002 
25.000000,4.999999,5.000001 20.000002,9.999997,0.000000 20.000002,9.999996,10.000001 
9.999999,9.999998,10.000001 10.000000,0.000001,10.000001 14.999998,5.000001,5.000003 
14.999999,5.000000,5.000002 20.000000,0.000001,10.000000 10.000000,0.000001,10.000000 
15.000000,5.000000,5.000003 9.999999,9.999998,10.000001 20.000002,10.000000,10.000000 
20.000002,0.000000,10.000000 20.000002,10.000001,9.999999 14.999999,4.999999,5.000002 
10.000000,0.000000,-0.000001 10.000000,9.999997,-0.000001 14.999998,5.000000,5.000002 
14.999999,5.000000,5.000001 20.000002,9.999999,0.000001 10.000002,9.999996,-0.000001 
15.000000,4.999999,5.000002 10.000000,0.000000,-0.000001 20.000002,0.000000,0.000000 
20.000002,9.999999,0.000000 20.000000,0.000001,0.000002 14.999998,4.999998,5.000001 
10.000000,0.000000,10.000002 10.000000,0.000000,0.000000 15.000000,4.999999,5.000002 
14.999999,4.999999,5.000003 20.000002,10.000000,10.000000 20.000002,10.000000,0.000002 
20.000002,0.000002,0.000002 20.000000,0.000001,10.000000 14.999999,5.000000,5.000002 
14.999999,4.999999,5.000001 10.000000,9.999998,0.000000 10.000000,9.999997,10.000001 
4.999998,5.000001,5.000003 0.000000,0.000001,10.000001 -0.000001,9.999997,10.000001 
4.999999,5.000000,5.000002 10.000000,0.000001,10.000000 0.000000,0.000001,10.000000 
5.000000,5.000000,5.000003 -0.000001,9.999997,10.000001 10.000002,10.000000,10.000000 
10.000001,0.000000,10.000000 10.000001,10.000001,9.999999 4.999999,4.999999,5.000002 
4.999998,5.000000,5.000002 0.000000,9.999996,-0.000001 0.000000,0.000000,-0.000001 
4.999999,5.000000,5.000001 10.000001,9.999999,0.000001 0.000002,9.999995,-0.000001 
5.000000,4.999999,5.000002 0.000000,0.000000,-0.000001 10.000001,0.000000,0.000000 
10.000001,9.999999,0.000000 10.000000,0.000001,0.000002 4.999998,4.999998,5.000001 
0.000000,0.000000,10.000002 0.000000,0.000000,0.000000 5.000000,4.999999,5.000002 
4.999999,4.999999,5.000003 10.000001,10.000000,10.000000 10.000001,10.000000,0.000002 
10.000001,0.000002,0.000002 10.000000,0.000001,10.000000 4.999999,5.000000,5.000002 
4.999999,4.999999,5.000001 0.000000,9.999997,0.000000 0.000000,9.999996,10.000001 
70.000000,9.999998,10.000001 70.000000,0.000000,10.000001 75.000000,5.000000,5.000003 
75.000000,4.999999,5.000002 80.000000,0.000000,10.000000 70.000000,0.000000,10.000000 
75.000000,4.999999,5.000003 70.000000,9.999998,10.000001 80.000000,9.999999,10.000000 
80.000000,-0.000001,10.000000 80.000000,10.000000,9.999999 75.000000,4.999998,5.000002 
70.000000,-0.000001,-0.000001 70.000000,9.999997,-0.000001 75.000000,4.999999,5.000002 
75.000000,4.999999,5.000001 80.000000,9.999998,0.000001 70.000000,9.999996,-0.000001 
75.000000,4.999998,5.000002 70.000000,-0.000001,-0.000001 80.000000,-0.000001,0.000000 
80.000000,9.999998,0.000000 80.000000,0.000000,0.000002 75.000000,4.999998,5.000001 
70.000000,-0.000001,10.000002 70.000000,-0.000001,0.000000 75.000000,4.999998,5.000002 
75.000000,4.999998,5.000003 80.000000,9.999999,10.000000 80.000000,9.999999,0.000002 
80.000000,0.000001,0.000002 80.000000,0.000000,10.000000 75.000000,4.999999,5.000002 
75.000000,4.999998,5.000001 70.000000,9.999998,0.000000 70.000000,9.999997,10.000001 
60.000000,9.999997,10.000001 60.000000,0.000000,10.000001 65.000000,5.000000,5.000003 
65.000000,4.999999,5.000002 70.000000,0.000000,10.000000 60.000000,0.000000,10.000000 
65.000000,4.999999,5.000003 60.000000,9.999997,10.000001 70.000000,9.999999,10.000000 
70.000000,-0.000001,10.000000 70.000000,10.000000,9.999999 65.000000,4.999998,5.000002 
60.000000,-0.000001,-0.000001 60.000000,9.999996,-0.000001 65.000000,4.999999,5.000002 
65.000000,4.999999,5.000001 70.000000,9.999998,0.000001 60.000004,9.999995,-0.000001 
65.000000,4.999998,5.000002 60.000000,-0.000001,-0.000001 70.000000,-0.000001,0.000000 
70.000000,9.999998,0.000000 70.000000,0.000000,0.000002 65.000000,4.999998,5.000001 
60.000000,-0.000001,10.000002 60.000000,-0.000001,0.000000 65.000000,4.999998,5.000002 
65.000000,4.999998,5.000003 70.000000,9.999999,10.000000 70.000000,9.999999,0.000002 
70.000000,0.000001,0.000002 70.000000,0.000000,10.000000 65.000000,4.999999,5.000002 
65.000000,4.999998,5.000001 60.000000,9.999997,0.000000 60.000000,9.999996,10.000001 
