5.000000,3.500003,5.000003 0.000000,0.000001,10.000001 -0.000001,10.000002,10.000001 
5.000001,3.500002,5.000002 10.000000,0.000001,10.000000 0.000000,0.000001,10.000000 
10.000001,10.000001,10.000000 -0.000001,10.000002,10.000001 5.000002,3.500002,5.000003 
5.000001,3.500001,5.000002 10.000001,10.000001,9.999999 10.000001,0.000000,10.000000 
5.000000,3.500002,5.000002 0.000000,10.000001,-0.000001 0.000000,0.000000,-0.000001 
0.000002,10.000000,-0.000001 10.000000,10.000000,0.000001 5.000001,3.500002,5.000001 
5.000002,3.500001,5.000002 0.000000,0.000000,-0.000001 10.000001,0.000000,0.000000 
5.000000,3.500000,5.000001 10.000000,0.000001,0.000002 10.000000,10.000000,0.000000 
0.000000,0.000000,10.000002 0.000000,0.000000,0.000000 5.000002,3.500001,5.000002 
10.000000,10.000001,0.000002 10.000000,10.000001,10.000000 5.000001,3.500001,5.000003 
5.000001,3.500002,5.000002 10.000000,0.000001,10.000000 10.000001,0.000002,0.000002 
0.000000,10.000001,10.000001 0.000000,10.000002,0.000000 5.000001,3.500001,5.000001 
