4.999997,35.000000,5.000003 -0.000002,30.000000,10.000001 -0.000003,39.999996,10.000001 
4.999997,34.999999,5.000002 9.999998,30.000000,10.000000 -0.000002,30.000000,10.000000 
4.999998,34.999999,5.000003 -0.000003,39.999996,10.000001 10.000000,39.999999,10.000000 
4.999997,34.999999,5.000002 9.999999,40.000001,9.999999 9.999999,30.000000,10.000000 
4.999997,34.999999,5.000002 -0.000002,39.999996,-0.000001 -0.000002,29.999999,-0.000001 
4.999997,34.999999,5.000001 9.999999,39.999998,0.000001 -0.000000,39.999996,-0.000001 
4.999998,34.999999,5.000002 -0.000002,29.999999,-0.000001 9.999999,30.000000,0.000000 
4.999997,34.999998,5.000001 9.999998,30.000000,0.000002 9.999999,39.999998,0.000000 
-0.000002,29.999999,10.000002 -0.000002,29.999999,0.000000 4.999998,34.999999,5.000002 
4.999997,34.999999,5.000003 9.999999,39.999999,10.000000 9.999999,39.999999,0.000002 
4.999997,34.999999,5.000002 9.999998,30.000000,10.000000 9.999999,30.000001,0.000002 
4.999997,34.999999,5.000001 -0.000002,39.999996,0.000000 -0.000002,39.999996,10.000001 
4.999997,25.000000,5.000003 -0.000001,20.000000,10.000001 -0.000002,30.000001,10.000001 
4.999998,24.999999,5.000002 9.999999,20.000000,10.000000 -0.000001,20.000000,10.000000 
4.999999,24.999999,5.000003 -0.000002,30.000001,10.000001 10.000000,30.000000,10.000000 
4.999998,24.999999,5.000002 10.000000,30.000000,9.999999 10.000000,19.999999,10.000000 
4.999997,24.999999,5.000002 -0.000001,30.000000,-0.000001 -0.000001,19.999999,-0.000001 
4.999998,24.999999,5.000001 9.999999,29.999999,0.000001 0.000001,29.999999,-0.000001 
4.999999,24.999999,5.000002 -0.000001,19.999999,-0.000001 10.000000,19.999999,0.000000 
4.999997,24.999998,5.000001 9.999999,20.000000,0.000002 9.999999,29.999999,0.000000 
-0.000001,19.999999,10.000002 -0.000001,19.999999,0.000000 4.999999,24.999999,5.000002 
4.999998,24.999999,5.000003 9.999999,30.000000,10.000000 9.999999,30.000000,0.000002 
4.999998,24.999999,5.000002 9.999999,20.000000,10.000000 10.000000,20.000001,0.000002 
4.999998,24.999999,5.000001 -0.000001,30.000001,0.000000 -0.000001,30.000000,10.000001 
4.999998,15.000001,5.000003 -0.000001,10.000001,10.000001 -0.000002,19.999996,10.000001 
4.999998,15.000000,5.000002 9.999999,10.000001,10.000000 -0.000001,10.000001,10.000000 
4.999999,15.000000,5.000003 -0.000002,19.999996,10.000001 10.000001,20.000000,10.000000 
4.999998,14.999999,5.000002 10.000000,20.000002,9.999999 10.000000,10.000001,10.000000 
4.999998,15.000000,5.000002 -0.000001,19.999996,-0.000001 -0.000001,10.000000,-0.000001 
4.999998,15.000000,5.000001 10.000000,19.999998,0.000001 0.000001,19.999996,-0.000001 
4.999999,14.999999,5.000002 -0.000001,10.000000,-0.000001 10.000000,10.000001,0.000000 
4.999998,14.999998,5.000001 9.999999,10.000001,0.000002 10.000000,19.999998,0.000000 
-0.000001,10.000000,10.000002 -0.000001,10.000000,0.000000 4.999999,14.999999,5.000002 
4.999998,14.999999,5.000003 10.000000,20.000000,10.000000 10.000000,20.000000,0.000002 
4.999998,15.000000,5.000002 9.999999,10.000001,10.000000 10.000000,10.000002,0.000002 
4.999998,14.999999,5.000001 -0.000001,19.999996,0.000000 -0.000001,19.999996,10.000001 
4.999998,5.000001,5.000003 0.000000,0.000001,10.000001 -0.000001,10.000002,10.000001 
4.999999,5.000000,5.000002 10.000000,0.000001,10.000000 0.000000,0.000001,10.000000 
5.000000,5.000000,5.000003 -0.000001,10.000002,10.000001 10.000001,10.000001,10.000000 
4.999999,4.999999,5.000002 10.000001,10.000001,9.999999 10.000001,0.000000,10.000000 
4.999998,5.000000,5.000002 0.000000,10.000001,-0.000001 0.000000,0.000000,-0.000001 
4.999999,5.000000,5.000001 10.000000,10.000000,0.000001 0.000002,10.000000,-0.000001 
5.000000,4.999999,5.000002 0.000000,0.000000,-0.000001 10.000001,0.000000,0.000000 
4.999998,4.999998,5.000001 10.000000,0.000001,0.000002 10.000000,10.000000,0.000000 
0.000000,0.000000,10.000002 0.000000,0.000000,0.000000 5.000000,4.999999,5.000002 
4.999999,4.999999,5.000003 10.000000,10.000001,10.000000 10.000000,10.000001,0.000002 
4.999999,5.000000,5.000002 10.000000,0.000001,10.000000 10.000001,0.000002,0.000002 
4.999999,4.999999,5.000001 0.000000,10.000002,0.000000 0.000000,10.000001,10.000001 
