1.884615,8.113966,6.984640 1.884614,1.846349,6.984640 4.999999,4.999999,2.335478 
1.884615,1.846349,6.984639 8.194686,1.846153,6.978142 5.000000,5.000000,2.335476 
8.194687,8.113965,6.978142 1.884615,8.113964,6.984638 4.999999,4.999999,2.335477 
8.194686,1.846153,6.978140 8.194686,8.113964,6.978142 5.000000,4.999999,2.335477 
2.499999,2.499999,2.500000 2.500000,7.499998,2.500000 4.999999,4.999999,5.000002 
2.500001,7.499997,2.500000 7.500000,7.499998,2.500001 4.999999,5.000000,4.999718 
7.500000,2.499999,2.500001 2.500000,2.499999,2.500000 5.000000,4.999999,5.000002 
7.500000,7.499997,2.500000 7.499999,2.499999,2.500001 5.000000,4.999999,4.999718 
0.006631,0.028626,10.000002 0.006631,0.028626,5.000001 2.500000,2.499999,7.500002 
7.500000,7.499998,2.500002 7.500000,7.499998,7.500001 5.000000,4.999999,5.000286 
7.500000,2.499999,2.500002 7.500000,2.500000,7.500001 4.999999,5.000000,5.000002 
2.500000,7.499997,7.500001 2.500000,7.499998,2.500000 5.000000,4.999999,4.999718 
0.010954,0.000001,9.996205 0.010954,5.000000,9.996205 1.884614,1.846349,6.984640 
0.010954,5.000000,9.996205 1.884615,8.113966,6.984640 0.010954,9.999998,9.996205 
1.884614,1.846349,6.984640 0.010954,5.000000,9.996205 1.884615,8.113966,6.984640 
8.194686,1.846153,6.978142 5.000000,-0.012567,10.005291 10.000000,-0.012567,10.005291 
5.000000,-0.012567,10.005291 1.884615,1.846349,6.984639 0.000000,-0.012567,10.005291 
8.194686,1.846153,6.978142 5.000000,-0.012567,10.005291 1.884615,1.846349,6.984639 
0.000000,9.978997,10.002335 5.000001,9.978997,10.002334 1.884615,8.113964,6.984638 
10.000002,9.978997,10.002334 8.194687,8.113965,6.978142 5.000001,9.978997,10.002334 
8.194687,8.113965,6.978142 5.000001,9.978997,10.002334 1.884615,8.113964,6.984638 
8.194686,8.113964,6.978142 9.994992,5.000000,10.015792 9.994993,9.999999,10.015791 
9.994992,5.000000,10.015792 8.194686,1.846153,6.978140 9.994992,-0.000000,10.015792 
8.194686,8.113964,6.978142 9.994992,5.000000,10.015792 8.194686,1.846153,6.978140 
2.500000,7.499998,2.500000 0.000000,4.999999,-0.000001 0.000001,9.999997,-0.000001 
0.000000,0.000000,-0.000001 2.499999,2.499999,2.500000 0.000000,4.999999,-0.000001 
2.500000,7.499998,2.500000 0.000000,4.999999,-0.000001 2.499999,2.499999,2.500000 
10.000001,9.999997,0.000001 5.000002,9.999997,0.000000 7.500000,7.499998,2.500001 
0.000003,9.999996,-0.000001 2.500001,7.499997,2.500000 5.000002,9.999997,0.000000 
2.500001,7.499997,2.500000 5.000002,9.999997,0.000000 7.500000,7.499998,2.500001 
2.500000,2.499999,2.500000 5.000000,0.000000,-0.000000 0.000000,-0.000000,-0.000001 
5.000000,0.000000,-0.000000 7.500000,2.499999,2.500001 10.000000,0.000000,0.000000 
2.500000,2.499999,2.500000 5.000000,0.000000,-0.000000 7.500000,2.499999,2.500001 
7.499999,2.499999,2.500001 10.000000,4.999999,0.000001 10.000000,0.000001,0.000002 
10.000000,4.999999,0.000001 7.500000,7.499997,2.500000 10.000001,9.999997,0.000000 
7.499999,2.499999,2.500001 10.000000,4.999999,0.000001 7.500000,7.499997,2.500000 
0.006631,0.028626,0.000000 2.500000,2.499999,2.500001 0.006631,0.028626,5.000001 
2.500000,2.499999,2.500001 2.500000,2.499999,7.500002 5.000000,5.000000,5.000002 
0.006631,0.028626,5.000001 2.500000,2.499999,2.500001 2.500000,2.499999,7.500002 
10.000001,9.999998,10.000000 10.000001,9.999998,5.000001 7.500000,7.499998,7.500001 
10.000001,9.999998,0.000002 7.500000,7.499998,2.500002 10.000001,9.999998,5.000001 
7.500000,7.499998,7.500001 10.000001,9.999998,5.000001 7.500000,7.499998,2.500002 
10.000000,0.000001,10.000000 10.000000,0.000000,5.000001 7.500000,2.500000,7.500001 
10.000000,-0.000000,0.000002 7.500000,2.499999,2.500002 10.000000,0.000000,5.000001 
7.500000,2.500000,7.500001 10.000000,0.000000,5.000001 7.500000,2.499999,2.500002 
0.000001,9.999998,0.000000 0.000001,9.999998,5.000000 2.500000,7.499998,2.500000 
0.000001,9.999997,10.000001 2.500000,7.499997,7.500001 0.000001,9.999998,5.000000 
2.500000,7.499998,2.500000 0.000001,9.999998,5.000000 2.500000,7.499997,7.500001 
