3.999998,4.000001,4.000000 -0.000001,0.000001,8.000002 -0.000001,8.000000,8.000001 
3.999999,4.000000,4.000000 8.000000,-0.000000,8.000001 -0.000001,0.000001,8.000001 
4.000000,4.000000,4.000000 -0.000001,8.000000,8.000001 8.000003,8.000002,8.000001 
3.999999,3.999999,4.000000 8.000002,8.000003,8.000000 8.000001,-0.000001,8.000001 
3.999998,4.000000,4.000000 0.000001,7.999999,-0.000001 0.000000,0.000000,-0.000001 
3.999999,4.000000,3.999999 8.000002,8.000001,0.000001 -0.000000,8.000000,-0.000001 
4.000000,3.999999,4.000000 0.000000,-0.000000,-0.000001 8.000001,-0.000001,-0.000000 
3.999998,3.999998,3.999999 8.000000,-0.000000,0.000002 8.000002,8.000001,-0.000000 
-0.000001,-0.000000,8.000003 0.000000,0.000000,0.000000 4.000000,3.999999,4.000000 
3.999999,3.999999,4.000000 8.000002,8.000002,8.000001 8.000002,8.000002,0.000002 
3.999999,4.000000,4.000000 8.000000,-0.000000,8.000001 8.000001,0.000001,0.000002 
3.999999,3.999999,3.999999 0.000001,8.000000,0.000000 0.000000,7.999999,8.000001 
