7.999999,8.000001,8.000001 0.000000,0.000001,16.000002 0.000000,16.000000,16.000002 
8.000000,8.000001,8.000000 16.000002,0.000000,16.000002 0.000000,0.000001,16.000002 
8.000001,8.000001,8.000001 -0.000001,16.000000,16.000002 16.000002,16.000002,16.000002 
8.000000,8.000000,8.000000 16.000002,16.000002,16.000000 16.000002,-0.000001,16.000003 
7.999999,8.000001,8.000000 0.000001,15.999998,-0.000001 0.000000,0.000000,-0.000001 
8.000000,8.000001,7.999999 16.000000,16.000000,-0.000000 -0.000001,15.999997,-0.000001 
8.000001,8.000000,8.000000 0.000000,-0.000000,-0.000001 16.000004,-0.000001,-0.000001 
7.999999,7.999999,7.999999 16.000002,0.000000,0.000001 16.000000,16.000000,-0.000001 
0.000000,0.000000,16.000002 0.000000,0.000000,0.000000 8.000001,8.000000,8.000000 
8.000000,8.000000,8.000001 16.000002,16.000002,16.000002 16.000002,16.000002,0.000001 
8.000000,8.000001,8.000000 16.000002,0.000000,16.000002 16.000004,0.000000,0.000001 
7.999999,8.000000,7.999999 0.000000,16.000000,-0.000000 0.000001,15.999999,16.000001 
