5.000000,4.999999,25.000000 -0.000001,0.000001,49.999999 -0.000001,9.999998,49.999999 
5.000001,4.999998,24.999998 9.999999,0.000001,49.999999 -0.000001,0.000001,49.999999 
5.000001,4.999998,25.000000 -0.000001,9.999998,49.999999 10.000001,9.999998,49.999999 
5.000001,4.999997,24.999998 10.000000,9.999999,49.999999 9.999999,0.000000,49.999999 
5.000000,4.999998,24.999998 0.000001,9.999997,-0.000001 0.000000,0.000000,-0.000001 
5.000001,4.999998,24.999997 10.000001,9.999997,0.000001 0.000003,9.999996,-0.000001 
5.000001,4.999997,24.999998 0.000000,-0.000000,-0.000001 10.000000,0.000000,0.000000 
5.000000,4.999996,24.999997 10.000000,0.000001,0.000002 10.000001,9.999997,0.000000 
0.000000,0.000000,49.999999 0.000000,0.000000,0.000000 5.000001,4.999997,24.999998 
5.000001,4.999997,25.000000 10.000000,9.999998,49.999999 10.000001,9.999998,0.000002 
5.000001,4.999998,24.999998 9.999999,0.000001,49.999999 10.000000,-0.000000,0.000002 
5.000001,4.999997,24.999997 0.000001,9.999998,0.000000 0.000000,9.999997,49.999999 
