4.999998,4.999999,15.000000 -0.000001,0.000001,29.999998 -0.000001,9.999998,29.999998 
4.999999,4.999998,14.999999 9.999999,0.000001,29.999996 -0.000001,0.000001,29.999999 
5.000000,4.999998,15.000000 -0.000001,9.999998,29.999998 10.000001,9.999998,29.999996 
4.999999,4.999997,14.999999 10.000000,9.999999,29.999996 9.999999,0.000000,29.999996 
4.999998,4.999998,14.999999 0.000001,9.999997,-0.000001 0.000000,0.000000,-0.000001 
4.999999,4.999998,14.999998 10.000001,9.999997,0.000001 0.000003,9.999996,-0.000001 
5.000000,4.999997,14.999999 0.000000,-0.000000,-0.000001 10.000000,0.000000,0.000000 
4.999998,4.999996,14.999998 10.000000,0.000001,0.000002 10.000001,9.999997,0.000000 
-0.000001,0.000000,30.000001 0.000000,0.000000,0.000000 5.000000,4.999997,14.999999 
4.999999,4.999997,15.000000 10.000000,9.999998,29.999996 10.000001,9.999998,0.000002 
4.999999,4.999998,14.999999 9.999999,0.000001,29.999996 10.000000,-0.000000,0.000002 
4.999999,4.999997,14.999998 0.000001,9.999998,0.000000 0.000000,9.999997,29.999998 
