4.999999,5.000001,2.000001 -0.000000,0.000001,4.000001 -0.000001,10.000002,4.000001 
5.000000,5.000000,2.000000 10.000000,0.000001,4.000000 -0.000000,0.000001,4.000000 
10.000001,10.000001,4.000000 -0.000001,10.000002,4.000001 5.000001,5.000000,2.000001 
5.000000,4.999999,2.000000 10.000001,10.000001,3.999999 10.000001,-0.000000,4.000000 
4.999999,5.000000,2.000000 0.000000,10.000001,-0.000001 0.000000,0.000000,-0.000001 
0.000002,10.000000,-0.000001 10.000000,10.000000,0.000001 5.000000,5.000000,1.999999 
5.000001,4.999999,2.000000 0.000000,0.000000,-0.000001 10.000001,0.000000,0.000000 
4.999999,4.999998,1.999999 10.000000,0.000001,0.000002 10.000000,10.000000,0.000000 
-0.000000,-0.000000,4.000002 0.000000,0.000000,0.000000 5.000001,4.999999,2.000000 
10.000000,10.000001,0.000002 10.000000,10.000001,4.000000 5.000000,4.999999,2.000001 
5.000000,5.000000,2.000000 10.000000,0.000001,4.000000 10.000001,0.000002,0.000002 
-0.000000,10.000001,4.000001 0.000000,10.000002,0.000000 5.000000,4.999999,1.999999 
