5.000000,5.000001,1.000002 -0.000000,0.000001,2.000000 -0.000001,10.000002,2.000000 
5.000001,5.000000,1.000001 10.000000,0.000001,1.999999 -0.000000,0.000001,1.999999 
10.000001,10.000001,1.999999 -0.000001,10.000002,2.000000 5.000002,5.000000,1.000002 
5.000001,4.999999,1.000001 10.000001,10.000001,1.999998 10.000001,-0.000000,1.999999 
5.000000,5.000000,1.000001 0.000000,10.000001,-0.000001 0.000000,0.000000,-0.000001 
0.000002,10.000000,-0.000001 10.000000,10.000000,0.000001 5.000001,5.000000,1.000000 
5.000002,4.999999,1.000001 0.000000,0.000000,-0.000001 10.000001,0.000000,0.000000 
5.000000,4.999998,1.000000 10.000000,0.000001,0.000002 10.000000,10.000000,0.000000 
-0.000000,-0.000000,2.000001 0.000000,0.000000,0.000000 5.000002,4.999999,1.000001 
10.000000,10.000001,0.000002 10.000000,10.000001,1.999999 5.000001,4.999999,1.000002 
5.000001,5.000000,1.000001 10.000000,0.000001,1.999999 10.000001,0.000002,0.000002 
-0.000000,10.000001,2.000000 0.000000,10.000002,0.000000 5.000001,4.999999,1.000000 
