4.999998,4.999999,6.000002 -0.000001,0.000001,12.000002 -0.000001,9.999998,12.000002 
4.999999,4.999998,6.000001 9.999999,0.000001,12.000001 -0.000001,0.000001,12.000001 
5.000000,4.999998,6.000002 -0.000001,9.999998,12.000002 10.000001,9.999998,12.000001 
4.999999,4.999997,6.000001 10.000000,9.999999,12.000000 9.999999,0.000000,12.000001 
4.999998,4.999998,6.000001 0.000001,9.999997,-0.000001 0.000000,0.000000,-0.000001 
4.999999,4.999998,6.000000 10.000001,9.999997,0.000001 0.000003,9.999996,-0.000001 
5.000000,4.999997,6.000001 0.000000,-0.000000,-0.000001 10.000000,0.000000,0.000000 
4.999998,4.999996,6.000000 10.000000,0.000001,0.000002 10.000001,9.999997,0.000000 
-0.000001,0.000000,12.000003 0.000000,0.000000,0.000000 5.000000,4.999997,6.000001 
4.999999,4.999997,6.000002 10.000000,9.999998,12.000001 10.000001,9.999998,0.000002 
4.999999,4.999998,6.000001 9.999999,0.000001,12.000001 10.000000,-0.000000,0.000002 
4.999999,4.999997,6.000000 0.000001,9.999998,0.000000 0.000000,9.999997,12.000002 
