5.000000,4.999999,9.000000 -0.000001,0.000001,18.000002 -0.000001,9.999998,18.000002 
5.000001,4.999998,8.999999 9.999999,0.000001,18.000001 -0.000001,0.000001,18.000001 
5.000002,4.999998,9.000000 -0.000001,9.999998,18.000002 10.000001,9.999998,18.000001 
5.000001,4.999997,8.999999 10.000000,9.999999,18.000000 9.999999,0.000000,18.000001 
5.000000,4.999998,8.999999 0.000001,9.999997,-0.000001 0.000000,0.000000,-0.000001 
5.000001,4.999998,8.999998 10.000001,9.999997,0.000001 0.000003,9.999996,-0.000001 
5.000002,4.999997,8.999999 0.000000,-0.000000,-0.000001 10.000000,0.000000,0.000000 
5.000000,4.999996,8.999998 10.000000,0.000001,0.000002 10.000001,9.999997,0.000000 
-0.000001,0.000000,18.000003 0.000000,0.000000,0.000000 5.000002,4.999997,8.999999 
5.000001,4.999997,9.000000 10.000000,9.999998,18.000001 10.000001,9.999998,0.000002 
5.000001,4.999998,8.999999 9.999999,0.000001,18.000001 10.000000,-0.000000,0.000002 
5.000001,4.999997,8.999998 0.000001,9.999998,0.000000 -0.000000,9.999997,18.000002 
