4.999999,4.999999,12.000001 -0.000000,0.000001,23.999999 -0.000000,9.999998,23.999999 
5.000000,4.999998,12.000000 10.000000,0.000001,23.999997 -0.000000,0.000001,24.000000 
5.000001,4.999998,12.000001 -0.000000,9.999998,23.999999 10.000002,9.999998,23.999997 
5.000000,4.999997,12.000000 10.000001,9.999999,23.999997 10.000000,0.000000,23.999997 
4.999999,4.999998,12.000000 0.000001,9.999997,-0.000001 0.000000,0.000000,-0.000001 
5.000000,4.999998,11.999999 10.000001,9.999997,0.000001 0.000003,9.999996,-0.000001 
5.000001,4.999997,12.000000 0.000000,-0.000000,-0.000001 10.000000,0.000000,0.000000 
4.999999,4.999996,11.999999 10.000000,0.000001,0.000002 10.000001,9.999997,0.000000 
-0.000000,0.000000,24.000001 0.000000,0.000000,0.000000 5.000001,4.999997,12.000000 
5.000000,4.999997,12.000001 10.000001,9.999998,23.999997 10.000001,9.999998,0.000002 
5.000000,4.999998,12.000000 10.000000,0.000001,23.999997 10.000000,-0.000000,0.000002 
5.000000,4.999997,11.999999 0.000001,9.999998,0.000000 0.000001,9.999997,23.999999 
