4.999999,4.999999,12.500000 0.000000,0.000001,25.000001 0.000000,9.999998,25.000001 
5.000000,4.999998,12.499999 10.000000,0.000001,24.999997 0.000000,0.000001,25.000000 
5.000001,4.999998,12.500000 0.000000,9.999998,25.000001 10.000002,9.999998,24.999997 
5.000000,4.999997,12.499999 10.000001,9.999999,24.999997 10.000000,0.000000,24.999997 
4.999999,4.999998,12.499999 0.000001,9.999997,-0.000001 0.000000,0.000000,-0.000001 
5.000000,4.999998,12.499998 10.000001,9.999997,0.000001 0.000003,9.999996,-0.000001 
5.000001,4.999997,12.499999 0.000000,-0.000000,-0.000001 10.000000,0.000000,0.000000 
4.999999,4.999996,12.499998 10.000000,0.000001,0.000002 10.000001,9.999997,0.000000 
0.000000,0.000000,25.000002 0.000000,0.000000,0.000000 5.000001,4.999997,12.499999 
5.000000,4.999997,12.500000 10.000001,9.999998,24.999997 10.000001,9.999998,0.000002 
5.000000,4.999998,12.499999 10.000000,0.000001,24.999997 10.000000,-0.000000,0.000002 
5.000000,4.999997,12.499998 0.000001,9.999998,0.000000 0.000001,9.999997,25.000001 
