1.846093,8.113966,6.676462 1.846092,1.846349,6.676462 4.999999,4.999999,0.024141 
1.846093,1.846349,6.676461 8.156164,1.846153,6.669964 5.000000,5.000000,0.024139 
8.156165,8.113965,6.669964 1.846093,8.113964,6.676460 4.999999,4.999999,0.024140 
8.156164,1.846153,6.669962 8.156164,8.113964,6.669964 5.000000,4.999999,0.024140 
2.499999,2.499999,2.500000 2.500000,7.499998,2.500000 4.999999,4.999999,5.000002 
2.500001,7.499997,2.500000 7.500000,7.499998,2.500001 4.999999,5.000000,4.999718 
7.500000,2.499999,2.500001 2.500000,2.499999,2.500000 5.000000,4.999999,5.000002 
7.500000,7.499997,2.500000 7.499999,2.499999,2.500001 5.000000,4.999999,4.999718 
0.006631,0.028626,10.000002 0.006631,0.028626,5.000001 2.500000,2.499999,5.658155 
7.500000,7.499998,2.500002 7.500000,7.499998,5.658154 5.000000,4.999999,5.000286 
7.500000,2.499999,2.500002 7.500000,2.500000,5.658154 4.999999,5.000000,5.000002 
2.500000,7.499997,5.658154 2.500000,7.499998,2.500000 5.000000,4.999999,4.999718 
0.010954,0.000001,9.996205 0.010954,5.000000,9.996205 1.846092,1.846349,6.676462 
0.010954,5.000000,9.996205 1.846093,8.113966,6.676462 0.010954,9.999998,9.996205 
1.846092,1.846349,6.676462 0.010954,5.000000,9.996205 1.846093,8.113966,6.676462 
8.156164,1.846153,6.669964 5.000000,-0.012567,10.005291 10.000000,-0.012567,10.005291 
5.000000,-0.012567,10.005291 1.846093,1.846349,6.676461 0.000000,-0.012567,10.005291 
8.156164,1.846153,6.669964 5.000000,-0.012567,10.005291 1.846093,1.846349,6.676461 
0.000000,9.978997,10.002335 5.000001,9.978997,10.002334 1.846093,8.113964,6.676460 
10.000002,9.978997,10.002334 8.156165,8.113965,6.669964 5.000001,9.978997,10.002334 
8.156165,8.113965,6.669964 5.000001,9.978997,10.002334 1.846093,8.113964,6.676460 
8.156164,8.113964,6.669964 9.994992,5.000000,10.015792 9.994993,9.999999,10.015791 
9.994992,5.000000,10.015792 8.156164,1.846153,6.669962 9.994992,-0.000000,10.015792 
8.156164,8.113964,6.669964 9.994992,5.000000,10.015792 8.156164,1.846153,6.669962 
2.500000,7.499998,2.500000 0.000000,4.999999,-0.000001 0.000001,9.999997,-0.000001 
0.000000,0.000000,-0.000001 2.499999,2.499999,2.500000 0.000000,4.999999,-0.000001 
2.500000,7.499998,2.500000 0.000000,4.999999,-0.000001 2.499999,2.499999,2.500000 
10.000001,9.999997,0.000001 5.000002,9.999997,0.000000 7.500000,7.499998,2.500001 
0.000003,9.999996,-0.000001 2.500001,7.499997,2.500000 5.000002,9.999997,0.000000 
2.500001,7.499997,2.500000 5.000002,9.999997,0.000000 7.500000,7.499998,2.500001 
2.500000,2.499999,2.500000 5.000000,0.000000,-0.000000 0.000000,-0.000000,-0.000001 
5.000000,0.000000,-0.000000 7.500000,2.499999,2.500001 10.000000,0.000000,0.000000 
2.500000,2.499999,2.500000 5.000000,0.000000,-0.000000 7.500000,2.499999,2.500001 
7.499999,2.499999,2.500001 10.000000,4.999999,0.000001 10.000000,0.000001,0.000002 
10.000000,4.999999,0.000001 7.500000,7.499997,2.500000 10.000001,9.999997,0.000000 
7.499999,2.499999,2.500001 10.000000,4.999999,0.000001 7.500000,7.499997,2.500000 
0.006631,0.028626,0.000000 2.500000,2.499999,2.500001 0.006631,0.028626,5.000001 
2.500000,2.499999,2.500001 2.500000,2.499999,5.658155 5.000000,5.000000,5.000002 
0.006631,0.028626,5.000001 2.500000,2.499999,2.500001 2.500000,2.499999,5.658155 
10.000001,9.999998,10.000000 10.000001,9.999998,5.000001 7.500000,7.499998,5.658154 
10.000001,9.999998,0.000002 7.500000,7.499998,2.500002 10.000001,9.999998,5.000001 
7.500000,7.499998,5.658154 10.000001,9.999998,5.000001 7.500000,7.499998,2.500002 
10.000000,0.000001,10.000000 10.000000,0.000000,5.000001 7.500000,2.500000,5.658154 
10.000000,-0.000000,0.000002 7.500000,2.499999,2.500002 10.000000,0.000000,5.000001 
7.500000,2.500000,5.658154 10.000000,0.000000,5.000001 7.500000,2.499999,2.500002 
0.000001,9.999998,0.000000 0.000001,9.999998,5.000000 2.500000,7.499998,2.500000 
0.000001,9.999997,10.000001 2.500000,7.499997,5.658154 0.000001,9.999998,5.000000 
2.500000,7.499998,2.500000 0.000001,9.999998,5.000000 2.500000,7.499997,5.658154 
