5.000000,5.000002,50.000001 0.000000,0.000003,100.000002 -0.000000,10.000003,100.000002 
5.000001,5.000001,50.000000 10.000000,0.000003,100.000001 0.000000,0.000003,100.000001 
5.000002,5.000001,50.000001 -0.000000,10.000003,100.000002 10.000002,10.000002,100.000001 
5.000001,5.000000,50.000000 10.000001,10.000003,100.000000 10.000001,0.000002,100.000001 
5.000000,5.000001,50.000000 0.000001,10.000000,-0.000001 0.000000,0.000000,-0.000001 
5.000001,5.000001,49.999999 10.000001,9.999999,0.000001 0.000003,9.999999,-0.000001 
5.000002,5.000000,50.000000 0.000000,-0.000000,-0.000001 10.000001,0.000000,-0.000000 
5.000000,4.999999,49.999999 10.000000,0.000001,0.000002 10.000001,9.999999,-0.000000 
0.000000,0.000002,100.000003 0.000000,0.000000,0.000000 5.000002,5.000000,50.000000 
5.000001,5.000000,50.000001 10.000001,10.000002,100.000001 10.000001,10.000000,0.000002 
5.000001,5.000001,50.000000 10.000000,0.000003,100.000001 10.000001,0.000002,0.000002 
5.000001,5.000000,49.999999 0.000001,10.000001,0.000000 0.000001,10.000002,100.000002 
