4.999998,3.500002,5.000003 0.000000,0.000001,10.000001 -0.000001,10.000002,10.000001 
4.999999,3.500001,5.000002 10.000000,0.000001,10.000000 0.000000,0.000001,10.000000 
4.999999,3.500000,5.000002 10.000001,10.000001,9.999999 10.000001,0.000000,10.000000 
4.999998,3.500001,5.000002 0.000000,10.000001,-0.000001 0.000000,0.000000,-0.000001 
0.000002,10.000000,-0.000000 10.000000,10.000000,0.000002 4.999998,3.500000,5.000002 
5.000000,3.500000,5.000002 0.000000,0.000000,-0.000001 10.000001,0.000000,0.000000 
4.999998,3.499999,5.000001 10.000000,0.000001,0.000002 10.000000,10.000000,0.000000 
-0.000000,0.000000,10.000002 -0.000000,0.000000,0.000000 5.000000,3.500000,5.000002 
10.000000,10.000001,0.000002 10.000000,10.000001,10.000000 4.999999,3.500000,5.000003 
4.999999,3.500001,5.000002 10.000000,0.000001,10.000000 10.000001,0.000002,0.000002 
0.000000,10.000001,10.000001 0.000000,10.000002,0.000000 4.999999,3.500000,5.000001 
-0.068379,9.967005,9.965738 2.481794,7.030943,-0.007299 7.475521,7.032746,0.000001 
7.475521,7.032746,0.000001 9.970087,9.969315,9.973038 -0.068379,9.967005,9.965738 
