4.999998,50.000001,5.000003 0.000000,0.000001,10.000001 -0.000001,100.000000,10.000001 
0.000000,0.000001,10.000000 10.000000,0.000001,10.000000 4.999999,50.000000,5.000002 
10.000001,99.999997,10.000000 -0.000001,100.000000,10.000001 5.000000,50.000000,5.000003 
4.999999,49.999999,5.000002 10.000000,99.999998,9.999999 10.000000,0.000000,10.000000 
4.999998,50.000000,5.000002 0.000000,99.999999,-0.000001 0.000000,0.000000,-0.000001 
-0.000000,100.000003,-0.000001 10.000000,99.999996,0.000001 4.999999,50.000000,5.000001 
10.000000,0.000000,0.000000 0.000000,-0.000000,-0.000001 5.000000,49.999999,5.000002 
4.999998,49.999999,5.000001 10.000000,0.000001,0.000002 10.000000,99.999996,0.000000 
5.000000,49.999999,5.000002 0.000000,0.000000,0.000000 0.000000,0.000000,10.000002 
10.000000,99.999997,0.000002 10.000000,99.999997,10.000000 4.999999,49.999999,5.000003 
4.999999,50.000000,5.000002 10.000000,0.000001,10.000000 10.000000,-0.000000,0.000002 
0.000000,99.999999,10.000001 0.000000,100.000000,0.000000 4.999999,49.999999,5.000001 
