4.999999,4.999999,10.000000 -0.000001,0.000001,20.000000 -0.000001,9.999998,20.000000 
5.000000,4.999998,9.999999 9.999999,0.000001,19.999999 -0.000001,0.000001,19.999999 
5.000001,4.999998,10.000000 -0.000001,9.999998,20.000000 10.000001,9.999998,19.999999 
5.000000,4.999997,9.999999 10.000000,9.999999,19.999999 9.999999,0.000000,19.999999 
4.999999,4.999998,9.999999 0.000001,9.999997,-0.000001 0.000000,0.000000,-0.000001 
5.000000,4.999998,9.999998 10.000001,9.999997,0.000001 0.000003,9.999996,-0.000001 
5.000001,4.999997,9.999999 0.000000,-0.000000,-0.000001 10.000000,0.000000,0.000000 
4.999999,4.999996,9.999998 10.000000,0.000001,0.000002 10.000001,9.999997,0.000000 
-0.000001,0.000000,20.000001 0.000000,0.000000,0.000000 5.000001,4.999997,9.999999 
5.000000,4.999997,10.000000 10.000000,9.999998,19.999999 10.000001,9.999998,0.000002 
5.000000,4.999998,9.999999 9.999999,0.000001,19.999999 10.000000,-0.000000,0.000002 
5.000000,4.999997,9.999998 0.000001,9.999998,0.000000 0.000000,9.999997,20.000000 
