5.000000,5.000001,3.000001 0.000001,0.000001,6.000000 -0.000000,10.000002,6.000000 
5.000001,5.000000,3.000000 10.000001,0.000001,5.999999 0.000001,0.000001,5.999999 
10.000002,10.000001,5.999999 -0.000000,10.000002,6.000000 5.000002,5.000000,3.000001 
5.000001,4.999999,3.000000 10.000002,10.000001,5.999998 10.000002,-0.000000,5.999999 
5.000000,5.000000,3.000000 0.000000,10.000001,-0.000001 0.000000,0.000000,-0.000001 
0.000002,10.000000,-0.000001 10.000000,10.000000,0.000001 5.000001,5.000000,3.000000 
5.000002,4.999999,3.000000 0.000000,0.000000,-0.000001 10.000001,0.000000,0.000000 
5.000000,4.999998,3.000000 10.000000,0.000001,0.000002 10.000000,10.000000,0.000000 
0.000001,-0.000000,6.000001 0.000000,0.000000,0.000000 5.000002,4.999999,3.000000 
10.000000,10.000001,0.000002 10.000001,10.000001,5.999999 5.000001,4.999999,3.000001 
5.000001,5.000000,3.000000 10.000001,0.000001,5.999999 10.000001,0.000002,0.000002 
0.000001,10.000001,6.000000 0.000000,10.000002,0.000000 5.000001,4.999999,3.000000 
