4.999999,4.999999,2.000002 0.000000,0.000001,4.000000 0.000000,9.999998,4.000000 
5.000000,4.999998,2.000001 10.000000,0.000001,4.000000 0.000000,0.000001,3.999999 
5.000001,4.999998,2.000002 0.000000,9.999998,4.000000 10.000002,9.999998,4.000000 
5.000000,4.999997,2.000001 10.000001,9.999999,3.999999 10.000000,-0.000000,4.000000 
4.999999,4.999998,2.000001 0.000001,9.999997,-0.000001 0.000000,0.000000,-0.000001 
5.000000,4.999998,2.000000 10.000001,9.999997,0.000001 0.000003,9.999996,-0.000001 
5.000001,4.999997,2.000001 0.000000,-0.000000,-0.000001 10.000000,0.000000,0.000000 
4.999999,4.999996,2.000000 10.000000,0.000001,0.000002 10.000001,9.999997,0.000000 
0.000000,-0.000000,4.000001 0.000000,0.000000,0.000000 5.000001,4.999997,2.000001 
5.000000,4.999997,2.000002 10.000001,9.999998,4.000000 10.000001,9.999998,0.000002 
5.000000,4.999998,2.000001 10.000000,0.000001,4.000000 10.000000,-0.000000,0.000002 
5.000000,4.999997,2.000000 0.000001,9.999998,0.000000 0.000001,9.999997,4.000000 
