4.999999,4.999999,16.000001 -0.000001,0.000001,32.000000 -0.000001,9.999998,32.000000 
5.000000,4.999998,16.000000 9.999999,0.000001,31.999998 -0.000001,0.000001,32.000000 
5.000001,4.999998,16.000001 -0.000001,9.999998,32.000000 10.000001,9.999998,31.999998 
5.000000,4.999997,16.000000 10.000000,9.999999,31.999998 9.999999,0.000000,31.999998 
4.999999,4.999998,16.000000 0.000001,9.999997,-0.000001 0.000000,0.000000,-0.000001 
5.000000,4.999998,15.999999 10.000001,9.999997,0.000001 0.000003,9.999996,-0.000001 
5.000001,4.999997,16.000000 0.000000,-0.000000,-0.000001 10.000000,0.000000,0.000000 
4.999999,4.999996,15.999999 10.000000,0.000001,0.000002 10.000001,9.999997,0.000000 
-0.000000,0.000000,32.000000 0.000000,0.000000,0.000000 5.000001,4.999997,16.000000 
5.000000,4.999997,16.000001 10.000000,9.999998,31.999998 10.000001,9.999998,0.000002 
5.000000,4.999998,16.000000 9.999999,0.000001,31.999998 10.000000,-0.000000,0.000002 
5.000000,4.999997,15.999999 0.000001,9.999998,0.000000 -0.000000,9.999997,32.000000 
