4.999999,4.999999,14.000001 0.000000,0.000001,27.999999 0.000000,9.999998,27.999999 
5.000000,4.999998,14.000000 10.000000,0.000001,27.999997 0.000000,0.000001,28.000000 
5.000001,4.999998,14.000001 0.000000,9.999998,27.999999 10.000002,9.999998,27.999997 
5.000000,4.999997,14.000000 10.000001,9.999999,27.999997 10.000000,0.000000,27.999997 
4.999999,4.999998,14.000000 0.000001,9.999997,-0.000001 0.000000,0.000000,-0.000001 
5.000000,4.999998,13.999999 10.000001,9.999997,0.000001 0.000003,9.999996,-0.000001 
5.000001,4.999997,14.000000 0.000000,-0.000000,-0.000001 10.000000,0.000000,0.000000 
4.999999,4.999996,13.999999 10.000000,0.000001,0.000002 10.000001,9.999997,0.000000 
0.000000,0.000000,28.000001 0.000000,0.000000,0.000000 5.000001,4.999997,14.000000 
5.000000,4.999997,14.000001 10.000001,9.999998,27.999997 10.000001,9.999998,0.000002 
5.000000,4.999998,14.000000 10.000000,0.000001,27.999997 10.000000,-0.000000,0.000002 
5.000000,4.999997,13.999999 0.000001,9.999998,0.000000 0.000001,9.999997,27.999999 
