2.499999,7.499999,7.500002 2.499999,2.500000,7.500002 4.999998,4.999999,3.143407 
2.500000,2.500000,7.500001 7.500000,2.500000,7.500001 4.999999,4.999998,3.143406 
7.500001,7.499998,7.500001 2.500000,7.499998,7.500002 5.000000,4.999998,3.143407 
7.500000,2.499999,7.500001 7.500000,7.499998,7.500000 4.999999,4.999997,3.143406 
3.125714,2.499999,1.651574 3.125715,7.499998,1.651574 6.233625,4.999998,3.337068 
2.500001,6.829747,1.640226 7.500000,6.829748,1.640227 4.999999,3.703613,3.127388 
7.538462,3.127243,1.648745 2.538462,3.127243,1.648744 5.002524,6.239744,3.135790 
6.917983,7.499997,1.699584 6.917982,2.499999,1.699585 3.825775,4.999996,3.413720 
0.000000,0.000000,10.000002 0.000000,0.000000,5.000001 2.500000,2.499999,7.500002 
7.500000,7.499998,1.538463 7.500000,7.499998,7.500001 4.999999,4.999997,3.143407 
7.500000,2.499999,1.538463 7.500000,2.500000,7.500001 4.999999,4.999998,3.143406 
2.500000,7.499997,7.500001 2.500000,7.499998,1.500000 4.999999,4.999997,3.143405 
0.000000,0.000001,10.000001 0.000000,5.000000,10.000001 2.499999,2.500000,7.500002 
0.000000,5.000000,10.000001 2.499999,7.499999,7.500002 -0.000000,9.999998,10.000001 
2.499999,2.500000,7.500002 0.000000,5.000000,10.000001 2.499999,7.499999,7.500002 
7.500000,2.500000,7.500001 5.000000,0.000001,10.000000 10.000000,0.000001,10.000000 
5.000000,0.000001,10.000000 2.500000,2.500000,7.500001 0.000000,0.000001,10.000000 
7.500000,2.500000,7.500001 5.000000,0.000001,10.000000 2.500000,2.500000,7.500001 
-0.000000,9.999998,10.000001 5.000001,9.999998,10.000000 2.500000,7.499998,7.500002 
10.000002,9.999998,10.000000 7.500001,7.499998,7.500001 5.000001,9.999998,10.000000 
7.500001,7.499998,7.500001 5.000001,9.999998,10.000000 2.500000,7.499998,7.500002 
7.500000,7.499998,7.500000 10.000000,5.000000,10.000000 10.000001,9.999999,9.999999 
10.000000,5.000000,10.000000 7.500000,2.499999,7.500001 10.000000,0.000000,10.000000 
7.500000,7.499998,7.500000 10.000000,5.000000,10.000000 7.500000,2.499999,7.500001 
3.125715,7.499998,1.651574 0.017802,4.999999,-0.033919 0.017803,9.999997,-0.033919 
0.017802,-0.000000,-0.033919 3.125714,2.499999,1.651574 0.017802,4.999999,-0.033919 
3.125715,7.499998,1.651574 0.017802,4.999999,-0.033919 3.125714,2.499999,1.651574 
10.000001,9.955881,-0.011221 5.000002,9.955882,-0.011222 7.500000,6.829748,1.640227 
0.000003,9.955881,-0.011224 2.500001,6.829747,1.640226 5.000002,9.955882,-0.011222 
2.500001,6.829747,1.640226 5.000002,9.955882,-0.011222 7.500000,6.829748,1.640227 
2.538462,3.127243,1.648744 5.038462,0.014742,-0.028258 0.038462,0.014742,-0.028258 
5.038462,0.014742,-0.028258 7.538462,3.127243,1.648745 10.038461,0.014742,-0.028258 
2.538462,3.127243,1.648744 5.038462,0.014742,-0.028258 7.538462,3.127243,1.648745 
6.917982,2.499999,1.699585 10.010188,4.999999,-0.014551 10.010188,0.000001,-0.014550 
10.010188,4.999999,-0.014551 6.917983,7.499997,1.699584 10.010189,9.999997,-0.014552 
6.917982,2.499999,1.699585 10.010188,4.999999,-0.014551 6.917983,7.499997,1.699584 
0.000000,0.000000,0.000000 2.500000,2.499999,1.500001 0.000000,0.000000,5.000001 
2.500000,2.499999,1.500001 2.500000,2.499999,7.500002 5.000000,4.999997,3.143406 
0.000000,0.000000,5.000001 2.500000,2.499999,1.500001 2.500000,2.499999,7.500002 
10.000001,9.999998,10.000000 10.000001,9.999998,5.000001 7.500000,7.499998,7.500001 
10.000001,9.999998,0.000002 7.500000,7.499998,1.538463 10.000001,9.999998,5.000001 
7.500000,7.499998,7.500001 10.000001,9.999998,5.000001 7.500000,7.499998,1.538463 
10.000000,0.000001,10.000000 10.000000,0.000000,5.000001 7.500000,2.500000,7.500001 
10.000000,-0.000000,0.000002 7.500000,2.499999,1.538463 10.000000,0.000000,5.000001 
7.500000,2.500000,7.500001 10.000000,0.000000,5.000001 7.500000,2.499999,1.538463 
0.000001,9.999998,0.000000 0.000001,9.999998,5.000000 2.500000,7.499998,1.500000 
0.000001,9.999997,10.000001 2.500000,7.499997,7.500001 0.000001,9.999998,5.000000 
2.500000,7.499998,1.500000 0.000001,9.999998,5.000000 2.500000,7.499997,7.500001 
