5.999999,6.000002,6.000001 0.000001,0.000001,12.000001 0.000000,11.999998,12.000000 
6.000000,6.000002,6.000000 12.000000,0.000001,12.000000 0.000001,0.000001,12.000000 
6.000001,6.000002,6.000001 0.000000,11.999998,12.000000 12.000001,12.000000,12.000000 
6.000000,6.000001,6.000000 12.000000,12.000001,11.999999 12.000001,-0.000000,12.000000 
5.999999,6.000002,6.000000 0.000060,11.999997,-0.000001 0.000000,0.000000,-0.000001 
6.000000,6.000002,5.999999 12.000000,11.999999,0.000000 0.000062,11.999996,-0.000001 
6.000001,6.000001,6.000000 0.000000,-0.000000,-0.000001 12.000000,-0.000000,0.000000 
5.999999,6.000000,5.999999 11.999999,0.000001,0.000002 12.000000,11.999999,-0.000001 
0.000001,0.000000,12.000002 0.000000,0.000000,0.000000 6.000001,6.000001,6.000000 
6.000000,6.000001,6.000001 12.000000,12.000000,12.000000 12.000000,12.000000,0.000001 
6.000000,6.000002,6.000000 12.000000,0.000001,12.000000 12.000000,0.000002,0.000002 
6.000000,6.000001,5.999999 0.000060,11.999998,0.000000 0.000001,11.999997,12.000000 
