5.000000,5.000000,4.000000 0.000000,0.000000,8.000000 -0.000000,10.000000,8.000000 
5.000000,5.000000,4.000000 10.000000,0.000000,8.000000 0.000000,0.000000,8.000000 
10.000000,10.000000,8.000000 -0.000000,10.000000,8.000000 5.000003,5.000000,4.000000 
5.000000,5.000000,4.000000 10.000000,10.000000,8.000000 10.000000,-0.000000,8.000000 
5.000000,5.000000,4.000000 0.000000,10.000000,-0.000000 0.000000,0.000000,-0.000000 
0.000000,10.000000,-0.000000 10.000000,10.000000,0.000000 5.000000,5.000000,4.000000 
5.000003,5.000000,4.000000 0.000000,0.000000,-0.000000 10.000000,0.000000,0.000000 
5.000000,5.000000,4.000000 10.000000,0.000000,0.000000 10.000000,10.000000,0.000000 
0.000000,-0.000000,8.000000 0.000000,0.000000,0.000000 5.000003,5.000000,4.000000 
10.000000,10.000000,0.000000 10.000000,10.000000,8.000000 5.000000,5.000000,4.000000 
5.000000,5.000000,4.000000 10.000000,0.000000,8.000000 10.000000,0.000000,0.000000 
0.000000,10.000000,8.000000 0.000000,10.000000,0.000000 5.000000,5.000000,4.000000 
