6.999999,7.000001,6.999999 0.000000,0.000001,14.000000 -0.000000,14.000001,14.000000 
7.000000,7.000000,6.999998 14.000000,0.000001,14.000001 0.000000,0.000001,14.000001 
7.000001,7.000000,6.999999 -0.000000,14.000001,14.000000 13.999999,13.999999,14.000001 
7.000000,6.999999,6.999998 14.000000,14.000000,14.000001 14.000000,0.000000,14.000001 
6.999999,7.000000,6.999998 -0.000002,14.000001,-0.000001 0.000000,0.000000,-0.000001 
7.000000,7.000000,6.999997 14.000000,13.999998,0.000000 0.000000,14.000000,-0.000001 
7.000001,6.999999,6.999998 0.000000,-0.000000,-0.000001 14.000000,0.000000,0.000000 
6.999999,6.999998,6.999997 14.000000,0.000000,0.000002 14.000000,13.999998,-0.000001 
0.000000,0.000000,14.000001 0.000000,0.000000,0.000000 7.000001,6.999999,6.999998 
7.000000,6.999999,6.999999 14.000000,13.999999,14.000002 14.000000,13.999999,0.000001 
7.000000,7.000000,6.999998 14.000000,0.000001,14.000001 14.000001,0.000001,0.000002 
7.000000,6.999999,6.999997 -0.000002,14.000002,0.000000 0.000001,14.000000,14.000000 
