4.999999,5.000001,90.000003 -0.000001,0.000003,99.999999 -0.000001,10.000000,99.999999 
5.000000,5.000000,90.000002 9.999999,0.000003,100.000001 -0.000001,0.000003,100.000001 
5.000001,5.000000,90.000003 -0.000001,10.000000,99.999999 10.000001,10.000000,100.000001 
5.000000,4.999999,90.000002 10.000000,10.000001,100.000001 9.999999,0.000002,100.000001 
4.999999,5.000000,90.000002 0.000001,9.999999,80.000002 0.000000,0.000002,80.000002 
5.000000,5.000000,90.000001 10.000001,9.999999,80.000000 0.000003,9.999998,80.000002 
5.000001,4.999999,90.000002 0.000000,0.000002,80.000002 10.000000,0.000002,80.000003 
4.999999,4.999998,90.000001 10.000000,0.000003,80.000001 10.000001,9.999999,80.000003 
-0.000001,0.000002,100.000000 0.000000,0.000002,80.000003 5.000001,4.999999,90.000002 
5.000000,4.999999,90.000003 10.000000,10.000000,100.000001 10.000001,10.000000,80.000001 
5.000000,5.000000,90.000002 9.999999,0.000003,100.000001 10.000000,0.000002,80.000001 
5.000000,4.999999,90.000001 0.000001,10.000000,80.000003 -0.000000,9.999999,99.999999 
4.999997,5.000000,50.000001 -0.000003,0.000002,60.000001 -0.000003,9.999999,60.000001 
4.999998,4.999999,50.000000 9.999997,0.000002,59.999999 -0.000003,0.000002,59.999999 
4.999999,4.999999,50.000001 -0.000003,9.999999,60.000001 9.999999,9.999999,59.999999 
4.999998,4.999998,50.000000 9.999998,10.000000,59.999999 9.999997,0.000001,59.999999 
4.999997,4.999999,50.000000 -0.000001,9.999998,40.000000 -0.000002,0.000001,40.000000 
4.999998,4.999999,49.999999 9.999999,9.999998,40.000001 0.000001,9.999997,40.000000 
4.999999,4.999998,50.000000 -0.000002,0.000001,40.000000 10.000000,0.000001,40.000002 
4.999997,4.999997,49.999999 10.000000,0.000002,40.000000 9.999999,9.999998,40.000000 
-0.000003,0.000001,60.000003 -0.000002,0.000001,40.000001 4.999999,4.999998,50.000000 
4.999998,4.999998,50.000001 9.999998,9.999999,59.999999 9.999999,9.999999,39.999999 
4.999998,4.999999,50.000000 9.999997,0.000002,59.999999 10.000000,0.000001,40.000000 
4.999998,4.999998,49.999999 -0.000001,9.999999,40.000001 -0.000002,9.999998,60.000001 
4.999998,5.000000,30.000000 -0.000002,0.000002,40.000000 -0.000002,9.999999,40.000000 
4.999999,4.999999,29.999998 9.999999,0.000002,39.999999 -0.000002,0.000002,40.000001 
5.000000,4.999999,30.000000 -0.000002,9.999999,40.000000 10.000001,9.999999,39.999999 
4.999999,4.999998,29.999998 10.000000,10.000000,39.999999 9.999999,0.000001,39.999999 
4.999998,4.999999,29.999998 -0.000000,9.999998,19.999998 -0.000001,0.000001,19.999998 
4.999999,4.999999,29.999998 10.000000,9.999998,20.000000 0.000002,9.999997,19.999998 
5.000000,4.999998,29.999998 -0.000001,0.000001,19.999998 9.999999,0.000001,20.000000 
4.999998,4.999997,29.999998 9.999999,0.000002,20.000002 10.000000,9.999998,20.000000 
-0.000002,0.000001,40.000000 -0.000001,0.000001,20.000000 5.000000,4.999998,29.999998 
4.999999,4.999998,30.000000 10.000000,9.999999,39.999999 10.000000,9.999999,20.000002 
4.999999,4.999999,29.999998 9.999999,0.000002,39.999999 9.999999,0.000001,20.000002 
4.999999,4.999998,29.999998 -0.000000,9.999999,20.000000 -0.000001,9.999998,40.000000 
4.999999,4.999999,10.000000 -0.000001,0.000001,20.000000 -0.000001,9.999998,20.000000 
5.000000,4.999998,9.999999 9.999999,0.000001,19.999998 -0.000001,0.000001,19.999998 
5.000001,4.999998,10.000000 -0.000001,9.999998,20.000000 10.000001,9.999998,19.999998 
5.000000,4.999997,9.999999 10.000000,9.999999,19.999998 9.999999,0.000000,19.999998 
4.999999,4.999998,9.999999 0.000001,9.999997,-0.000001 0.000000,0.000000,-0.000001 
5.000000,4.999998,9.999998 10.000001,9.999997,0.000001 0.000003,9.999996,-0.000001 
5.000001,4.999997,9.999999 0.000000,0.000000,-0.000001 10.000000,0.000000,0.000000 
4.999999,4.999996,9.999998 10.000000,0.000001,0.000002 10.000001,9.999997,0.000000 
-0.000001,0.000000,20.000002 0.000000,0.000000,0.000000 5.000001,4.999997,9.999999 
5.000000,4.999997,10.000000 10.000000,9.999998,19.999998 10.000001,9.999998,0.000002 
5.000000,4.999998,9.999999 9.999999,0.000001,19.999998 10.000000,0.000000,0.000002 
5.000000,4.999997,9.999998 0.000001,9.999998,0.000000 0.000000,9.999997,20.000000 
4.999996,5.000000,70.000000 0.000001,0.000003,80.000001 0.000001,10.000000,80.000001 
4.999997,5.000000,70.000000 9.999999,0.000003,80.000000 0.000001,0.000003,80.000001 
4.999998,5.000000,70.000000 0.000001,10.000000,80.000001 10.000001,10.000000,80.000000 
4.999997,4.999999,70.000000 10.000000,10.000001,80.000000 9.999999,0.000002,80.000000 
4.999996,5.000000,70.000000 -0.000002,9.999999,60.000000 -0.000003,0.000002,60.000000 
4.999997,5.000000,70.000000 9.999997,9.999999,60.000000 -0.000000,9.999998,60.000000 
4.999998,4.999999,70.000000 -0.000003,0.000002,60.000000 9.999996,0.000002,60.000000 
4.999996,4.999998,70.000000 9.999996,0.000003,60.000004 9.999997,9.999999,60.000000 
0.000001,0.000002,80.000001 -0.000003,0.000002,60.000000 4.999998,4.999999,70.000000 
4.999997,4.999999,70.000000 10.000000,10.000000,80.000000 9.999997,10.000000,60.000004 
4.999997,5.000000,70.000000 9.999999,0.000003,80.000000 9.999996,0.000002,60.000004 
4.999997,4.999999,70.000000 -0.000002,10.000000,60.000000 0.000002,9.999999,80.000001 
