4.999999,6.500001,5.000003 0.000000,0.000001,10.000001 -0.000001,10.000002,10.000001 
5.000000,6.500000,5.000002 10.000000,0.000001,10.000000 0.000000,0.000001,10.000000 
10.000001,10.000001,10.000000 -0.000001,10.000002,10.000001 5.000001,6.500000,5.000003 
5.000000,6.499999,5.000002 10.000001,10.000001,9.999999 10.000001,0.000000,10.000000 
4.999999,6.500000,5.000002 0.000000,10.000001,-0.000001 0.000000,0.000000,-0.000001 
0.000002,10.000000,-0.000001 10.000000,10.000000,0.000001 5.000000,6.500000,5.000001 
5.000001,6.499999,5.000002 0.000000,0.000000,-0.000001 10.000001,0.000000,0.000000 
4.999999,6.499998,5.000001 10.000000,0.000001,0.000002 10.000000,10.000000,0.000000 
0.000000,0.000000,10.000002 0.000000,0.000000,0.000000 5.000001,6.499999,5.000002 
10.000000,10.000001,0.000002 10.000000,10.000001,10.000000 5.000000,6.499999,5.000003 
5.000000,6.500000,5.000002 10.000000,0.000001,10.000000 10.000001,0.000002,0.000002 
0.000000,10.000001,10.000001 0.000000,10.000002,0.000000 5.000000,6.499999,5.000001 
