49.999953,5.000003,5.000003 0.000000,0.000001,10.000001 -0.000000,9.999998,10.000001 
49.999954,5.000002,5.000002 99.999958,0.000001,10.000000 0.000000,0.000001,10.000000 
49.999955,5.000002,5.000003 -0.000000,9.999998,10.000001 99.999959,10.000000,10.000000 
49.999954,5.000001,5.000002 99.999958,10.000001,9.999999 99.999958,0.000000,10.000000 
49.999953,5.000002,5.000002 0.000001,9.999997,-0.000001 0.000000,0.000000,-0.000001 
49.999954,5.000002,5.000001 99.999958,9.999999,0.000001 0.000003,9.999996,-0.000001 
49.999955,5.000001,5.000002 0.000000,-0.000000,-0.000001 99.999958,0.000000,0.000000 
49.999953,5.000000,5.000001 99.999958,0.000001,0.000002 99.999958,9.999999,0.000000 
0.000000,0.000000,10.000002 0.000000,0.000000,0.000000 49.999955,5.000001,5.000002 
49.999954,5.000001,5.000003 99.999958,10.000000,10.000000 99.999958,10.000000,0.000002 
49.999954,5.000002,5.000002 99.999958,0.000001,10.000000 99.999958,0.000000,0.000002 
49.999954,5.000001,5.000001 0.000001,9.999998,0.000000 0.000001,9.999997,10.000001 
