4.999998,5.000001,5.000003 0.000000,0.000001,10.000001 -0.000001,10.000002,10.000001 
4.999999,5.000000,5.000002 10.000000,0.000001,10.000000 0.000000,0.000001,10.000000 
4.999999,4.999999,5.000002 10.000001,10.000001,9.999999 10.000001,0.000000,10.000000 
4.999998,5.000000,5.000002 0.000000,10.000001,-0.000001 0.000000,0.000000,-0.000001 
0.000002,10.000000,-0.000000 10.000000,10.000000,0.000002 4.999999,5.000000,5.000002 
5.000000,4.999999,5.000002 0.000000,0.000000,-0.000001 10.000001,0.000000,0.000000 
4.999998,4.999998,5.000001 10.000000,0.000001,0.000002 10.000000,10.000000,0.000000 
-0.000000,0.000000,10.000002 -0.000000,0.000000,0.000000 5.000000,4.999999,5.000002 
10.000000,10.000001,0.000002 10.000000,10.000001,10.000000 4.999999,4.999999,5.000003 
4.999999,5.000000,5.000002 10.000000,0.000001,10.000000 10.000001,0.000002,0.000002 
0.000000,10.000001,10.000001 0.000000,10.000002,0.000000 4.999999,4.999999,5.000001 
-0.068379,9.967005,9.965738 3.130679,7.031115,-0.007299 6.826636,7.032574,0.000001 
6.826636,7.032574,0.000001 9.970087,9.969315,9.973038 -0.068379,9.967005,9.965738 
