7.393282,7.230105,5.000003 7.396649,0.159040,10.000001 0.322218,7.226737,10.000001 
7.393283,7.230105,5.000002 14.464350,7.233473,10.000000 7.396649,0.159040,10.000000 
7.393284,7.230106,5.000003 0.322218,7.226737,10.000001 7.389918,14.301174,10.000000 
7.393284,7.230105,5.000002 7.389917,14.301174,9.999999 14.464351,7.233473,10.000000 
7.393282,7.230105,5.000002 0.322219,7.226737,-0.000001 7.396650,0.159039,-0.000001 
7.393283,7.230105,5.000001 7.389918,14.301173,0.000001 0.322221,7.226737,-0.000001 
7.393284,7.230105,5.000002 7.396650,0.159039,-0.000001 14.464351,7.233473,0.000000 
7.393284,7.230103,5.000001 14.464350,7.233473,0.000002 7.389918,14.301173,0.000000 
7.396650,0.159039,10.000002 7.396650,0.159039,0.000000 7.393284,7.230105,5.000002 
7.393284,7.230105,5.000003 7.389918,14.301174,10.000000 7.389918,14.301174,0.000002 
7.393283,7.230105,5.000002 14.464350,7.233473,10.000000 14.464350,7.233474,0.000002 
7.393284,7.230105,5.000001 0.322219,7.226737,0.000000 0.322219,7.226737,10.000001 
