35.000002,15.000000,5.000003 30.000003,10.000000,10.000001 30.000002,19.999997,10.000001 
35.000002,14.999999,5.000002 40.000000,9.999999,10.000000 30.000003,10.000000,10.000000 
35.000002,14.999999,5.000003 30.000002,19.999997,10.000001 40.000006,19.999999,10.000000 
35.000002,14.999998,5.000002 40.000006,20.000000,9.999999 39.999998,9.999998,10.000000 
35.000002,14.999999,5.000002 30.000004,19.999996,-0.000001 30.000004,9.999999,-0.000001 
35.000002,14.999999,5.000001 40.000006,19.999998,0.000001 30.000005,19.999995,-0.000001 
35.000002,14.999998,5.000002 30.000004,9.999999,-0.000001 39.999998,9.999998,-0.000000 
35.000002,14.999997,5.000001 40.000000,9.999998,0.000002 40.000006,19.999998,0.000000 
30.000003,9.999999,10.000002 30.000004,9.999999,-0.000000 35.000002,14.999998,5.000002 
35.000002,14.999998,5.000003 40.000006,19.999999,10.000000 40.000006,19.999999,0.000002 
35.000002,14.999999,5.000002 40.000000,9.999999,10.000000 39.999998,10.000000,0.000002 
35.000002,14.999998,5.000001 30.000004,19.999997,0.000000 30.000003,19.999996,10.000001 
24.999999,15.000000,5.000003 20.000003,10.000000,10.000001 20.000001,19.999996,10.000001 
25.000001,14.999999,5.000002 30.000003,10.000000,10.000000 20.000003,10.000000,10.000000 
25.000003,14.999999,5.000003 20.000001,19.999996,10.000001 30.000005,19.999999,10.000000 
25.000001,14.999998,5.000002 30.000003,20.000000,9.999999 30.000003,9.999999,10.000000 
24.999999,14.999999,5.000002 20.000003,19.999995,-0.000001 20.000003,9.999998,-0.000001 
25.000001,14.999999,5.000001 30.000004,19.999998,0.000001 20.000005,19.999994,-0.000001 
25.000003,14.999998,5.000002 20.000003,9.999998,-0.000001 30.000004,9.999999,-0.000000 
24.999999,14.999997,5.000001 30.000004,10.000000,0.000002 30.000004,19.999998,0.000000 
20.000003,9.999999,10.000002 20.000003,9.999998,-0.000000 25.000003,14.999998,5.000002 
25.000001,14.999998,5.000003 30.000003,19.999999,10.000000 30.000004,19.999999,0.000002 
25.000001,14.999999,5.000002 30.000003,10.000000,10.000000 30.000004,10.000001,0.000002 
25.000001,14.999998,5.000001 20.000003,19.999996,0.000000 20.000003,19.999995,10.000001 
14.999999,15.000000,5.000003 10.000000,10.000000,10.000001 9.999999,19.999997,10.000001 
15.000000,14.999999,5.000002 20.000001,10.000000,10.000000 10.000000,10.000000,10.000000 
15.000000,14.999999,5.000003 9.999999,19.999997,10.000001 20.000003,19.999999,10.000000 
15.000000,14.999998,5.000002 20.000003,20.000000,9.999999 20.000003,9.999999,10.000000 
14.999999,14.999999,5.000002 10.000000,19.999996,-0.000001 10.000000,9.999998,-0.000001 
15.000000,14.999999,5.000001 20.000003,19.999998,0.000001 10.000002,19.999995,-0.000001 
15.000000,14.999998,5.000002 10.000000,9.999998,-0.000001 20.000003,9.999998,-0.000000 
14.999999,14.999997,5.000001 20.000001,9.999999,0.000002 20.000003,19.999998,0.000000 
10.000000,9.999999,10.000002 10.000000,9.999998,-0.000000 15.000000,14.999998,5.000002 
15.000000,14.999998,5.000003 20.000003,19.999999,10.000000 20.000003,19.999999,0.000002 
15.000000,14.999999,5.000002 20.000001,10.000000,10.000000 20.000003,10.000000,0.000002 
15.000000,14.999998,5.000001 10.000000,19.999997,0.000000 10.000000,19.999996,10.000001 
4.999998,15.000000,5.000003 -0.000001,9.999999,10.000001 -0.000002,19.999996,10.000001 
4.999999,14.999999,5.000002 10.000000,10.000000,10.000000 -0.000001,9.999999,10.000000 
5.000000,14.999999,5.000003 -0.000002,19.999996,10.000001 10.000002,19.999999,10.000000 
4.999999,14.999998,5.000002 10.000001,20.000000,9.999999 10.000001,9.999999,10.000000 
4.999998,14.999999,5.000002 -0.000001,19.999995,-0.000001 -0.000001,9.999998,-0.000001 
4.999999,14.999999,5.000001 10.000001,19.999998,0.000001 0.000001,19.999994,-0.000001 
5.000000,14.999998,5.000002 -0.000001,9.999998,-0.000001 10.000001,9.999998,-0.000000 
4.999998,14.999997,5.000001 10.000000,9.999999,0.000002 10.000001,19.999998,0.000000 
-0.000001,9.999998,10.000002 -0.000001,9.999998,0.000000 5.000000,14.999998,5.000002 
4.999999,14.999998,5.000003 10.000001,19.999999,10.000000 10.000001,19.999999,0.000002 
4.999999,14.999999,5.000002 10.000000,10.000000,10.000000 10.000001,10.000000,0.000002 
4.999999,14.999998,5.000001 -0.000001,19.999996,0.000000 -0.000001,19.999995,10.000001 
35.000004,5.000001,5.000003 30.000004,0.000001,10.000001 30.000002,9.999999,10.000001 
35.000004,5.000000,5.000002 40.000004,0.000001,10.000000 30.000004,0.000001,10.000000 
35.000004,5.000000,5.000003 30.000002,9.999999,10.000001 40.000000,10.000000,10.000000 
35.000004,5.000000,5.000002 40.000000,10.000001,9.999999 40.000008,0.000000,10.000000 
35.000004,5.000000,5.000002 30.000004,9.999998,-0.000001 30.000004,0.000000,-0.000001 
35.000004,5.000000,5.000001 40.000000,9.999999,0.000001 30.000006,9.999997,-0.000001 
35.000004,5.000000,5.000002 30.000004,0.000000,-0.000001 40.000008,0.000000,-0.000000 
35.000004,4.999999,5.000001 40.000004,0.000001,0.000002 40.000000,9.999999,0.000000 
30.000004,0.000000,10.000002 30.000004,0.000000,-0.000000 35.000004,5.000000,5.000002 
35.000004,5.000000,5.000003 40.000000,10.000000,10.000000 40.000000,10.000000,0.000002 
35.000004,5.000000,5.000002 40.000004,0.000001,10.000000 40.000008,0.000002,0.000002 
35.000004,5.000000,5.000001 30.000004,9.999999,0.000000 30.000004,9.999998,10.000001 
25.000000,5.000001,5.000003 20.000004,0.000001,10.000001 20.000002,9.999998,10.000001 
25.000002,5.000000,5.000002 30.000004,0.000001,10.000000 20.000004,0.000001,10.000000 
25.000004,5.000000,5.000003 20.000002,9.999998,10.000001 30.000006,10.000001,10.000000 
25.000002,5.000000,5.000002 30.000004,10.000002,9.999999 30.000004,0.000000,10.000000 
25.000000,5.000000,5.000002 20.000004,9.999996,-0.000001 20.000004,-0.000000,-0.000001 
25.000002,5.000000,5.000001 30.000004,10.000000,0.000001 20.000006,9.999995,-0.000001 
25.000004,5.000000,5.000002 20.000004,-0.000000,-0.000001 30.000004,0.000000,-0.000000 
25.000000,4.999999,5.000001 30.000004,0.000001,0.000002 30.000004,10.000000,0.000000 
20.000004,0.000000,10.000002 20.000004,-0.000000,-0.000000 25.000004,5.000000,5.000002 
25.000002,5.000000,5.000003 30.000004,10.000001,10.000000 30.000004,10.000001,0.000002 
25.000002,5.000000,5.000002 30.000004,0.000001,10.000000 30.000004,0.000002,0.000002 
25.000002,5.000000,5.000001 20.000004,9.999997,0.000000 20.000004,9.999997,10.000001 
14.999999,5.000001,5.000003 10.000001,0.000001,10.000001 10.000000,9.999998,10.000001 
15.000000,5.000000,5.000002 20.000002,0.000001,10.000000 10.000001,0.000001,10.000000 
15.000001,5.000000,5.000003 10.000000,9.999998,10.000001 20.000004,10.000001,10.000000 
15.000000,4.999999,5.000002 20.000004,10.000002,9.999999 20.000004,0.000000,10.000000 
14.999999,5.000000,5.000002 10.000001,9.999997,-0.000001 10.000001,-0.000000,-0.000001 
15.000000,5.000000,5.000001 20.000004,9.999999,0.000001 10.000003,9.999996,-0.000001 
15.000001,4.999999,5.000002 10.000001,-0.000000,-0.000001 20.000004,-0.000000,-0.000000 
14.999999,4.999998,5.000001 20.000002,0.000001,0.000002 20.000004,9.999999,0.000000 
10.000001,-0.000000,10.000002 10.000001,-0.000000,-0.000000 15.000001,4.999999,5.000002 
15.000000,4.999999,5.000003 20.000004,10.000001,10.000000 20.000004,10.000000,0.000002 
15.000000,5.000000,5.000002 20.000002,0.000001,10.000000 20.000004,0.000002,0.000002 
15.000000,4.999999,5.000001 10.000001,9.999998,0.000000 10.000001,9.999997,10.000001 
4.999999,5.000001,5.000003 -0.000000,0.000001,10.000001 -0.000001,10.000000,10.000001 
5.000000,5.000000,5.000002 10.000001,0.000001,10.000000 -0.000000,0.000001,10.000000 
5.000000,5.000000,5.000003 -0.000001,10.000000,10.000001 10.000003,10.000000,10.000000 
5.000000,4.999999,5.000002 10.000002,10.000001,9.999999 10.000002,-0.000000,10.000000 
4.999999,5.000000,5.000002 -0.000000,9.999999,-0.000001 -0.000000,-0.000000,-0.000001 
5.000000,5.000000,5.000001 10.000002,9.999999,0.000001 0.000002,9.999998,-0.000001 
5.000000,4.999999,5.000002 -0.000000,-0.000000,-0.000001 10.000002,-0.000000,-0.000000 
4.999999,4.999998,5.000001 10.000001,0.000001,0.000002 10.000002,9.999999,0.000000 
-0.000000,-0.000000,10.000002 -0.000000,-0.000000,0.000000 5.000000,4.999999,5.000002 
5.000000,4.999999,5.000003 10.000002,10.000000,10.000000 10.000002,10.000000,0.000002 
5.000000,5.000000,5.000002 10.000001,0.000001,10.000000 10.000002,0.000002,0.000002 
5.000000,4.999999,5.000001 -0.000000,10.000000,0.000000 -0.000000,9.999999,10.000001 
