2.499999,7.499999,7.500002 2.499999,2.500000,7.500002 4.999998,4.999999,5.000003 
2.500000,2.500000,7.500001 7.500000,2.500000,7.500001 4.999999,4.999998,5.000002 
7.500001,7.499998,7.500001 2.500000,7.499998,7.500002 5.000000,4.999998,5.000003 
7.500000,2.499999,7.500001 7.500000,7.499998,7.500000 4.999999,4.999997,5.000002 
2.499999,2.499999,2.500000 2.500000,7.499998,2.500000 4.999998,4.999998,5.000002 
2.500001,7.499997,2.500000 7.500000,7.499998,2.500001 4.999999,4.999998,5.000001 
7.500000,2.499999,2.500001 2.500000,2.499999,2.500000 5.000000,4.999997,5.000002 
7.500000,7.499997,2.500000 7.499999,2.499999,2.500001 4.999998,4.999996,5.000001 
0.000000,0.000000,10.000002 0.000000,0.000000,5.000001 2.500000,2.499999,7.500002 
7.500000,7.499998,2.500002 7.500000,7.499998,7.500001 4.999999,4.999997,5.000003 
7.500000,2.499999,2.500002 7.500000,2.500000,7.500001 4.999999,4.999998,5.000002 
2.500000,7.499997,7.500001 2.500000,7.499998,2.500000 4.999999,4.999997,5.000001 
0.000000,0.000001,10.000001 0.000000,5.000000,10.000001 2.499999,2.500000,7.500002 
0.000000,5.000000,10.000001 2.499999,7.499999,7.500002 -0.000000,9.999998,10.000001 
2.499999,2.500000,7.500002 0.000000,5.000000,10.000001 2.499999,7.499999,7.500002 
7.500000,2.500000,7.500001 5.000000,0.000001,10.000000 10.000000,0.000001,10.000000 
5.000000,0.000001,10.000000 2.500000,2.500000,7.500001 0.000000,0.000001,10.000000 
7.500000,2.500000,7.500001 5.000000,0.000001,10.000000 2.500000,2.500000,7.500001 
-0.000000,9.999998,10.000001 5.000001,9.999998,10.000000 2.500000,7.499998,7.500002 
10.000002,9.999998,10.000000 7.500001,7.499998,7.500001 5.000001,9.999998,10.000000 
7.500001,7.499998,7.500001 5.000001,9.999998,10.000000 2.500000,7.499998,7.500002 
7.500000,7.499998,7.500000 10.000000,5.000000,10.000000 10.000001,9.999999,9.999999 
10.000000,5.000000,10.000000 7.500000,2.499999,7.500001 10.000000,0.000000,10.000000 
7.500000,7.499998,7.500000 10.000000,5.000000,10.000000 7.500000,2.499999,7.500001 
2.500000,7.499998,2.500000 0.000000,4.999999,-0.000001 0.000001,9.999997,-0.000001 
0.000000,0.000000,-0.000001 2.499999,2.499999,2.500000 0.000000,4.999999,-0.000001 
2.500000,7.499998,2.500000 0.000000,4.999999,-0.000001 2.499999,2.499999,2.500000 
10.000001,9.999997,0.000001 5.000002,9.999997,0.000000 7.500000,7.499998,2.500001 
0.000003,9.999996,-0.000001 2.500001,7.499997,2.500000 5.000002,9.999997,0.000000 
2.500001,7.499997,2.500000 5.000002,9.999997,0.000000 7.500000,7.499998,2.500001 
2.500000,2.499999,2.500000 5.000000,0.000000,-0.000000 0.000000,-0.000000,-0.000001 
5.000000,0.000000,-0.000000 7.500000,2.499999,2.500001 10.000000,0.000000,0.000000 
2.500000,2.499999,2.500000 5.000000,0.000000,-0.000000 7.500000,2.499999,2.500001 
7.499999,2.499999,2.500001 10.000000,4.999999,0.000001 10.000000,0.000001,0.000002 
10.000000,4.999999,0.000001 7.500000,7.499997,2.500000 10.000001,9.999997,0.000000 
7.499999,2.499999,2.500001 10.000000,4.999999,0.000001 7.500000,7.499997,2.500000 
0.000000,0.000000,0.000000 2.500000,2.499999,2.500001 0.000000,0.000000,5.000001 
2.500000,2.499999,2.500001 2.500000,2.499999,7.500002 5.000000,4.999997,5.000002 
0.000000,0.000000,5.000001 2.500000,2.499999,2.500001 2.500000,2.499999,7.500002 
10.000001,9.999998,10.000000 10.000001,9.999998,5.000001 7.500000,7.499998,7.500001 
10.000001,9.999998,0.000002 7.500000,7.499998,2.500002 10.000001,9.999998,5.000001 
7.500000,7.499998,7.500001 10.000001,9.999998,5.000001 7.500000,7.499998,2.500002 
10.000000,0.000001,10.000000 10.000000,0.000000,5.000001 7.500000,2.500000,7.500001 
10.000000,-0.000000,0.000002 7.500000,2.499999,2.500002 10.000000,0.000000,5.000001 
7.500000,2.500000,7.500001 10.000000,0.000000,5.000001 7.500000,2.499999,2.500002 
0.000001,9.999998,0.000000 0.000001,9.999998,5.000000 2.500000,7.499998,2.500000 
0.000001,9.999997,10.000001 2.500000,7.499997,7.500001 0.000001,9.999998,5.000000 
2.500000,7.499998,2.500000 0.000001,9.999998,5.000000 2.500000,7.499997,7.500001 
