4.999997,75.000001,5.000003 -0.000002,70.000001,10.000001 -0.000003,79.999997,10.000001 
4.999997,75.000001,5.000002 9.999998,70.000001,10.000000 -0.000002,70.000001,10.000000 
4.999998,75.000001,5.000003 -0.000003,79.999997,10.000001 10.000000,80.000001,10.000000 
4.999997,75.000001,5.000002 9.999999,80.000001,9.999999 9.999999,70.000001,10.000000 
4.999997,75.000001,5.000002 -0.000002,79.999997,-0.000001 -0.000002,69.999999,-0.000001 
4.999997,75.000001,5.000001 9.999999,79.999997,0.000001 0.000000,79.999997,-0.000001 
4.999998,75.000001,5.000002 -0.000002,69.999999,-0.000001 9.999999,70.000001,0.000000 
4.999997,74.999997,5.000001 9.999998,70.000001,0.000002 9.999999,79.999997,0.000000 
-0.000002,69.999999,10.000002 -0.000002,69.999999,0.000000 4.999998,75.000001,5.000002 
4.999997,75.000001,5.000003 9.999999,80.000001,10.000000 9.999999,80.000001,0.000002 
4.999997,75.000001,5.000002 9.999998,70.000001,10.000000 9.999999,70.000002,0.000002 
4.999997,75.000001,5.000001 -0.000002,79.999997,0.000000 -0.000002,79.999997,10.000001 
4.999997,65.000001,5.000003 -0.000001,60.000001,10.000001 -0.000002,70.000002,10.000001 
4.999998,64.999999,5.000002 9.999999,60.000001,10.000000 -0.000001,60.000001,10.000000 
4.999999,64.999999,5.000003 -0.000002,70.000002,10.000001 10.000000,70.000001,10.000000 
4.999998,64.999999,5.000002 10.000000,70.000001,9.999999 10.000000,59.999999,10.000000 
4.999997,64.999999,5.000002 -0.000001,70.000001,-0.000001 -0.000001,59.999999,-0.000001 
4.999998,64.999999,5.000001 9.999999,69.999999,0.000001 0.000001,69.999999,-0.000001 
4.999999,64.999999,5.000002 -0.000001,59.999999,-0.000001 10.000000,59.999999,0.000000 
4.999997,64.999999,5.000001 9.999999,60.000001,0.000002 9.999999,69.999999,0.000000 
-0.000001,59.999999,10.000002 -0.000001,59.999999,0.000000 4.999999,64.999999,5.000002 
4.999998,64.999999,5.000003 9.999999,70.000001,10.000000 9.999999,70.000001,0.000002 
4.999998,64.999999,5.000002 9.999999,60.000001,10.000000 10.000000,60.000002,0.000002 
4.999998,64.999999,5.000001 -0.000001,70.000002,0.000000 -0.000001,70.000001,10.000001 
4.999998,55.000002,5.000003 -0.000001,50.000002,10.000001 -0.000002,59.999997,10.000001 
4.999998,55.000001,5.000002 9.999999,50.000002,10.000000 -0.000001,50.000002,10.000000 
4.999999,55.000001,5.000003 -0.000002,59.999997,10.000001 10.000001,60.000001,10.000000 
4.999998,55.000000,5.000002 10.000000,60.000002,9.999999 10.000000,50.000002,10.000000 
4.999998,55.000001,5.000002 -0.000001,59.999997,-0.000001 -0.000001,50.000001,-0.000001 
4.999998,55.000001,5.000001 10.000000,59.999999,0.000001 0.000001,59.999997,-0.000001 
4.999999,55.000000,5.000002 -0.000001,50.000001,-0.000001 10.000000,50.000002,0.000000 
4.999998,54.999999,5.000001 9.999999,50.000002,0.000002 10.000000,59.999999,0.000000 
-0.000001,50.000001,10.000002 -0.000001,50.000001,0.000000 4.999999,55.000000,5.000002 
4.999998,55.000000,5.000003 10.000000,60.000001,10.000000 10.000000,60.000001,0.000002 
4.999998,55.000001,5.000002 9.999999,50.000002,10.000000 10.000000,50.000002,0.000002 
4.999998,55.000000,5.000001 -0.000001,59.999997,0.000000 -0.000001,59.999997,10.000001 
4.999998,45.000002,5.000003 0.000000,40.000002,10.000001 -0.000001,50.000002,10.000001 
4.999999,45.000001,5.000002 10.000000,40.000002,10.000000 0.000000,40.000002,10.000000 
5.000000,45.000001,5.000003 -0.000001,50.000002,10.000001 10.000001,50.000002,10.000000 
4.999999,45.000000,5.000002 10.000001,50.000002,9.999999 10.000001,40.000001,10.000000 
4.999998,45.000001,5.000002 0.000000,50.000002,-0.000001 0.000000,40.000001,-0.000001 
4.999999,45.000001,5.000001 10.000000,50.000001,0.000001 0.000002,50.000001,-0.000001 
5.000000,45.000000,5.000002 0.000000,40.000001,-0.000001 10.000001,40.000001,0.000000 
4.999998,44.999999,5.000001 10.000000,40.000002,0.000002 10.000000,50.000001,0.000000 
0.000000,40.000001,10.000002 0.000000,40.000001,0.000000 5.000000,45.000000,5.000002 
4.999999,45.000000,5.000003 10.000000,50.000002,10.000000 10.000000,50.000002,0.000002 
4.999999,45.000001,5.000002 10.000000,40.000002,10.000000 10.000001,40.000001,0.000002 
4.999999,45.000000,5.000001 0.000000,50.000002,0.000000 0.000000,50.000002,10.000001 
4.999997,35.000000,5.000003 -0.000002,30.000000,10.000001 -0.000002,39.999999,10.000001 
4.999997,35.000000,5.000002 9.999998,30.000000,10.000000 -0.000002,30.000000,10.000000 
4.999998,35.000000,5.000003 -0.000002,39.999999,10.000001 10.000000,40.000000,10.000000 
4.999997,35.000000,5.000002 9.999999,40.000000,9.999999 9.999999,30.000000,10.000000 
4.999997,35.000000,5.000002 -0.000001,39.999999,-0.000001 -0.000002,29.999998,-0.000001 
4.999997,35.000000,5.000001 10.000000,39.999998,0.000001 0.000001,39.999999,-0.000001 
4.999998,35.000000,5.000002 -0.000002,29.999998,-0.000001 9.999999,30.000000,0.000000 
4.999997,34.999996,5.000001 9.999998,30.000000,0.000002 10.000000,39.999998,0.000000 
-0.000002,29.999998,10.000002 -0.000002,29.999998,0.000000 4.999998,35.000000,5.000002 
4.999997,35.000000,5.000003 9.999999,40.000000,10.000000 9.999999,40.000000,0.000002 
4.999997,35.000000,5.000002 9.999998,30.000000,10.000000 9.999999,30.000002,0.000002 
4.999997,35.000000,5.000001 -0.000001,39.999999,0.000000 -0.000001,39.999999,10.000001 
4.999997,25.000000,5.000003 -0.000001,20.000000,10.000001 -0.000002,30.000002,10.000001 
4.999998,24.999998,5.000002 9.999999,20.000000,10.000000 -0.000001,20.000000,10.000000 
4.999999,24.999998,5.000003 -0.000002,30.000002,10.000001 10.000000,30.000000,10.000000 
4.999998,24.999998,5.000002 10.000000,30.000000,9.999999 10.000000,19.999998,10.000000 
4.999997,24.999998,5.000002 -0.000001,30.000000,-0.000001 -0.000001,19.999998,-0.000001 
4.999998,24.999998,5.000001 9.999999,29.999998,0.000001 0.000001,29.999998,-0.000001 
4.999999,24.999998,5.000002 -0.000001,19.999998,-0.000001 10.000000,19.999998,0.000000 
4.999997,24.999998,5.000001 9.999999,20.000000,0.000002 9.999999,29.999998,0.000000 
-0.000001,19.999998,10.000002 -0.000001,19.999998,0.000000 4.999999,24.999998,5.000002 
4.999998,24.999998,5.000003 9.999999,30.000000,10.000000 9.999999,30.000000,0.000002 
4.999998,24.999998,5.000002 9.999999,20.000000,10.000000 10.000000,20.000002,0.000002 
4.999998,24.999998,5.000001 -0.000001,30.000002,0.000000 -0.000001,30.000000,10.000001 
4.999998,15.000001,5.000003 -0.000001,10.000001,10.000001 -0.000002,19.999996,10.000001 
4.999998,15.000000,5.000002 9.999999,10.000001,10.000000 -0.000001,10.000001,10.000000 
4.999999,15.000000,5.000003 -0.000002,19.999996,10.000001 10.000001,20.000000,10.000000 
4.999998,14.999999,5.000002 10.000000,20.000002,9.999999 10.000000,10.000001,10.000000 
4.999998,15.000000,5.000002 -0.000001,19.999996,-0.000001 -0.000001,10.000000,-0.000001 
4.999998,15.000000,5.000001 10.000000,19.999998,0.000001 0.000001,19.999996,-0.000001 
4.999999,14.999999,5.000002 -0.000001,10.000000,-0.000001 10.000000,10.000001,0.000000 
4.999998,14.999998,5.000001 9.999999,10.000001,0.000002 10.000000,19.999998,0.000000 
-0.000001,10.000000,10.000002 -0.000001,10.000000,0.000000 4.999999,14.999999,5.000002 
4.999998,14.999999,5.000003 10.000000,20.000000,10.000000 10.000000,20.000000,0.000002 
4.999998,15.000000,5.000002 9.999999,10.000001,10.000000 10.000000,10.000002,0.000002 
4.999998,14.999999,5.000001 -0.000001,19.999996,0.000000 -0.000001,19.999996,10.000001 
4.999998,5.000001,5.000003 0.000000,0.000001,10.000001 -0.000001,10.000002,10.000001 
4.999999,5.000000,5.000002 10.000000,0.000001,10.000000 0.000000,0.000001,10.000000 
5.000000,5.000000,5.000003 -0.000001,10.000002,10.000001 10.000001,10.000001,10.000000 
4.999999,4.999999,5.000002 10.000001,10.000001,9.999999 10.000001,0.000000,10.000000 
4.999998,5.000000,5.000002 0.000000,10.000001,-0.000001 0.000000,0.000000,-0.000001 
4.999999,5.000000,5.000001 10.000000,10.000000,0.000001 0.000002,10.000000,-0.000001 
5.000000,4.999999,5.000002 0.000000,0.000000,-0.000001 10.000001,0.000000,0.000000 
4.999998,4.999998,5.000001 10.000000,0.000001,0.000002 10.000000,10.000000,0.000000 
0.000000,0.000000,10.000002 0.000000,0.000000,0.000000 5.000000,4.999999,5.000002 
4.999999,4.999999,5.000003 10.000000,10.000001,10.000000 10.000000,10.000001,0.000002 
4.999999,5.000000,5.000002 10.000000,0.000001,10.000000 10.000001,0.000002,0.000002 
4.999999,4.999999,5.000001 0.000000,10.000002,0.000000 0.000000,10.000001,10.000001 
