4.999999,4.999999,7.000002 -0.000001,0.000001,14.000001 -0.000001,9.999998,14.000001 
5.000000,4.999998,7.000001 9.999999,0.000001,14.000000 -0.000001,0.000001,14.000000 
5.000001,4.999998,7.000002 -0.000001,9.999998,14.000001 10.000001,9.999998,14.000000 
5.000000,4.999997,7.000001 10.000000,9.999999,13.999999 9.999999,0.000000,14.000000 
4.999999,4.999998,7.000001 0.000001,9.999997,-0.000001 0.000000,0.000000,-0.000001 
5.000000,4.999998,7.000000 10.000001,9.999997,0.000001 0.000003,9.999996,-0.000001 
5.000001,4.999997,7.000001 0.000000,-0.000000,-0.000001 10.000000,0.000000,0.000000 
4.999999,4.999996,7.000000 10.000000,0.000001,0.000002 10.000001,9.999997,0.000000 
-0.000001,0.000000,14.000002 0.000000,0.000000,0.000000 5.000001,4.999997,7.000001 
5.000000,4.999997,7.000002 10.000000,9.999998,14.000000 10.000001,9.999998,0.000002 
5.000000,4.999998,7.000001 9.999999,0.000001,14.000000 10.000000,-0.000000,0.000002 
5.000000,4.999997,7.000000 0.000001,9.999998,0.000000 0.000000,9.999997,14.000001 
