4.999999,35.000001,15.000005 0.000000,30.000001,20.000004 -0.000001,39.999997,20.000004 
0.000000,30.000001,20.000002 10.000000,30.000001,20.000002 4.999999,35.000000,15.000004 
10.000001,40.000000,20.000002 -0.000001,39.999997,20.000004 5.000000,35.000000,15.000005 
4.999999,34.999999,15.000004 10.000001,40.000002,20.000002 10.000001,30.000001,20.000002 
4.999999,35.000000,15.000004 0.000000,39.999997,10.000001 0.000000,30.000000,10.000001 
0.000002,39.999997,10.000001 10.000001,39.999998,10.000003 4.999999,35.000000,15.000003 
10.000001,30.000001,10.000002 0.000000,30.000000,10.000001 5.000000,34.999999,15.000004 
4.999999,34.999998,15.000003 10.000000,30.000001,10.000004 10.000001,39.999998,10.000002 
0.000000,30.000000,20.000004 0.000000,30.000000,10.000002 5.000000,34.999999,15.000004 
4.999999,34.999999,15.000005 10.000001,40.000000,20.000002 10.000001,40.000000,10.000004 
4.999999,35.000000,15.000004 10.000000,30.000001,20.000002 10.000001,30.000002,10.000004 
4.999999,34.999999,15.000003 0.000000,39.999997,10.000002 0.000000,39.999997,20.000004 
4.999999,25.000001,15.000005 0.000001,20.000001,20.000004 0.000000,30.000002,20.000004 
0.000001,20.000001,20.000002 10.000001,20.000001,20.000002 5.000000,25.000000,15.000004 
10.000001,30.000001,20.000002 0.000000,30.000002,20.000004 5.000001,25.000000,15.000005 
5.000000,24.999999,15.000004 10.000001,30.000001,20.000002 10.000001,20.000000,20.000002 
4.999999,25.000000,15.000004 0.000001,30.000001,10.000001 0.000001,20.000000,10.000001 
0.000003,30.000000,10.000001 10.000001,30.000000,10.000003 5.000000,25.000000,15.000003 
10.000001,20.000000,10.000002 0.000001,20.000000,10.000001 5.000001,24.999999,15.000004 
4.999999,24.999998,15.000003 10.000001,20.000001,10.000004 10.000001,30.000000,10.000002 
0.000001,20.000000,20.000004 0.000001,20.000000,10.000002 5.000001,24.999999,15.000004 
5.000000,24.999999,15.000005 10.000001,30.000001,20.000002 10.000001,30.000001,10.000004 
5.000000,25.000000,15.000004 10.000001,20.000001,20.000002 10.000001,20.000002,10.000004 
5.000000,24.999999,15.000003 0.000001,30.000002,10.000002 0.000001,30.000001,20.000004 
4.999998,35.000001,5.000003 -0.000001,30.000001,10.000001 -0.000002,39.999997,10.000001 
-0.000001,30.000001,10.000000 9.999999,30.000001,10.000000 4.999998,35.000000,5.000002 
10.000001,40.000000,10.000000 -0.000002,39.999997,10.000001 4.999999,35.000000,5.000003 
4.999998,34.999999,5.000002 10.000000,40.000002,9.999999 10.000000,30.000001,10.000000 
4.999998,35.000000,5.000002 -0.000001,39.999997,-0.000001 -0.000001,30.000000,-0.000001 
0.000001,39.999997,-0.000001 10.000000,39.999998,0.000001 4.999998,35.000000,5.000001 
10.000000,30.000001,0.000000 -0.000001,30.000000,-0.000001 4.999999,34.999999,5.000002 
4.999998,34.999998,5.000001 9.999999,30.000001,0.000002 10.000000,39.999998,0.000000 
-0.000001,30.000000,10.000002 -0.000001,30.000000,0.000000 4.999999,34.999999,5.000002 
4.999998,34.999999,5.000003 10.000000,40.000000,10.000000 10.000000,40.000000,0.000002 
4.999998,35.000000,5.000002 9.999999,30.000001,10.000000 10.000000,30.000002,0.000002 
4.999998,34.999999,5.000001 -0.000001,39.999997,0.000000 -0.000001,39.999997,10.000001 
4.999998,25.000001,5.000003 0.000000,20.000001,10.000001 -0.000001,30.000002,10.000001 
0.000000,20.000001,10.000000 10.000000,20.000001,10.000000 4.999999,25.000000,5.000002 
10.000001,30.000001,10.000000 -0.000001,30.000002,10.000001 5.000000,25.000000,5.000003 
4.999999,24.999999,5.000002 10.000001,30.000001,9.999999 10.000001,20.000000,10.000000 
4.999998,25.000000,5.000002 0.000000,30.000001,-0.000001 0.000000,20.000000,-0.000001 
0.000002,30.000000,-0.000001 10.000000,30.000000,0.000001 4.999999,25.000000,5.000001 
10.000001,20.000000,0.000000 0.000000,20.000000,-0.000001 5.000000,24.999999,5.000002 
4.999998,24.999998,5.000001 10.000000,20.000001,0.000002 10.000000,30.000000,0.000000 
0.000000,20.000000,10.000002 0.000000,20.000000,0.000000 5.000000,24.999999,5.000002 
4.999999,24.999999,5.000003 10.000000,30.000001,10.000000 10.000000,30.000001,0.000002 
4.999999,25.000000,5.000002 10.000000,20.000001,10.000000 10.000001,20.000002,0.000002 
4.999999,24.999999,5.000001 0.000000,30.000002,0.000000 0.000000,30.000001,10.000001 
4.999999,15.000001,15.000005 0.000000,10.000001,20.000004 0.000001,20.000002,20.000004 
0.000000,10.000001,20.000002 10.000000,10.000001,20.000002 4.999999,15.000000,15.000004 
10.000001,20.000000,20.000002 0.000001,20.000002,20.000004 5.000000,15.000000,15.000005 
4.999999,14.999999,15.000004 10.000001,20.000002,20.000002 10.000001,10.000001,20.000002 
4.999999,15.000000,15.000004 0.000002,20.000002,10.000001 0.000000,10.000000,10.000001 
0.000004,20.000002,10.000001 10.000002,20.000003,10.000003 4.999999,15.000000,15.000003 
10.000001,10.000001,10.000002 0.000000,10.000000,10.000001 5.000000,14.999999,15.000004 
4.999999,14.999998,15.000003 10.000000,10.000001,10.000004 10.000002,20.000003,10.000002 
0.000000,10.000000,20.000004 0.000000,10.000000,10.000002 5.000000,14.999999,15.000004 
4.999999,14.999999,15.000005 10.000001,20.000000,20.000002 10.000001,20.000000,10.000004 
4.999999,15.000000,15.000004 10.000000,10.000001,20.000002 10.000001,10.000002,10.000004 
4.999999,14.999999,15.000003 0.000002,20.000002,10.000002 0.000002,20.000002,20.000004 
4.999999,5.000001,15.000005 0.000001,0.000001,20.000004 0.000000,10.000002,20.000004 
0.000001,0.000001,20.000002 10.000001,0.000001,20.000002 5.000000,5.000000,15.000004 
10.000001,10.000001,20.000002 0.000000,10.000002,20.000004 5.000001,5.000000,15.000005 
5.000000,4.999999,15.000004 10.000001,10.000001,20.000002 10.000001,0.000000,20.000002 
4.999999,5.000000,15.000004 0.000001,10.000001,10.000001 0.000001,0.000000,10.000001 
0.000003,10.000000,10.000001 10.000001,10.000000,10.000003 5.000000,5.000000,15.000003 
10.000001,0.000000,10.000002 0.000001,0.000000,10.000001 5.000001,4.999999,15.000004 
4.999999,4.999998,15.000003 10.000001,0.000001,10.000004 10.000001,10.000000,10.000002 
0.000001,0.000000,20.000004 0.000001,0.000000,10.000002 5.000001,4.999999,15.000004 
5.000000,4.999999,15.000005 10.000001,10.000001,20.000002 10.000001,10.000001,10.000004 
5.000000,5.000000,15.000004 10.000001,0.000001,20.000002 10.000001,0.000002,10.000004 
5.000000,4.999999,15.000003 0.000001,10.000002,10.000002 0.000001,10.000001,20.000004 
4.999998,15.000001,5.000003 -0.000001,10.000001,10.000001 0.000000,20.000002,10.000001 
-0.000001,10.000001,10.000000 9.999999,10.000001,10.000000 4.999998,15.000000,5.000002 
10.000001,20.000000,10.000000 0.000000,20.000002,10.000001 4.999999,15.000000,5.000003 
4.999998,14.999999,5.000002 10.000000,20.000002,9.999999 10.000000,10.000001,10.000000 
4.999998,15.000000,5.000002 0.000001,20.000002,-0.000001 -0.000001,10.000000,-0.000001 
0.000003,20.000002,-0.000001 10.000001,20.000003,0.000001 4.999998,15.000000,5.000001 
10.000000,10.000001,0.000000 -0.000001,10.000000,-0.000001 4.999999,14.999999,5.000002 
4.999998,14.999998,5.000001 9.999999,10.000001,0.000002 10.000001,20.000003,0.000000 
-0.000001,10.000000,10.000002 -0.000001,10.000000,0.000000 4.999999,14.999999,5.000002 
4.999998,14.999999,5.000003 10.000000,20.000000,10.000000 10.000000,20.000000,0.000002 
4.999998,15.000000,5.000002 9.999999,10.000001,10.000000 10.000000,10.000002,0.000002 
4.999998,14.999999,5.000001 0.000001,20.000002,0.000000 0.000001,20.000002,10.000001 
4.999998,5.000001,5.000003 0.000000,0.000001,10.000001 -0.000001,10.000002,10.000001 
0.000000,0.000001,10.000000 10.000000,0.000001,10.000000 4.999999,5.000000,5.000002 
10.000001,10.000001,10.000000 -0.000001,10.000002,10.000001 5.000000,5.000000,5.000003 
4.999999,4.999999,5.000002 10.000001,10.000001,9.999999 10.000001,0.000000,10.000000 
4.999998,5.000000,5.000002 0.000000,10.000001,-0.000001 0.000000,0.000000,-0.000001 
0.000002,10.000000,-0.000001 10.000000,10.000000,0.000001 4.999999,5.000000,5.000001 
10.000001,0.000000,0.000000 0.000000,0.000000,-0.000001 5.000000,4.999999,5.000002 
4.999998,4.999998,5.000001 10.000000,0.000001,0.000002 10.000000,10.000000,0.000000 
0.000000,0.000000,10.000002 0.000000,0.000000,0.000000 5.000000,4.999999,5.000002 
4.999999,4.999999,5.000003 10.000000,10.000001,10.000000 10.000000,10.000001,0.000002 
4.999999,5.000000,5.000002 10.000000,0.000001,10.000000 10.000001,0.000002,0.000002 
4.999999,4.999999,5.000001 0.000000,10.000002,0.000000 0.000000,10.000001,10.000001 
