10.256409,19.830027,56.537102 14.064312,19.072586,56.537102 10.256409,19.771276,28.494699 
14.064312,19.072586,56.537102 14.054659,19.018309,28.494701 10.256409,19.771276,28.494699 
14.064312,19.072586,56.537102 11.551805,10.945266,56.537102 14.054659,19.018309,28.494701 
11.551805,10.945266,56.537102 11.533969,10.903722,28.494701 14.054659,19.018309,28.494701 
11.551805,10.945266,56.537102 19.449499,13.687399,56.537102 11.533969,10.903722,28.494701 
19.449499,13.687399,56.537102 19.426195,13.664917,28.494701 11.533969,10.903722,28.494701 
19.449499,13.687399,56.537102 20.206940,9.879497,56.537102 19.426195,13.664917,28.494701 
20.206940,9.879497,56.537102 20.181715,9.879497,28.494701 19.426195,13.664917,28.494701 
20.206940,9.879497,56.537102 19.449499,6.071594,56.537102 20.181715,9.879497,28.494701 
19.449499,6.071594,56.537102 19.426195,6.094076,28.494701 20.181715,9.879497,28.494701 
19.449499,6.071594,56.537102 17.292496,2.843409,56.537102 19.426195,6.094076,28.494701 
17.292496,2.843409,56.537102 17.274660,2.884952,28.494701 19.426195,6.094076,28.494701 
17.292496,2.843409,56.537102 10.926068,8.340659,56.537102 17.274660,2.884952,28.494701 
10.926068,8.340659,56.537102 10.916416,8.394937,28.494701 17.274660,2.884952,28.494701 
10.926068,8.340659,56.537102 10.256409,-0.071034,56.537102 10.916416,8.394937,28.494701 
10.256409,-0.071034,56.537102 10.256410,-0.012284,28.494699 10.916416,8.394937,28.494701 
10.256409,-0.071034,56.537102 6.448506,0.686405,56.537102 10.256410,-0.012284,28.494699 
6.448506,0.686405,56.537102 6.458160,0.740683,28.494699 10.256410,-0.012284,28.494699 
6.448506,0.686405,56.537102 8.961013,8.660642,56.537102 6.458160,0.740683,28.494699 
8.961013,8.660642,56.537102 8.978850,8.702184,28.494699 6.458160,0.740683,28.494699 
8.961013,8.660642,56.537102 1.063318,6.071593,56.537102 8.978850,8.702184,28.494699 
1.063318,6.071593,56.537102 1.086623,6.094075,28.494699 8.978850,8.702184,28.494699 
1.063318,6.071593,56.537102 0.305879,9.879495,56.537102 1.086623,6.094075,28.494699 
0.305879,9.879495,56.537102 0.331104,9.879495,28.494699 1.086623,6.094075,28.494699 
0.305879,9.879495,56.537102 1.063317,13.687398,56.537102 0.331104,9.879495,28.494699 
1.063317,13.687398,56.537102 1.086623,13.664916,28.494699 0.331104,9.879495,28.494699 
1.063317,13.687398,56.537102 8.807927,11.404520,56.537102 1.086623,13.664916,28.494699 
8.807927,11.404520,56.537102 8.825764,11.362978,28.494699 1.086623,13.664916,28.494699 
8.807927,11.404520,56.537102 6.448505,19.072586,56.537102 8.825764,11.362978,28.494699 
6.448505,19.072586,56.537102 6.458159,19.018309,28.494699 8.825764,11.362978,28.494699 
6.448505,19.072586,56.537102 10.256409,19.830027,56.537102 6.458159,19.018309,28.494699 
10.256409,19.830027,56.537102 10.256409,19.771276,28.494699 6.458159,19.018309,28.494699 
10.256409,19.771276,28.494699 14.054659,19.018309,28.494701 10.256410,19.830027,0.452297 
14.054659,19.018309,28.494701 14.064313,19.072586,0.452297 10.256410,19.830027,0.452297 
14.054659,19.018309,28.494701 11.533969,10.903722,28.494701 14.064313,19.072586,0.452297 
11.533969,10.903722,28.494701 11.551807,10.945266,0.452297 14.064313,19.072586,0.452297 
11.533969,10.903722,28.494701 19.426195,13.664917,28.494701 11.551807,10.945266,0.452297 
19.426195,13.664917,28.494701 19.449501,13.687399,0.452297 11.551807,10.945266,0.452297 
19.426195,13.664917,28.494701 20.181715,9.879497,28.494701 19.449501,13.687399,0.452297 
20.181715,9.879497,28.494701 20.206940,9.879497,0.452297 19.449501,13.687399,0.452297 
20.181715,9.879497,28.494701 19.426195,6.094076,28.494701 20.206940,9.879497,0.452297 
19.426195,6.094076,28.494701 19.449501,6.071594,0.452297 20.206940,9.879497,0.452297 
19.426195,6.094076,28.494701 17.274660,2.884952,28.494701 19.449501,6.071594,0.452297 
17.274660,2.884952,28.494701 17.292498,2.843409,0.452297 19.449501,6.071594,0.452297 
17.274660,2.884952,28.494701 10.916416,8.394937,28.494701 17.292498,2.843409,0.452297 
10.916416,8.394937,28.494701 10.926070,8.340659,0.452297 17.292498,2.843409,0.452297 
10.916416,8.394937,28.494701 10.256410,-0.012284,28.494699 10.926070,8.340659,0.452297 
10.256410,-0.012284,28.494699 10.256411,-0.071034,0.452297 10.926070,8.340659,0.452297 
10.256410,-0.012284,28.494699 6.458160,0.740683,28.494699 10.256411,-0.071034,0.452297 
6.458160,0.740683,28.494699 6.448508,0.686405,0.452297 10.256411,-0.071034,0.452297 
6.458160,0.740683,28.494699 8.978850,8.702184,28.494699 6.448508,0.686405,0.452297 
8.978850,8.702184,28.494699 8.961014,8.660642,0.452297 6.448508,0.686405,0.452297 
8.978850,8.702184,28.494699 1.086623,6.094075,28.494699 8.961014,8.660642,0.452297 
1.086623,6.094075,28.494699 1.063319,6.071593,0.452297 8.961014,8.660642,0.452297 
1.086623,6.094075,28.494699 0.331104,9.879495,28.494699 1.063319,6.071593,0.452297 
0.331104,9.879495,28.494699 0.305880,9.879495,0.452297 1.063319,6.071593,0.452297 
0.331104,9.879495,28.494699 1.086623,13.664916,28.494699 0.305880,9.879495,0.452297 
1.086623,13.664916,28.494699 1.063319,13.687398,0.452297 0.305880,9.879495,0.452297 
1.086623,13.664916,28.494699 8.825764,11.362978,28.494699 1.063319,13.687398,0.452297 
8.825764,11.362978,28.494699 8.807927,11.404520,0.452297 1.063319,13.687398,0.452297 
8.825764,11.362978,28.494699 6.458159,19.018309,28.494699 8.807927,11.404520,0.452297 
6.458159,19.018309,28.494699 6.448506,19.072586,0.452297 8.807927,11.404520,0.452297 
6.458159,19.018309,28.494699 10.256409,19.771276,28.494699 6.448506,19.072586,0.452297 
10.256409,19.771276,28.494699 10.256410,19.830027,0.452297 6.448506,19.072586,0.452297 
10.256409,9.879496,56.537102 14.064312,19.072586,56.537102 10.256409,19.830027,56.537102 
10.256409,9.879496,56.537102 11.551805,10.945266,56.537102 14.064312,19.072586,56.537102 
10.256409,9.879496,56.537102 19.449499,13.687399,56.537102 11.551805,10.945266,56.537102 
10.256409,9.879496,56.537102 20.206940,9.879497,56.537102 19.449499,13.687399,56.537102 
10.256409,9.879496,56.537102 19.449499,6.071594,56.537102 20.206940,9.879497,56.537102 
10.256409,9.879496,56.537102 17.292496,2.843409,56.537102 19.449499,6.071594,56.537102 
10.256409,9.879496,56.537102 10.926068,8.340659,56.537102 17.292496,2.843409,56.537102 
10.256409,9.879496,56.537102 10.256409,-0.071034,56.537102 10.926068,8.340659,56.537102 
10.256409,9.879496,56.537102 6.448506,0.686405,56.537102 10.256409,-0.071034,56.537102 
10.256409,9.879496,56.537102 8.961013,8.660642,56.537102 6.448506,0.686405,56.537102 
10.256409,9.879496,56.537102 1.063318,6.071593,56.537102 8.961013,8.660642,56.537102 
10.256409,9.879496,56.537102 0.305879,9.879495,56.537102 1.063318,6.071593,56.537102 
10.256409,9.879496,56.537102 1.063317,13.687398,56.537102 0.305879,9.879495,56.537102 
10.256409,9.879496,56.537102 8.807927,11.404520,56.537102 1.063317,13.687398,56.537102 
10.256409,9.879496,56.537102 6.448505,19.072586,56.537102 8.807927,11.404520,56.537102 
10.256409,9.879496,56.537102 10.256409,19.830027,56.537102 6.448505,19.072586,56.537102 
10.256410,9.879496,0.452297 10.256410,19.830027,0.452297 14.064313,19.072586,0.452297 
10.256410,9.879496,0.452297 14.064313,19.072586,0.452297 11.551807,10.945266,0.452297 
10.256410,9.879496,0.452297 11.551807,10.945266,0.452297 19.449501,13.687399,0.452297 
10.256410,9.879496,0.452297 19.449501,13.687399,0.452297 20.206940,9.879497,0.452297 
10.256410,9.879496,0.452297 20.206940,9.879497,0.452297 19.449501,6.071594,0.452297 
10.256410,9.879496,0.452297 19.449501,6.071594,0.452297 17.292498,2.843409,0.452297 
10.256410,9.879496,0.452297 17.292498,2.843409,0.452297 10.926070,8.340659,0.452297 
10.256410,9.879496,0.452297 10.926070,8.340659,0.452297 10.256411,-0.071034,0.452297 
10.256410,9.879496,0.452297 10.256411,-0.071034,0.452297 6.448508,0.686405,0.452297 
10.256410,9.879496,0.452297 6.448508,0.686405,0.452297 8.961014,8.660642,0.452297 
10.256410,9.879496,0.452297 8.961014,8.660642,0.452297 1.063319,6.071593,0.452297 
10.256410,9.879496,0.452297 1.063319,6.071593,0.452297 0.305880,9.879495,0.452297 
10.256410,9.879496,0.452297 0.305880,9.879495,0.452297 1.063319,13.687398,0.452297 
10.256410,9.879496,0.452297 1.063319,13.687398,0.452297 8.807927,11.404520,0.452297 
10.256410,9.879496,0.452297 8.807927,11.404520,0.452297 6.448506,19.072586,0.452297 
10.256410,9.879496,0.452297 6.448506,19.072586,0.452297 10.256410,19.830027,0.452297 
