10.256409,19.830027,56.537102 14.064312,19.072586,56.537102 10.256409,11.427512,28.494699 
14.064312,19.072586,56.537102 11.218764,11.309676,28.494699 10.256409,11.427512,28.494699 
14.064312,19.072586,56.537102 17.292496,16.915585,56.537102 11.218764,11.309676,28.494699 
17.292496,16.915585,56.537102 12.034608,10.974109,28.494699 11.218764,11.309676,28.494699 
17.292496,16.915585,56.537102 19.449499,13.687399,56.537102 12.034608,10.974109,28.494699 
19.449499,13.687399,56.537102 12.579738,10.471896,28.494699 12.034608,10.974109,28.494699 
19.449499,13.687399,56.537102 20.206940,9.879497,56.537102 12.579738,10.471896,28.494699 
20.206940,9.879497,56.537102 12.771163,9.879496,28.494699 12.579738,10.471896,28.494699 
20.206940,9.879497,56.537102 19.449499,6.071594,56.537102 12.771163,9.879496,28.494699 
19.449499,6.071594,56.537102 12.579738,9.287096,28.494699 12.771163,9.879496,28.494699 
19.449499,6.071594,56.537102 17.292496,2.843409,56.537102 12.579738,9.287096,28.494699 
17.292496,2.843409,56.537102 12.034608,8.784884,28.494699 12.579738,9.287096,28.494699 
17.292496,2.843409,56.537102 14.064312,0.686405,56.537102 12.034608,8.784884,28.494699 
14.064312,0.686405,56.537102 11.218764,8.449316,28.494699 12.034608,8.784884,28.494699 
14.064312,0.686405,56.537102 10.256409,-0.071034,56.537102 11.218764,8.449316,28.494699 
10.256409,-0.071034,56.537102 10.256410,8.331481,28.494699 11.218764,8.449316,28.494699 
10.256409,-0.071034,56.537102 6.448506,0.686405,56.537102 10.256410,8.331481,28.494699 
6.448506,0.686405,56.537102 9.294055,8.449316,28.494699 10.256410,8.331481,28.494699 
6.448506,0.686405,56.537102 3.220322,2.843409,56.537102 9.294055,8.449316,28.494699 
3.220322,2.843409,56.537102 8.478211,8.784884,28.494699 9.294055,8.449316,28.494699 
3.220322,2.843409,56.537102 1.063318,6.071593,56.537102 8.478211,8.784884,28.494699 
1.063318,6.071593,56.537102 7.933081,9.287096,28.494699 8.478211,8.784884,28.494699 
1.063318,6.071593,56.537102 0.305879,9.879495,56.537102 7.933081,9.287096,28.494699 
0.305879,9.879495,56.537102 7.741656,9.879496,28.494699 7.933081,9.287096,28.494699 
0.305879,9.879495,56.537102 1.063317,13.687398,56.537102 7.741656,9.879496,28.494699 
1.063317,13.687398,56.537102 7.933081,10.471896,28.494699 7.741656,9.879496,28.494699 
1.063317,13.687398,56.537102 3.220321,16.915583,56.537102 7.933081,10.471896,28.494699 
3.220321,16.915583,56.537102 8.478210,10.974109,28.494699 7.933081,10.471896,28.494699 
3.220321,16.915583,56.537102 6.448505,19.072586,56.537102 8.478210,10.974109,28.494699 
6.448505,19.072586,56.537102 9.294055,11.309676,28.494699 8.478210,10.974109,28.494699 
6.448505,19.072586,56.537102 10.256409,19.830027,56.537102 9.294055,11.309676,28.494699 
10.256409,19.830027,56.537102 10.256409,11.427512,28.494699 9.294055,11.309676,28.494699 
10.256409,11.427512,28.494699 11.218764,11.309676,28.494699 10.256410,19.830027,0.452297 
11.218764,11.309676,28.494699 14.064313,19.072586,0.452297 10.256410,19.830027,0.452297 
11.218764,11.309676,28.494699 12.034608,10.974109,28.494699 14.064313,19.072586,0.452297 
12.034608,10.974109,28.494699 17.292498,16.915585,0.452297 14.064313,19.072586,0.452297 
12.034608,10.974109,28.494699 12.579738,10.471896,28.494699 17.292498,16.915585,0.452297 
12.579738,10.471896,28.494699 19.449501,13.687399,0.452297 17.292498,16.915585,0.452297 
12.579738,10.471896,28.494699 12.771163,9.879496,28.494699 19.449501,13.687399,0.452297 
12.771163,9.879496,28.494699 20.206940,9.879497,0.452297 19.449501,13.687399,0.452297 
12.771163,9.879496,28.494699 12.579738,9.287096,28.494699 20.206940,9.879497,0.452297 
12.579738,9.287096,28.494699 19.449501,6.071594,0.452297 20.206940,9.879497,0.452297 
12.579738,9.287096,28.494699 12.034608,8.784884,28.494699 19.449501,6.071594,0.452297 
12.034608,8.784884,28.494699 17.292498,2.843409,0.452297 19.449501,6.071594,0.452297 
12.034608,8.784884,28.494699 11.218764,8.449316,28.494699 17.292498,2.843409,0.452297 
11.218764,8.449316,28.494699 14.064314,0.686405,0.452297 17.292498,2.843409,0.452297 
11.218764,8.449316,28.494699 10.256410,8.331481,28.494699 14.064314,0.686405,0.452297 
10.256410,8.331481,28.494699 10.256411,-0.071034,0.452297 14.064314,0.686405,0.452297 
10.256410,8.331481,28.494699 9.294055,8.449316,28.494699 10.256411,-0.071034,0.452297 
9.294055,8.449316,28.494699 6.448508,0.686405,0.452297 10.256411,-0.071034,0.452297 
9.294055,8.449316,28.494699 8.478211,8.784884,28.494699 6.448508,0.686405,0.452297 
8.478211,8.784884,28.494699 3.220323,2.843409,0.452297 6.448508,0.686405,0.452297 
8.478211,8.784884,28.494699 7.933081,9.287096,28.494699 3.220323,2.843409,0.452297 
7.933081,9.287096,28.494699 1.063319,6.071593,0.452297 3.220323,2.843409,0.452297 
7.933081,9.287096,28.494699 7.741656,9.879496,28.494699 1.063319,6.071593,0.452297 
7.741656,9.879496,28.494699 0.305880,9.879495,0.452297 1.063319,6.071593,0.452297 
7.741656,9.879496,28.494699 7.933081,10.471896,28.494699 0.305880,9.879495,0.452297 
7.933081,10.471896,28.494699 1.063319,13.687398,0.452297 0.305880,9.879495,0.452297 
7.933081,10.471896,28.494699 8.478210,10.974109,28.494699 1.063319,13.687398,0.452297 
8.478210,10.974109,28.494699 3.220322,16.915583,0.452297 1.063319,13.687398,0.452297 
8.478210,10.974109,28.494699 9.294055,11.309676,28.494699 3.220322,16.915583,0.452297 
9.294055,11.309676,28.494699 6.448506,19.072586,0.452297 3.220322,16.915583,0.452297 
9.294055,11.309676,28.494699 10.256409,11.427512,28.494699 6.448506,19.072586,0.452297 
10.256409,11.427512,28.494699 10.256410,19.830027,0.452297 6.448506,19.072586,0.452297 
9.817750,9.879496,55.879114 14.064312,19.072586,56.537102 10.256409,19.830027,56.537102 
9.817750,9.879496,55.879114 17.292496,16.915585,56.537102 14.064312,19.072586,56.537102 
9.817750,9.879496,55.879114 19.449499,13.687399,56.537102 17.292496,16.915585,56.537102 
9.817750,9.879496,55.879114 20.206940,9.879497,56.537102 19.449499,13.687399,56.537102 
9.817750,9.879496,55.879114 19.449499,6.071594,56.537102 20.206940,9.879497,56.537102 
9.817750,9.879496,55.879114 17.292496,2.843409,56.537102 19.449499,6.071594,56.537102 
9.817750,9.879496,55.879114 14.064312,0.686405,56.537102 17.292496,2.843409,56.537102 
9.817750,9.879496,55.879114 10.256409,-0.071034,56.537102 14.064312,0.686405,56.537102 
9.817750,9.879496,55.879114 6.448506,0.686405,56.537102 10.256409,-0.071034,56.537102 
9.817750,9.879496,55.879114 3.220322,2.843409,56.537102 6.448506,0.686405,56.537102 
9.817750,9.879496,55.879114 1.063318,6.071593,56.537102 3.220322,2.843409,56.537102 
9.817750,9.879496,55.879114 0.305879,9.879495,56.537102 1.063318,6.071593,56.537102 
9.817750,9.879496,55.879114 1.063317,13.687398,56.537102 0.305879,9.879495,56.537102 
9.817750,9.879496,55.879114 3.220321,16.915583,56.537102 1.063317,13.687398,56.537102 
9.817750,9.879496,55.879114 6.448505,19.072586,56.537102 3.220321,16.915583,56.537102 
9.817750,9.879496,55.879114 10.256409,19.830027,56.537102 6.448505,19.072586,56.537102 
10.256409,9.879496,0.452298 10.256410,19.830027,0.452297 14.064313,19.072586,0.452297 
10.256409,9.879496,0.452298 14.064313,19.072586,0.452297 17.292498,16.915585,0.452297 
10.256409,9.879496,0.452298 17.292498,16.915585,0.452297 19.449501,13.687399,0.452297 
10.256409,9.879496,0.452298 19.449501,13.687399,0.452297 20.206940,9.879497,0.452297 
10.256409,9.879496,0.452298 20.206940,9.879497,0.452297 19.449501,6.071594,0.452297 
10.256409,9.879496,0.452298 19.449501,6.071594,0.452297 17.292498,2.843409,0.452297 
10.256409,9.879496,0.452298 17.292498,2.843409,0.452297 14.064314,0.686405,0.452297 
10.256409,9.879496,0.452298 14.064314,0.686405,0.452297 10.256411,-0.071034,0.452297 
10.256409,9.879496,0.452298 10.256411,-0.071034,0.452297 6.448508,0.686405,0.452297 
10.256409,9.879496,0.452298 6.448508,0.686405,0.452297 3.220323,2.843409,0.452297 
10.256409,9.879496,0.452298 3.220323,2.843409,0.452297 1.063319,6.071593,0.452297 
10.256409,9.879496,0.452298 1.063319,6.071593,0.452297 0.305880,9.879495,0.452297 
10.256409,9.879496,0.452298 0.305880,9.879495,0.452297 1.063319,13.687398,0.452297 
10.256409,9.879496,0.452298 1.063319,13.687398,0.452297 3.220322,16.915583,0.452297 
10.256409,9.879496,0.452298 3.220322,16.915583,0.452297 6.448506,19.072586,0.452297 
10.256409,9.879496,0.452298 6.448506,19.072586,0.452297 10.256410,19.830027,0.452297 
2.968052,2.757622,57.107693 2.968053,2.757621,0.287181 16.929384,16.934687,0.287181 
16.929384,16.934687,0.287181 16.929382,16.934689,57.107693 2.968052,2.757622,57.107693 
0.000000,9.846155,56.902565 0.000000,9.846154,0.082052 19.897436,9.846154,0.082052 
19.897436,9.846154,0.082052 19.897436,9.846155,56.902565 0.000000,9.846155,56.902565 
10.511578,0.102704,57.107693 10.511580,0.102704,0.287181 10.616628,19.999863,0.287181 
10.616628,19.999863,0.287181 10.616626,19.999863,57.107693 10.511578,0.102704,57.107693 
17.461964,2.880199,57.107693 17.461964,2.880200,0.287181 3.255985,16.812111,0.287181 
3.255985,16.812111,0.287181 3.255984,16.812109,57.107693 17.461964,2.880199,57.107693 
2.968052,2.757622,57.107693 2.968053,2.757621,0.287181 16.929384,16.934687,0.287181 
16.929384,16.934687,0.287181 16.929382,16.934689,57.107693 2.968052,2.757622,57.107693 
