10.256409,19.830026,56.537102 14.064312,19.072587,56.537103 10.256409,19.771276,28.494700 
14.064312,19.072587,56.537103 14.054659,19.018309,28.494701 10.256409,19.771276,28.494700 
14.064312,19.072587,56.537103 17.292496,16.915584,56.537103 14.054659,19.018309,28.494701 
17.292496,16.915584,56.537103 17.274660,16.874041,28.494701 14.054659,19.018309,28.494701 
17.292496,16.915584,56.537103 19.449500,13.687399,56.537103 17.274660,16.874041,28.494701 
19.449500,13.687399,56.537103 19.426196,13.664917,28.494701 17.274660,16.874041,28.494701 
19.449500,13.687399,56.537103 20.206939,9.879497,56.537103 19.426196,13.664917,28.494701 
20.206939,9.879497,56.537103 20.181715,9.879497,28.494701 19.426196,13.664917,28.494701 
20.206939,9.879497,56.537103 19.449500,6.071594,56.537103 20.181715,9.879497,28.494701 
19.449500,6.071594,56.537103 19.426196,6.094076,28.494701 20.181715,9.879497,28.494701 
19.449500,6.071594,56.537103 17.292496,2.843409,56.537103 19.426196,6.094076,28.494701 
17.292496,2.843409,56.537103 17.274661,2.884952,28.494701 19.426196,6.094076,28.494701 
17.292496,2.843409,56.537103 14.064312,0.686405,56.537103 17.274661,2.884952,28.494701 
14.064312,0.686405,56.537103 14.054660,0.740683,28.494701 17.274661,2.884952,28.494701 
14.064312,0.686405,56.537103 10.256409,-0.071034,56.537102 14.054660,0.740683,28.494701 
10.256409,-0.071034,56.537102 10.256410,-0.012284,28.494700 14.054660,0.740683,28.494701 
10.256409,-0.071034,56.537102 6.448506,0.686405,56.537102 10.256410,-0.012284,28.494700 
6.448506,0.686405,56.537102 6.458160,0.740683,28.494700 10.256410,-0.012284,28.494700 
6.448506,0.686405,56.537102 3.220322,2.843409,56.537102 6.458160,0.740683,28.494700 
3.220322,2.843409,56.537102 3.238159,2.884951,28.494700 6.458160,0.740683,28.494700 
3.220322,2.843409,56.537102 1.063318,6.071593,56.537102 3.238159,2.884951,28.494700 
1.063318,6.071593,56.537102 1.086623,6.094075,28.494700 3.238159,2.884951,28.494700 
1.063318,6.071593,56.537102 0.305879,9.879495,56.537102 1.086623,6.094075,28.494700 
0.305879,9.879495,56.537102 0.331104,9.879495,28.494700 1.086623,6.094075,28.494700 
0.305879,9.879495,56.537102 1.063317,13.687398,56.537102 0.331104,9.879495,28.494700 
1.063317,13.687398,56.537102 1.086623,13.664916,28.494700 0.331104,9.879495,28.494700 
1.063317,13.687398,56.537102 3.220321,16.915583,56.537102 1.086623,13.664916,28.494700 
3.220321,16.915583,56.537102 3.238158,16.874040,28.494700 1.086623,13.664916,28.494700 
3.220321,16.915583,56.537102 6.448505,19.072587,56.537102 3.238158,16.874040,28.494700 
6.448505,19.072587,56.537102 6.458159,19.018309,28.494700 3.238158,16.874040,28.494700 
6.448505,19.072587,56.537102 10.256409,19.830026,56.537102 6.458159,19.018309,28.494700 
10.256409,19.830026,56.537102 10.256409,19.771276,28.494700 6.458159,19.018309,28.494700 
10.256409,19.771276,28.494700 14.054659,19.018309,28.494701 10.256410,19.830026,0.452297 
14.054659,19.018309,28.494701 14.064313,19.072587,0.452297 10.256410,19.830026,0.452297 
14.054659,19.018309,28.494701 17.274660,16.874041,28.494701 14.064313,19.072587,0.452297 
17.274660,16.874041,28.494701 17.292497,16.915584,0.452297 14.064313,19.072587,0.452297 
17.274660,16.874041,28.494701 19.426196,13.664917,28.494701 17.292497,16.915584,0.452297 
19.426196,13.664917,28.494701 19.449501,13.687399,0.452297 17.292497,16.915584,0.452297 
19.426196,13.664917,28.494701 20.181715,9.879497,28.494701 19.449501,13.687399,0.452297 
20.181715,9.879497,28.494701 20.206940,9.879497,0.452297 19.449501,13.687399,0.452297 
20.181715,9.879497,28.494701 19.426196,6.094076,28.494701 20.206940,9.879497,0.452297 
19.426196,6.094076,28.494701 19.449501,6.071594,0.452297 20.206940,9.879497,0.452297 
19.426196,6.094076,28.494701 17.274661,2.884952,28.494701 19.449501,6.071594,0.452297 
17.274661,2.884952,28.494701 17.292498,2.843409,0.452297 19.449501,6.071594,0.452297 
17.274661,2.884952,28.494701 14.054660,0.740683,28.494701 17.292498,2.843409,0.452297 
14.054660,0.740683,28.494701 14.064314,0.686405,0.452297 17.292498,2.843409,0.452297 
14.054660,0.740683,28.494701 10.256410,-0.012284,28.494700 14.064314,0.686405,0.452297 
10.256410,-0.012284,28.494700 10.256411,-0.071034,0.452297 14.064314,0.686405,0.452297 
10.256410,-0.012284,28.494700 6.458160,0.740683,28.494700 10.256411,-0.071034,0.452297 
6.458160,0.740683,28.494700 6.448508,0.686405,0.452297 10.256411,-0.071034,0.452297 
6.458160,0.740683,28.494700 3.238159,2.884951,28.494700 6.448508,0.686405,0.452297 
3.238159,2.884951,28.494700 3.220323,2.843409,0.452297 6.448508,0.686405,0.452297 
3.238159,2.884951,28.494700 1.086623,6.094075,28.494700 3.220323,2.843409,0.452297 
1.086623,6.094075,28.494700 1.063319,6.071593,0.452297 3.220323,2.843409,0.452297 
1.086623,6.094075,28.494700 0.331104,9.879495,28.494700 1.063319,6.071593,0.452297 
0.331104,9.879495,28.494700 0.305880,9.879495,0.452297 1.063319,6.071593,0.452297 
0.331104,9.879495,28.494700 1.086623,13.664916,28.494700 0.305880,9.879495,0.452297 
1.086623,13.664916,28.494700 1.063319,13.687398,0.452297 0.305880,9.879495,0.452297 
1.086623,13.664916,28.494700 3.238158,16.874040,28.494700 1.063319,13.687398,0.452297 
3.238158,16.874040,28.494700 3.220322,16.915583,0.452297 1.063319,13.687398,0.452297 
3.238158,16.874040,28.494700 6.458159,19.018309,28.494700 3.220322,16.915583,0.452297 
6.458159,19.018309,28.494700 6.448506,19.072587,0.452297 3.220322,16.915583,0.452297 
6.458159,19.018309,28.494700 10.256409,19.771276,28.494700 6.448506,19.072587,0.452297 
10.256409,19.771276,28.494700 10.256410,19.830026,0.452297 6.448506,19.072587,0.452297 
10.256409,9.879496,56.537102 14.064312,19.072587,56.537103 10.256409,19.830026,56.537102 
10.256409,9.879496,56.537102 17.292496,16.915584,56.537103 14.064312,19.072587,56.537103 
10.256409,9.879496,56.537102 19.449500,13.687399,56.537103 17.292496,16.915584,56.537103 
10.256409,9.879496,56.537102 20.206939,9.879497,56.537103 19.449500,13.687399,56.537103 
10.256409,9.879496,56.537102 19.449500,6.071594,56.537103 20.206939,9.879497,56.537103 
10.256409,9.879496,56.537102 17.292496,2.843409,56.537103 19.449500,6.071594,56.537103 
10.256409,9.879496,56.537102 14.064312,0.686405,56.537103 17.292496,2.843409,56.537103 
10.256409,9.879496,56.537102 10.256409,-0.071034,56.537102 14.064312,0.686405,56.537103 
10.256409,9.879496,56.537102 6.448506,0.686405,56.537102 10.256409,-0.071034,56.537102 
10.256409,9.879496,56.537102 3.220322,2.843409,56.537102 6.448506,0.686405,56.537102 
10.256409,9.879496,56.537102 1.063318,6.071593,56.537102 3.220322,2.843409,56.537102 
10.256409,9.879496,56.537102 0.305879,9.879495,56.537102 1.063318,6.071593,56.537102 
10.256409,9.879496,56.537102 1.063317,13.687398,56.537102 0.305879,9.879495,56.537102 
10.256409,9.879496,56.537102 3.220321,16.915583,56.537102 1.063317,13.687398,56.537102 
10.256409,9.879496,56.537102 6.448505,19.072587,56.537102 3.220321,16.915583,56.537102 
10.256409,9.879496,56.537102 10.256409,19.830026,56.537102 6.448505,19.072587,56.537102 
10.256410,9.879496,0.452297 10.256410,19.830026,0.452297 14.064313,19.072587,0.452297 
10.256410,9.879496,0.452297 14.064313,19.072587,0.452297 17.292497,16.915584,0.452297 
10.256410,9.879496,0.452297 17.292497,16.915584,0.452297 19.449501,13.687399,0.452297 
10.256410,9.879496,0.452297 19.449501,13.687399,0.452297 20.206940,9.879497,0.452297 
10.256410,9.879496,0.452297 20.206940,9.879497,0.452297 19.449501,6.071594,0.452297 
10.256410,9.879496,0.452297 19.449501,6.071594,0.452297 17.292498,2.843409,0.452297 
10.256410,9.879496,0.452297 17.292498,2.843409,0.452297 14.064314,0.686405,0.452297 
10.256410,9.879496,0.452297 14.064314,0.686405,0.452297 10.256411,-0.071034,0.452297 
10.256410,9.879496,0.452297 10.256411,-0.071034,0.452297 6.448508,0.686405,0.452297 
10.256410,9.879496,0.452297 6.448508,0.686405,0.452297 3.220323,2.843409,0.452297 
10.256410,9.879496,0.452297 3.220323,2.843409,0.452297 1.063319,6.071593,0.452297 
10.256410,9.879496,0.452297 1.063319,6.071593,0.452297 0.305880,9.879495,0.452297 
10.256410,9.879496,0.452297 0.305880,9.879495,0.452297 1.063319,13.687398,0.452297 
10.256410,9.879496,0.452297 1.063319,13.687398,0.452297 3.220322,16.915583,0.452297 
10.256410,9.879496,0.452297 3.220322,16.915583,0.452297 6.448506,19.072587,0.452297 
10.256410,9.879496,0.452297 6.448506,19.072587,0.452297 10.256410,19.830026,0.452297 
