7.331920,4.754027,0.000000 7.411977,4.454820,0.000000 9.999999,3.728523,10.000001 
7.331920,4.754027,0.000000 9.829384,4.565030,10.000001 9.999999,3.728523,10.000001 
7.187817,5.246840,0.000000 7.331920,4.754027,0.000000 9.829384,4.565030,10.000001 
7.187817,5.246840,0.000000 9.499540,5.580543,10.000001 9.829384,4.565030,10.000001 
7.059725,5.528447,0.000000 7.187817,5.246840,0.000000 9.499540,5.580543,10.000001 
7.059725,5.528447,0.000000 9.268647,6.331140,10.000001 9.499540,5.580543,10.000001 
6.847573,5.766053,0.000000 7.059725,5.528447,0.000000 9.268647,6.331140,10.000001 
6.847573,5.766053,0.000000 8.872833,7.037584,10.000001 9.268647,6.331140,10.000001 
6.643427,6.069661,0.000000 6.847573,5.766053,0.000000 8.872833,7.037584,10.000001 
6.643427,6.069661,0.000000 8.468456,7.773527,10.000001 8.872833,7.037584,10.000001 
6.391247,6.307267,0.000000 6.643427,6.069661,0.000000 8.468456,7.773527,10.000001 
6.391247,6.307267,0.000000 7.916283,8.362166,10.000001 8.468456,7.773527,10.000001 
6.151075,6.531673,0.000000 6.391247,6.307267,0.000000 7.916283,8.362166,10.000001 
6.151075,6.531673,0.000000 7.388530,8.936152,10.000001 7.916283,8.362166,10.000001 
5.790818,6.716478,0.000000 6.151075,6.531673,0.000000 7.388530,8.936152,10.000001 
5.790818,6.716478,0.000000 6.926747,9.333526,10.000001 7.388530,8.936152,10.000001 
5.466586,6.835281,0.000000 5.790818,6.716478,0.000000 6.926747,9.333526,10.000001 
5.466586,6.835281,0.000000 6.464964,9.642595,10.000001 6.926747,9.333526,10.000001 
4.818123,6.940883,0.000000 5.466586,6.835281,0.000000 6.464964,9.642595,10.000001 
4.818123,6.940883,0.000000 5.541398,9.951665,10.000001 6.464964,9.642595,10.000001 
4.409831,6.914483,0.000000 4.818123,6.940883,0.000000 5.541398,9.951665,10.000001 
4.409831,6.914483,0.000000 4.650921,10.000000,10.000001 5.541398,9.951665,10.000001 
4.049573,6.822080,0.000000 4.409831,6.914483,0.000000 4.650921,10.000000,10.000001 
4.522316,9.223336,7.498941 3.842748,9.909603,10.000001 4.650921,10.000000,10.000001 
3.665299,6.624075,0.000000 4.049573,6.822080,0.000000 3.034575,9.819206,10.000001 
3.665299,6.624075,0.000000 2.012055,8.980304,10.000001 3.034575,9.819206,10.000001 
3.160938,6.188464,0.000000 3.665299,6.624075,0.000000 2.012055,8.980304,10.000001 
3.160938,6.188464,0.000000 1.055504,8.097249,10.000001 2.012055,8.980304,10.000001 
2.860724,5.752853,0.000000 3.160938,6.188464,0.000000 1.055504,8.097249,10.000001 
2.860724,5.752853,0.000000 0.626705,6.993431,10.000001 1.055504,8.097249,10.000001 
2.692604,5.343642,0.000000 2.860724,5.752853,0.000000 0.626705,6.993431,10.000001 
2.692604,5.343642,0.000000 0.131938,5.624696,10.000000 0.626705,6.993431,10.000001 
2.608544,4.974033,0.000000 2.692604,5.343642,0.000000 0.131938,5.624696,10.000000 
2.608544,4.974033,0.000000 0.000000,4.476725,10.000000 0.131938,5.624696,10.000000 
2.596535,4.578022,0.000000 2.608544,4.974033,0.000000 0.000000,4.476725,10.000000 
2.668587,4.166172,0.000001 0.098953,3.372906,10.000000 0.000000,4.476725,10.000000 
2.668587,4.166172,0.000001 2.596535,4.578022,0.000000 0.000000,4.476725,10.000000 
2.776664,3.822963,0.000001 0.334870,2.658227,10.000000 0.098953,3.372906,10.000000 
2.776664,3.822963,0.000001 2.668587,4.166172,0.000001 0.098953,3.372906,10.000000 
2.920767,3.611758,0.000001 2.776664,3.822963,0.000001 0.334870,2.658227,10.000000 
2.920767,3.611758,0.000001 0.758643,1.739255,10.000000 0.334870,2.658227,10.000000 
3.124913,3.334551,0.000001 2.920767,3.611758,0.000001 0.758643,1.739255,10.000000 
3.124913,3.334551,0.000001 1.154457,0.944506,10.000000 0.758643,1.739255,10.000000 
3.314470,3.164287,0.000001 3.124913,3.334551,0.000001 1.154457,0.944506,10.000000 
3.314470,3.164287,0.000001 1.946086,0.370520,10.000000 1.154457,0.944506,10.000000 
3.533205,3.030943,0.000001 3.314470,3.164287,0.000001 1.946086,0.370520,10.000000 
3.533205,3.030943,0.000001 2.473838,0.061451,10.000000 1.946086,0.370520,10.000000 
3.833419,2.912140,0.000001 3.533205,3.030943,0.000001 2.473838,0.061451,10.000000 
3.833419,2.912140,0.000001 3.169190,0.000000,10.000000 2.473838,0.061451,10.000000 
4.121625,2.898940,0.000001 3.833419,2.912140,0.000001 3.169190,0.000000,10.000000 
4.457865,2.925340,0.000001 4.121625,2.898940,0.000001 3.169190,0.000000,10.000000 
4.457865,2.925340,0.000001 3.991126,0.061451,10.000000 3.169190,0.000000,10.000000 
4.698037,3.017743,0.000000 4.457865,2.925340,0.000001 3.991126,0.061451,10.000000 
4.698037,3.017743,0.000000 4.683800,0.458825,10.000000 3.991126,0.061451,10.000000 
4.902183,3.136546,0.000000 4.698037,3.017743,0.000000 4.683800,0.458825,10.000000 
4.902183,3.136546,0.000000 5.211553,1.032811,10.000000 4.683800,0.458825,10.000000 
5.082312,3.294950,0.000000 4.902183,3.136546,0.000000 5.211553,1.032811,10.000000 
5.082312,3.294950,0.000000 5.706320,1.783407,10.000000 5.211553,1.032811,10.000000 
5.226415,3.506155,0.000000 5.082312,3.294950,0.000000 5.706320,1.783407,10.000000 
5.226415,3.506155,0.000000 5.805274,2.489851,10.000000 5.706320,1.783407,10.000000 
5.334492,3.677760,0.000000 5.226415,3.506155,0.000000 5.805274,2.489851,10.000000 
5.334492,3.677760,0.000000 5.904227,3.417059,10.000001 5.805274,2.489851,10.000000 
5.394535,3.981367,0.000000 5.334492,3.677760,0.000000 5.904227,3.417059,10.000001 
5.394535,3.981367,0.000000 5.706320,4.388419,10.000001 5.904227,3.417059,10.000001 
5.406543,4.284975,0.000000 5.394535,3.981367,0.000000 5.706320,4.388419,10.000001 
5.406543,4.284975,0.000000 5.277522,5.183168,10.000001 5.706320,4.388419,10.000001 
5.322483,4.588583,0.000000 5.406543,4.284975,0.000000 5.277522,5.183168,10.000001 
5.322483,4.588583,0.000000 4.683800,5.492238,10.000001 5.277522,5.183168,10.000001 
5.226415,4.812989,0.000000 5.322483,4.588583,0.000000 4.683800,5.492238,10.000001 
5.226415,4.812989,0.000000 3.769736,5.670713,10.000001 4.683800,5.492238,10.000001 
5.058294,4.997794,0.000000 5.226415,4.812989,0.000000 3.769736,5.670713,10.000001 
5.058294,4.997794,0.000000 3.281908,5.482173,10.000001 3.769736,5.670713,10.000001 
4.517908,5.222199,0.000000 5.058294,4.997794,0.000000 3.281908,5.482173,10.000001 
2.997804,5.252299,10.000001 4.517908,5.222199,0.000000 3.281908,5.482173,10.000001 
2.997804,5.252299,10.000001 4.061582,5.076995,0.000000 4.517908,5.222199,0.000000 
2.997804,5.252299,10.000001 4.061582,5.076995,0.000000 2.671745,4.520877,10.000000 
3.941496,4.944992,0.000000 4.061582,5.076995,0.000000 2.671745,4.520877,10.000000 
3.941496,4.944992,0.000000 2.539807,3.991045,10.000000 2.671745,4.520877,10.000000 
3.833419,4.746987,0.000000 3.941496,4.944992,0.000000 2.539807,3.991045,10.000000 
3.833419,4.746987,0.000000 2.539807,3.991045,10.000000 2.638761,3.372906,10.000000 
3.773376,4.548982,0.000000 3.833419,4.746987,0.000000 2.638761,3.372906,10.000000 
3.773376,4.548982,0.000000 2.836668,2.843073,10.000000 2.638761,3.372906,10.000000 
3.797393,4.311376,0.000000 3.773376,4.548982,0.000000 2.836668,2.843073,10.000000 
3.797393,4.311376,0.000000 3.265466,2.489851,10.000000 2.836668,2.843073,10.000000 
3.881453,4.139771,0.000000 3.797393,4.311376,0.000000 3.265466,2.489851,10.000000 
3.881453,4.139771,0.000000 3.399047,2.363187,10.000000 3.265466,2.489851,10.000000 
4.001539,3.968167,0.000000 3.881453,4.139771,0.000000 3.399047,2.363187,10.000000 
3.731115,2.369492,10.000001 4.001539,3.968167,0.000000 3.399047,2.363187,10.000000 
3.731115,2.369492,10.000001 4.205685,3.888965,0.000000 4.001539,3.968167,0.000000 
3.731115,2.369492,10.000001 4.205685,3.888965,0.000000 4.287986,2.710615,10.000000 
4.397822,3.888965,0.000000 4.205685,3.888965,0.000000 4.287986,2.710615,10.000000 
4.397822,3.888965,0.000000 4.485893,3.196295,10.000000 4.287986,2.710615,10.000000 
4.565943,3.968167,0.000000 4.397822,3.888965,0.000000 4.485893,3.196295,10.000000 
4.565943,3.968167,0.000000 4.485893,3.196295,10.000000 4.518878,3.505364,10.000000 
4.650002,4.060569,0.000000 4.565943,3.968167,0.000000 4.518878,3.505364,10.000000 
4.650002,4.060569,0.000000 4.367611,3.926965,10.000000 4.518878,3.505364,10.000000 
4.734063,4.245374,0.000000 4.650002,4.060569,0.000000 4.367611,3.926965,10.000000 
4.734063,4.245374,0.000000 4.261025,4.181283,10.000000 4.367611,3.926965,10.000000 
4.734063,4.403778,0.000000 4.734063,4.245374,0.000000 4.261025,4.181283,10.000000 
4.734063,4.403778,0.000000 4.146413,4.320721,10.000000 4.261025,4.181283,10.000000 
4.637994,4.522581,0.000000 4.734063,4.403778,0.000000 4.146413,4.320721,10.000000 
3.835765,4.312253,10.000001 4.637994,4.522581,0.000000 4.146413,4.320721,10.000000 
3.835765,4.312253,10.000001 4.469874,4.667785,0.000000 4.637994,4.522581,0.000000 
3.588010,4.178663,10.000001 3.835765,4.312253,10.000001 4.469874,4.667785,0.000000 
3.588010,4.178663,10.000001 4.361797,4.654584,0.000000 4.469874,4.667785,0.000000 
3.588010,4.178663,10.000001 4.361797,4.654584,0.000000 3.397404,3.946892,10.000000 
4.205685,4.509381,0.000000 4.361797,4.654584,0.000000 3.397404,3.946892,10.000000 
4.205685,4.509381,0.000000 3.364420,3.549517,10.000000 3.397404,3.946892,10.000000 
4.193676,4.390578,0.000000 4.205685,4.509381,0.000000 3.364420,3.549517,10.000000 
4.193676,4.390578,0.000000 3.463373,3.284601,10.000000 3.364420,3.549517,10.000000 
4.241711,4.284975,0.000000 4.193676,4.390578,0.000000 3.463373,3.284601,10.000000 
4.241711,4.284975,0.000000 3.694265,3.107990,10.000000 3.463373,3.284601,10.000000 
4.361797,4.205773,0.000000 4.241711,4.284975,0.000000 3.694265,3.107990,10.000000 
3.882570,3.149233,9.996426 4.361797,4.205773,0.000000 3.694265,3.107990,10.000000 
3.882570,3.149233,9.996426 4.361797,4.205773,0.000000 3.973514,3.343238,10.000000 
4.493891,4.284975,0.000000 4.361797,4.205773,0.000000 3.973514,3.343238,10.000000 
4.481883,4.364177,0.000000 4.493891,4.284975,0.000000 3.973514,3.343238,10.000000 
4.481883,4.364177,0.000000 3.826203,3.902739,10.000000 3.973514,3.343238,10.000000 
4.421840,4.456580,0.000000 4.481883,4.364177,0.000000 3.826203,3.902739,10.000000 
4.421840,4.456580,0.000000 3.628296,3.593670,10.000000 3.826203,3.902739,10.000000 
4.313762,4.390578,0.000000 4.421840,4.456580,0.000000 3.628296,3.593670,10.000000 
0.000001,10.000001,0.000000 0.000001,8.750001,0.000000 1.250001,8.745705,0.000000 
10.000002,0.000000,0.000001 10.000003,1.219930,0.000001 8.750001,1.219930,-0.000001 
0.000001,0.000001,0.000000 1.250140,-0.000001,0.000000 0.000001,1.250001,0.000000 
10.000002,0.000000,0.000001 8.750001,1.219930,-0.000001 8.749985,0.000000,-0.000001 
0.000001,5.000001,0.000000 1.250001,3.745705,0.000000 1.250001,4.995705,0.000000 
10.000002,9.999999,0.000001 8.750001,10.000001,0.000000 10.000003,8.745705,0.000001 
0.000001,10.000001,0.000000 1.250001,8.745705,0.000000 1.250001,10.000001,0.000000 
10.000003,4.982817,0.000001 8.750001,6.237113,-0.000001 8.750001,4.982818,-0.000001 
0.000001,5.000001,0.000000 1.250001,4.995705,0.000000 0.000001,6.250001,0.000000 
5.000001,4.982818,-0.000001 3.750001,6.237114,-0.000001 3.750001,4.987114,-0.000001 
0.000001,7.500001,0.000000 1.250001,6.245705,0.000000 1.250001,7.495705,0.000000 
10.000003,4.982817,0.000001 8.750001,4.982818,-0.000001 10.000003,3.728522,0.000001 
5.000001,4.982818,-0.000001 6.250001,3.728522,-0.000001 6.250001,4.982818,-0.000001 
10.000003,2.474226,0.000001 8.750001,3.728522,-0.000001 8.750001,2.474226,-0.000001 
5.000003,0.000000,-0.000001 3.750001,1.237113,-0.000001 3.750000,0.000000,-0.000001 
0.000001,5.000001,0.000000 0.000001,3.750001,0.000000 1.250001,3.745705,0.000000 
2.499819,0.000000,0.000000 2.500001,1.241410,0.000000 1.250001,1.245705,0.000000 
5.000001,4.982818,-0.000001 5.000001,3.732818,-0.000001 6.250001,3.728522,-0.000001 
5.000003,0.000000,-0.000001 6.250001,-0.000720,-0.000001 5.000001,1.232817,-0.000001 
7.500001,2.474226,-0.000001 6.250001,2.478522,-0.000001 7.500001,1.224226,-0.000001 
5.000003,0.000000,-0.000001 5.000001,1.232817,-0.000001 3.750001,1.237113,-0.000001 
5.000001,4.982818,-0.000001 3.750001,4.987114,-0.000001 5.000001,3.732818,-0.000001 
2.500001,2.491409,0.000000 3.750001,2.487113,-0.000001 2.500001,3.741409,0.000000 
5.000001,10.000001,0.000000 6.250001,8.745705,0.000000 6.250001,10.000001,0.000000 
10.000003,4.982817,0.000001 10.000003,6.237113,0.000001 8.750001,6.237113,-0.000001 
7.500001,10.000001,0.000000 7.500001,8.745705,0.000000 8.750001,8.745705,0.000000 
5.000001,4.982818,-0.000001 5.000001,6.237114,-0.000001 3.750001,6.237114,-0.000001 
5.000001,10.000001,0.000000 3.750001,10.000001,0.000000 5.000001,8.745705,0.000000 
2.500001,7.491410,0.000000 3.750001,7.491409,0.000000 2.500001,8.745705,0.000000 
5.000001,10.000001,0.000000 5.000001,8.745705,0.000000 6.250001,8.745705,0.000000 
5.000001,4.982818,-0.000001 6.250001,4.982818,-0.000001 5.000001,6.237114,-0.000001 
7.500001,7.491409,0.000000 6.250001,7.491409,0.000000 7.500001,6.237113,-0.000001 
0.000001,7.500001,0.000000 1.250001,7.495705,0.000000 0.000001,8.750001,0.000000 
2.500001,7.491410,0.000000 1.250001,8.745705,0.000000 1.250001,7.495705,0.000000 
0.000001,8.750001,0.000000 1.250001,7.495705,0.000000 1.250001,8.745705,0.000000 
10.000003,2.474226,0.000001 8.750001,2.474226,-0.000001 10.000003,1.219930,0.000001 
7.500001,2.474226,-0.000001 8.750001,1.219930,-0.000001 8.750001,2.474226,-0.000001 
10.000003,1.219930,0.000001 8.750001,2.474226,-0.000001 8.750001,1.219930,-0.000001 
2.499819,0.000000,0.000000 1.250001,1.245705,0.000000 1.250140,-0.000001,0.000000 
0.000001,2.500001,0.000000 0.000001,1.250001,0.000000 1.250001,1.245705,0.000000 
1.250140,-0.000001,0.000000 1.250001,1.245705,0.000000 0.000001,1.250001,0.000000 
7.500001,2.474226,-0.000001 7.500001,1.224226,-0.000001 8.750001,1.219930,-0.000001 
7.500198,0.000000,-0.000001 8.749985,0.000000,-0.000001 7.500001,1.224226,-0.000001 
8.750001,1.219930,-0.000001 7.500001,1.224226,-0.000001 8.749985,0.000000,-0.000001 
2.500001,2.491409,0.000000 2.500001,3.741409,0.000000 1.250001,3.745705,0.000000 
2.500001,4.991409,0.000000 1.250001,4.995705,0.000000 2.500001,3.741409,0.000000 
1.250001,3.745705,0.000000 2.500001,3.741409,0.000000 1.250001,4.995705,0.000000 
7.500001,10.000001,0.000000 8.750001,8.745705,0.000000 8.750001,10.000001,0.000000 
10.000003,7.491409,0.000001 10.000003,8.745705,0.000001 8.750001,8.745705,0.000000 
8.750001,10.000001,0.000000 8.750001,8.745705,0.000000 10.000003,8.745705,0.000001 
2.500001,7.491410,0.000000 2.500001,8.745705,0.000000 1.250001,8.745705,0.000000 
2.500001,10.000001,0.000000 1.250001,10.000001,0.000000 2.500001,8.745705,0.000000 
1.250001,8.745705,0.000000 2.500001,8.745705,0.000000 1.250001,10.000001,0.000000 
7.500001,7.491409,0.000000 7.500001,6.237113,-0.000001 8.750001,6.237113,-0.000001 
7.500001,4.982818,-0.000001 8.750001,4.982818,-0.000001 7.500001,6.237113,-0.000001 
8.750001,6.237113,-0.000001 7.500001,6.237113,-0.000001 8.750001,4.982818,-0.000001 
2.500001,4.991409,0.000000 1.250001,6.245705,0.000000 1.250001,4.995705,0.000000 
0.000001,7.500001,0.000000 0.000001,6.250001,0.000000 1.250001,6.245705,0.000000 
1.250001,4.995705,0.000000 1.250001,6.245705,0.000000 0.000001,6.250001,0.000000 
2.500001,7.491410,0.000000 2.500001,6.241409,0.000000 3.750001,6.237114,-0.000001 
2.500001,4.991409,0.000000 3.750001,4.987114,-0.000001 2.500001,6.241409,0.000000 
3.750001,6.237114,-0.000001 2.500001,6.241409,0.000000 3.750001,4.987114,-0.000001 
2.500001,4.991409,0.000000 2.500001,6.241409,0.000000 1.250001,6.245705,0.000000 
2.500001,7.491410,0.000000 1.250001,7.495705,0.000000 2.500001,6.241409,0.000000 
1.250001,6.245705,0.000000 2.500001,6.241409,0.000000 1.250001,7.495705,0.000000 
7.500001,4.982818,-0.000001 8.750001,3.728522,-0.000001 8.750001,4.982818,-0.000001 
10.000003,2.474226,0.000001 10.000003,3.728522,0.000001 8.750001,3.728522,-0.000001 
8.750001,4.982818,-0.000001 8.750001,3.728522,-0.000001 10.000003,3.728522,0.000001 
7.500001,2.474226,-0.000001 7.500001,3.728522,-0.000001 6.250001,3.728522,-0.000001 
7.500001,4.982818,-0.000001 6.250001,4.982818,-0.000001 7.500001,3.728522,-0.000001 
6.250001,3.728522,-0.000001 7.500001,3.728522,-0.000001 6.250001,4.982818,-0.000001 
7.500001,4.982818,-0.000001 7.500001,3.728522,-0.000001 8.750001,3.728522,-0.000001 
7.500001,2.474226,-0.000001 8.750001,2.474226,-0.000001 7.500001,3.728522,-0.000001 
8.750001,3.728522,-0.000001 7.500001,3.728522,-0.000001 8.750001,2.474226,-0.000001 
2.500001,2.491409,0.000000 2.500001,1.241410,0.000000 3.750001,1.237113,-0.000001 
2.499819,0.000000,0.000000 3.750000,0.000000,-0.000001 2.500001,1.241410,0.000000 
3.750001,1.237113,-0.000001 2.500001,1.241410,0.000000 3.750000,0.000000,-0.000001 
0.000001,2.500001,0.000000 1.250001,2.495705,0.000000 0.000001,3.750001,0.000000 
2.500001,2.491409,0.000000 1.250001,3.745705,0.000000 1.250001,2.495705,0.000000 
0.000001,3.750001,0.000000 1.250001,2.495705,0.000000 1.250001,3.745705,0.000000 
2.500001,2.491409,0.000000 1.250001,2.495705,0.000000 2.500001,1.241410,0.000000 
0.000001,2.500001,0.000000 1.250001,1.245705,0.000000 1.250001,2.495705,0.000000 
2.500001,1.241410,0.000000 1.250001,2.495705,0.000000 1.250001,1.245705,0.000000 
5.000001,2.482818,-0.000001 6.250001,2.478522,-0.000001 5.000001,3.732818,-0.000001 
7.500001,2.474226,-0.000001 6.250001,3.728522,-0.000001 6.250001,2.478522,-0.000001 
5.000001,3.732818,-0.000001 6.250001,2.478522,-0.000001 6.250001,3.728522,-0.000001 
7.500198,0.000000,-0.000001 6.250001,1.228523,-0.000001 6.250001,-0.000720,-0.000001 
5.000001,2.482818,-0.000001 5.000001,1.232817,-0.000001 6.250001,1.228523,-0.000001 
6.250001,-0.000720,-0.000001 6.250001,1.228523,-0.000001 5.000001,1.232817,-0.000001 
5.000001,2.482818,-0.000001 6.250001,1.228523,-0.000001 6.250001,2.478522,-0.000001 
7.500198,0.000000,-0.000001 7.500001,1.224226,-0.000001 6.250001,1.228523,-0.000001 
6.250001,2.478522,-0.000001 6.250001,1.228523,-0.000001 7.500001,1.224226,-0.000001 
5.000001,2.482818,-0.000001 3.750001,2.487113,-0.000001 5.000001,1.232817,-0.000001 
2.500001,2.491409,0.000000 3.750001,1.237113,-0.000001 3.750001,2.487113,-0.000001 
5.000001,1.232817,-0.000001 3.750001,2.487113,-0.000001 3.750001,1.237113,-0.000001 
2.500001,4.991409,0.000000 3.750001,3.737113,-0.000001 3.750001,4.987114,-0.000001 
5.000001,2.482818,-0.000001 5.000001,3.732818,-0.000001 3.750001,3.737113,-0.000001 
3.750001,4.987114,-0.000001 3.750001,3.737113,-0.000001 5.000001,3.732818,-0.000001 
5.000001,2.482818,-0.000001 3.750001,3.737113,-0.000001 3.750001,2.487113,-0.000001 
2.500001,4.991409,0.000000 2.500001,3.741409,0.000000 3.750001,3.737113,-0.000001 
3.750001,2.487113,-0.000001 3.750001,3.737113,-0.000001 2.500001,3.741409,0.000000 
7.500001,7.491409,0.000000 7.500001,8.745705,0.000000 6.250001,8.745705,0.000000 
7.500001,10.000001,0.000000 6.250001,10.000001,0.000000 7.500001,8.745705,0.000000 
6.250001,8.745705,0.000000 7.500001,8.745705,0.000000 6.250001,10.000001,0.000000 
10.000003,7.491409,0.000001 8.750001,7.491409,0.000000 10.000003,6.237113,0.000001 
7.500001,7.491409,0.000000 8.750001,6.237113,-0.000001 8.750001,7.491409,0.000000 
10.000003,6.237113,0.000001 8.750001,7.491409,0.000000 8.750001,6.237113,-0.000001 
7.500001,7.491409,0.000000 8.750001,7.491409,0.000000 7.500001,8.745705,0.000000 
10.000003,7.491409,0.000001 8.750001,8.745705,0.000000 8.750001,7.491409,0.000000 
7.500001,8.745705,0.000000 8.750001,7.491409,0.000000 8.750001,8.745705,0.000000 
5.000001,7.491409,0.000000 3.750001,7.491409,0.000000 5.000001,6.237114,-0.000001 
2.500001,7.491410,0.000000 3.750001,6.237114,-0.000001 3.750001,7.491409,0.000000 
5.000001,6.237114,-0.000001 3.750001,7.491409,0.000000 3.750001,6.237114,-0.000001 
2.500001,10.000001,0.000000 3.750001,8.745705,0.000000 3.750001,10.000001,0.000000 
5.000001,7.491409,0.000000 5.000001,8.745705,0.000000 3.750001,8.745705,0.000000 
3.750001,10.000001,0.000000 3.750001,8.745705,0.000000 5.000001,8.745705,0.000000 
5.000001,7.491409,0.000000 3.750001,8.745705,0.000000 3.750001,7.491409,0.000000 
2.500001,10.000001,0.000000 2.500001,8.745705,0.000000 3.750001,8.745705,0.000000 
3.750001,7.491409,0.000000 3.750001,8.745705,0.000000 2.500001,8.745705,0.000000 
5.000001,7.491409,0.000000 6.250001,7.491409,0.000000 5.000001,8.745705,0.000000 
7.500001,7.491409,0.000000 6.250001,8.745705,0.000000 6.250001,7.491409,0.000000 
5.000001,8.745705,0.000000 6.250001,7.491409,0.000000 6.250001,8.745705,0.000000 
7.500001,4.982818,-0.000001 6.250001,6.237114,-0.000001 6.250001,4.982818,-0.000001 
5.000001,7.491409,0.000000 5.000001,6.237114,-0.000001 6.250001,6.237114,-0.000001 
6.250001,4.982818,-0.000001 6.250001,6.237114,-0.000001 5.000001,6.237114,-0.000001 
5.000001,7.491409,0.000000 6.250001,6.237114,-0.000001 6.250001,7.491409,0.000000 
7.500001,4.982818,-0.000001 7.500001,6.237113,-0.000001 6.250001,6.237114,-0.000001 
6.250001,7.491409,0.000000 6.250001,6.237114,-0.000001 7.500001,6.237113,-0.000001 
1.531762,1.217028,5.000000 2.397518,1.937155,7.502419 1.304100,0.804907,10.000001 
0.886596,0.817209,5.000000 0.886596,0.817208,0.000000 1.773191,1.634416,0.000000 
0.886596,0.817209,5.000000 0.652051,0.414412,10.000000 0.000001,0.000001,10.000001 
8.422887,1.452327,5.000000 7.869972,2.105647,7.504646 8.835184,1.180982,10.000001 
9.014298,0.869030,5.000001 9.014298,0.869031,0.000001 8.028595,1.738061,0.000001 
9.014298,0.869030,5.000001 9.417592,0.589471,10.000001 10.000001,0.000000,10.000001 
1.540951,7.903576,5.000000 2.472457,7.139896,7.502419 1.464894,7.818135,10.000001 
0.812678,8.987478,5.000000 0.812678,8.987478,0.000000 1.625356,7.974956,0.000000 
0.812678,8.987478,5.000000 0.732448,8.910559,10.000000 0.000001,10.000000,10.000001 
9.296114,3.927371,7.498941 8.398799,1.981267,7.498940 7.411977,4.454820,0.000000 
8.835183,1.164405,10.000000 6.902167,3.029330,0.021134 7.411977,4.454820,0.000000 
7.940301,8.325710,5.000000 7.272578,7.216159,7.502419 7.852008,8.398437,10.000001 
9.014298,9.121958,5.000001 9.014298,9.121959,0.000000 8.028594,8.243918,0.000000 
9.014298,9.121958,5.000001 8.926006,9.187365,10.000001 10.000001,9.999998,10.000001 
5.603915,9.116114,10.000000 8.935027,9.191066,10.000000 10.000001,9.999999,10.000000 
5.603915,9.116114,10.000000 0.603917,9.116114,10.000001 1.207829,8.232228,10.000001 
0.652051,5.418866,10.000001 0.622359,9.263888,10.000001 0.000002,10.000000,10.000000 
0.652051,5.418866,10.000001 0.652050,0.418866,10.000001 1.304100,0.837732,10.000002 
9.207057,4.401234,8.903078 8.709764,0.742591,7.520871 10.000002,-0.000001,10.000001 
9.207057,4.401234,8.903078 9.207057,9.401233,8.903078 8.414113,8.802468,7.806155 
6.903214,3.028975,-0.031912 5.221758,3.490188,-0.004957 5.904226,3.298206,10.000000 
6.405106,3.163591,7.482984 7.870584,2.099144,7.482985 6.903214,3.028975,-0.031912 
1.250141,0.000000,10.000000 0.649353,0.414769,9.993121 0.000000,0.000001,10.000000 
0.649353,0.414769,9.993121 2.477687,0.060177,9.985237 1.298481,0.829537,10.000000 
2.477687,0.060177,9.985237 1.250141,0.000000,10.000000 3.169189,-0.000001,10.000001 
1.250141,0.000000,10.000000 2.477687,0.060177,9.985237 0.649353,0.414769,9.993121 
5.585893,2.556043,5.874937 7.460939,2.556043,5.874937 6.611813,3.067288,0.013189 
9.153648,0.852014,8.624979 8.124955,0.000000,10.000000 10.000001,0.000000,10.000000 
4.374863,0.000000,10.000000 3.528509,0.852014,8.624979 2.499818,0.000000,10.000000 
6.432247,1.704028,7.249958 7.278601,0.852014,8.624979 8.307293,1.704029,7.249958 
7.460939,2.556043,5.874937 6.432247,1.704028,7.249958 8.307293,1.704029,7.249958 
6.432247,1.704028,7.249958 5.585893,2.556043,5.874937 4.557201,1.704028,7.249958 
5.585893,2.556043,5.874937 6.432247,1.704028,7.249958 7.460939,2.556043,5.874937 
8.124955,0.000000,10.000000 7.278601,0.852014,8.624979 6.249909,0.000000,10.000000 
7.278601,0.852014,8.624979 9.153648,0.852014,8.624979 8.307293,1.704029,7.249958 
9.153648,0.852014,8.624979 7.278601,0.852014,8.624979 8.124955,0.000000,10.000000 
3.528509,0.852014,8.624979 5.403555,0.852014,8.624979 4.557201,1.704028,7.249958 
5.403555,0.852014,8.624979 4.374863,0.000000,10.000000 6.249909,0.000000,10.000000 
4.374863,0.000000,10.000000 5.403555,0.852014,8.624979 3.528509,0.852014,8.624979 
7.278601,0.852014,8.624979 5.403555,0.852014,8.624979 6.249909,0.000000,10.000000 
5.403555,0.852014,8.624979 6.432247,1.704028,7.249958 4.557201,1.704028,7.249958 
6.432247,1.704028,7.249958 5.403555,0.852014,8.624979 7.278601,0.852014,8.624979 
9.014298,0.869031,0.000001 10.000001,0.000000,5.000001 10.000001,0.000000,0.000001 
10.000001,0.000000,5.000001 9.014298,0.869030,5.000001 10.000001,0.000000,10.000001 
9.014298,0.869030,5.000001 10.000001,0.000000,5.000001 9.014298,0.869031,0.000001 
0.812678,8.987478,0.000000 0.000000,10.000000,5.000001 0.000000,10.000000,0.000001 
0.000000,10.000000,5.000001 0.812678,8.987478,5.000000 0.000001,10.000000,10.000001 
0.812678,8.987478,5.000000 0.000000,10.000000,5.000001 0.812678,8.987478,0.000000 
0.732448,8.910559,10.000000 1.545125,7.898037,5.000000 1.464894,7.821118,10.000000 
1.545125,7.898037,5.000000 0.812678,8.987478,5.000000 1.625356,7.974956,0.000000 
0.812678,8.987478,5.000000 1.545125,7.898037,5.000000 0.732448,8.910559,10.000000 
0.886596,0.817208,0.000000 0.000001,0.000000,5.000001 0.000001,0.000000,0.000001 
0.000001,0.000000,5.000001 0.886596,0.817209,5.000000 0.000001,0.000001,10.000001 
0.886596,0.817209,5.000000 0.000001,0.000000,5.000001 0.886596,0.817208,0.000000 
0.652051,0.414412,10.000000 1.538646,1.231619,5.000000 1.304101,0.828822,10.000000 
1.538646,1.231619,5.000000 0.886596,0.817209,5.000000 1.773191,1.634416,0.000000 
0.886596,0.817209,5.000000 1.538646,1.231619,5.000000 0.652051,0.414412,10.000000 
2.397518,1.937155,7.502419 2.781755,1.974248,0.000001 3.488165,3.069403,0.006956 
2.781755,1.974248,0.000001 1.531762,1.217028,5.000000 1.759425,1.629148,0.000000 
1.531762,1.217028,5.000000 2.781755,1.974248,0.000001 2.397518,1.937155,7.502419 
2.472457,7.139896,7.502419 2.705088,6.850311,0.000001 3.477248,6.461658,0.006956 
2.705088,6.850311,0.000001 1.540951,7.903576,5.000000 1.617007,7.989018,0.000000 
1.540951,7.903576,5.000000 2.705088,6.850311,0.000001 2.472457,7.139896,7.502419 
9.014298,9.121959,0.000000 10.000001,9.999999,5.000001 10.000001,9.999999,0.000001 
10.000001,9.999999,5.000001 9.014298,9.121958,5.000001 10.000001,9.999998,10.000001 
9.014298,9.121958,5.000001 10.000001,9.999999,5.000001 9.014298,9.121959,0.000000 
8.926006,9.187365,10.000001 7.940301,8.309325,5.000000 7.852008,8.374732,10.000000 
7.940301,8.309325,5.000000 9.014298,9.121958,5.000001 8.028594,8.243918,0.000000 
9.014298,9.121958,5.000001 7.940301,8.309325,5.000000 8.926006,9.187365,10.000001 
7.272578,7.216159,7.502419 7.787108,7.143432,-0.000001 6.690377,6.033881,0.006956 
7.787108,7.143432,-0.000001 7.940301,8.325710,5.000000 8.028594,8.252984,0.000000 
7.940301,8.325710,5.000000 7.787108,7.143432,-0.000001 7.272578,7.216159,7.502419 
9.417592,0.589471,10.000001 8.431889,1.458502,5.000001 8.835184,1.178943,10.000000 
8.431889,1.458502,5.000001 9.014298,0.869030,5.000001 8.028595,1.738061,0.000001 
9.014298,0.869030,5.000001 8.431889,1.458502,5.000001 9.417592,0.589471,10.000001 
7.869972,2.105647,7.504646 7.883912,2.376992,0.002226 6.901988,3.030312,0.011410 
7.883912,2.376992,0.002226 8.422887,1.452327,5.000000 8.010590,1.723672,-0.000001 
8.422887,1.452327,5.000000 7.883912,2.376992,0.002226 7.869972,2.105647,7.504646 
9.603528,9.700616,9.451540 10.000000,7.499999,10.000001 10.000000,9.999999,10.000001 
10.000001,2.499999,10.000001 9.603529,2.200616,9.451540 10.000002,-0.000001,10.000001 
9.207057,4.401234,8.903078 10.000001,4.999999,10.000001 9.207057,9.401233,8.903078 
8.480075,1.987009,8.749470 9.126388,1.805434,10.000000 8.835183,1.164405,10.000000 
9.417592,2.446464,10.000000 9.296114,3.927371,7.498941 10.000001,3.728522,10.000000 
9.296114,3.927371,7.498941 9.417592,2.446464,10.000000 8.398799,1.981267,7.498940 
8.709764,0.742591,7.520871 7.916820,5.143825,6.423948 7.419528,1.485183,5.041740 
7.916820,5.143825,6.423948 9.207057,4.401234,8.903078 8.414113,8.802468,7.806155 
9.207057,4.401234,8.903078 7.916820,5.143825,6.423948 8.709764,0.742591,7.520871 
0.652050,0.418866,10.000001 0.000001,5.000001,10.000000 0.000000,0.000001,10.000000 
0.000001,5.000001,10.000000 0.652051,5.418866,10.000001 0.000002,10.000000,10.000000 
0.652051,5.418866,10.000001 0.000001,5.000001,10.000000 0.652050,0.418866,10.000001 
0.622359,9.263888,10.000001 1.274408,4.682753,10.000002 1.244716,8.527776,10.000002 
1.274408,4.682753,10.000002 0.652051,5.418866,10.000001 1.304100,0.837732,10.000002 
0.652051,5.418866,10.000001 1.274408,4.682753,10.000002 0.622359,9.263888,10.000001 
0.603917,9.116114,10.000001 5.000004,10.000000,10.000000 0.000006,10.000000,10.000001 
5.000004,10.000000,10.000000 5.603915,9.116114,10.000000 10.000001,9.999999,10.000000 
5.603915,9.116114,10.000000 5.000004,10.000000,10.000000 0.603917,9.116114,10.000001 
7.870584,2.099144,7.482985 7.369705,2.233760,10.000000 8.835183,1.169314,10.000001 
7.369705,2.233760,10.000000 6.405106,3.163591,7.482984 5.904226,3.298206,10.000000 
6.405106,3.163591,7.482984 7.369705,2.233760,10.000000 7.870584,2.099144,7.482985 
9.603529,2.200616,9.451540 9.603529,4.700616,9.451540 9.207057,4.401234,8.903078 
9.603529,4.700616,9.451540 10.000001,2.499999,10.000001 10.000001,4.999999,10.000001 
10.000001,2.499999,10.000001 9.603529,4.700616,9.451540 9.603529,2.200616,9.451540 
9.126388,1.805434,10.000000 8.771279,2.628038,8.749470 9.417592,2.446464,10.000000 
8.771279,2.628038,8.749470 8.480075,1.987009,8.749470 8.398799,1.981267,7.498940 
8.480075,1.987009,8.749470 8.771279,2.628038,8.749470 9.126388,1.805434,10.000000 
10.000000,7.499999,10.000001 9.603529,7.200616,9.451540 10.000001,4.999999,10.000001 
9.603529,7.200616,9.451540 9.603528,9.700616,9.451540 9.207057,9.401233,8.903078 
9.603528,9.700616,9.451540 9.603529,7.200616,9.451540 10.000000,7.499999,10.000001 
3.842748,9.909603,10.000001 3.267149,9.032533,7.498941 3.034575,9.819206,10.000001 
3.267149,9.032533,7.498941 4.522316,9.223336,7.498941 4.049573,6.822080,0.000000 
4.522316,9.223336,7.498941 3.267149,9.032533,7.498941 3.842748,9.909603,10.000001 
8.935027,9.191066,10.000000 4.538941,8.307181,10.000001 7.870053,8.382133,10.000001 
4.538941,8.307181,10.000001 5.603915,9.116114,10.000000 1.207829,8.232228,10.000001 
5.603915,9.116114,10.000000 4.538941,8.307181,10.000001 8.935027,9.191066,10.000000 
