7.334690,4.754026,4.997882 7.414748,4.454820,4.997882 10.000002,3.728522,0.000001 
7.334690,4.754026,4.997882 9.829385,4.565029,0.000001 10.000002,3.728522,0.000001 
7.190587,5.246839,4.997882 7.334690,4.754026,4.997882 9.829385,4.565029,0.000001 
7.190587,5.246839,4.997882 9.499540,5.580542,0.000001 9.829385,4.565029,0.000001 
7.062496,5.528447,4.997882 7.190587,5.246839,4.997882 9.499540,5.580542,0.000001 
7.062496,5.528447,4.997882 9.268648,6.331139,0.000001 9.499540,5.580542,0.000001 
6.850344,5.766053,4.997882 7.062496,5.528447,4.997882 9.268648,6.331139,0.000001 
6.850344,5.766053,4.997882 8.872834,7.037583,0.000001 9.268648,6.331139,0.000001 
6.646197,6.069660,4.997882 6.850344,5.766053,4.997882 8.872834,7.037583,0.000001 
6.646197,6.069660,4.997882 8.468456,7.773527,0.000001 8.872834,7.037583,0.000001 
6.394018,6.307266,4.997881 6.646197,6.069660,4.997882 8.468456,7.773527,0.000001 
6.394018,6.307266,4.997881 7.916283,8.362165,0.000001 8.468456,7.773527,0.000001 
6.153845,6.531672,4.997881 6.394018,6.307266,4.997881 7.916283,8.362165,0.000001 
6.153845,6.531672,4.997881 7.388530,8.936151,0.000001 7.916283,8.362165,0.000001 
5.793589,6.716477,4.997882 6.153845,6.531672,4.997881 7.388530,8.936151,0.000001 
5.793589,6.716477,4.997882 6.926747,9.333525,0.000001 7.388530,8.936151,0.000001 
5.469357,6.835280,4.997882 5.793589,6.716477,4.997882 6.926747,9.333525,0.000001 
5.469357,6.835280,4.997882 6.464965,9.642595,0.000001 6.926747,9.333525,0.000001 
4.820893,6.940882,4.997882 5.469357,6.835280,4.997882 6.464965,9.642595,0.000001 
4.820893,6.940882,4.997882 5.541398,9.951664,0.000001 6.464965,9.642595,0.000001 
4.412602,6.914482,4.997882 4.820893,6.940882,4.997882 5.541398,9.951664,0.000001 
4.412602,6.914482,4.997882 4.650921,10.000000,0.000001 5.541398,9.951664,0.000001 
4.052344,6.822079,4.997882 4.412602,6.914482,4.997882 4.650921,10.000000,0.000001 
4.052344,6.822079,4.997882 3.034575,9.819206,0.000001 4.650921,10.000000,0.000001 
3.668070,6.624074,4.997882 4.052344,6.822079,4.997882 3.034575,9.819206,0.000001 
3.668070,6.624074,4.997882 2.012055,8.980304,0.000001 3.034575,9.819206,0.000001 
3.163709,6.188463,4.997882 3.668070,6.624074,4.997882 2.012055,8.980304,0.000001 
3.163709,6.188463,4.997882 1.055505,8.097249,0.000001 2.012055,8.980304,0.000001 
2.863495,5.752852,4.997882 3.163709,6.188463,4.997882 1.055505,8.097249,0.000001 
2.863495,5.752852,4.997882 0.626706,6.993430,0.000000 1.055505,8.097249,0.000001 
2.695375,5.343642,4.997882 2.863495,5.752852,4.997882 0.626706,6.993430,0.000000 
2.695375,5.343642,4.997882 0.131938,5.624695,0.000000 0.626706,6.993430,0.000000 
2.611315,4.974032,4.997882 2.695375,5.343642,4.997882 0.131938,5.624695,0.000000 
2.611315,4.974032,4.997882 -0.000000,4.476724,0.000000 0.131938,5.624695,0.000000 
2.599306,4.578022,4.997882 2.611315,4.974032,4.997882 -0.000000,4.476724,0.000000 
2.671358,4.166171,4.997882 0.098954,3.372906,0.000000 -0.000000,4.476724,0.000000 
2.671358,4.166171,4.997882 2.599306,4.578022,4.997882 -0.000000,4.476724,0.000000 
2.779435,3.822963,4.997882 0.334870,2.658226,0.000000 0.098954,3.372906,0.000000 
2.779435,3.822963,4.997882 2.671358,4.166171,4.997882 0.098954,3.372906,0.000000 
2.923538,3.611758,4.997882 2.779435,3.822963,4.997882 0.334870,2.658226,0.000000 
2.923538,3.611758,4.997882 0.758644,1.739254,0.000000 0.334870,2.658226,0.000000 
3.127684,3.334550,4.997882 2.923538,3.611758,4.997882 0.758644,1.739254,0.000000 
3.127684,3.334550,4.997882 1.154458,0.944505,0.000000 0.758644,1.739254,0.000000 
3.317241,3.164286,4.997882 3.127684,3.334550,4.997882 1.154458,0.944505,0.000000 
3.317241,3.164286,4.997882 1.946086,0.370519,0.000000 1.154458,0.944505,0.000000 
3.535975,3.030942,4.997882 3.317241,3.164286,4.997882 1.946086,0.370519,0.000000 
3.535975,3.030942,4.997882 2.473839,0.061450,0.000000 1.946086,0.370519,0.000000 
3.836190,2.912139,4.997882 3.535975,3.030942,4.997882 2.473839,0.061450,0.000000 
3.836190,2.912139,4.997882 3.169190,-0.000001,0.000000 2.473839,0.061450,0.000000 
4.124396,2.898939,4.997882 3.836190,2.912139,4.997882 3.169190,-0.000001,0.000000 
4.460636,2.925340,4.997882 4.124396,2.898939,4.997882 3.169190,-0.000001,0.000000 
4.460636,2.925340,4.997882 3.991126,0.061450,0.000000 3.169190,-0.000001,0.000000 
4.700808,3.017742,4.997882 4.460636,2.925340,4.997882 3.991126,0.061450,0.000000 
4.700808,3.017742,4.997882 4.683801,0.458825,0.000000 3.991126,0.061450,0.000000 
4.904954,3.136546,4.997882 4.700808,3.017742,4.997882 4.683801,0.458825,0.000000 
4.904954,3.136546,4.997882 5.211553,1.032811,0.000000 4.683801,0.458825,0.000000 
5.085083,3.294949,4.997882 4.904954,3.136546,4.997882 5.211553,1.032811,0.000000 
5.085083,3.294949,4.997882 5.706320,1.783408,0.000000 5.211553,1.032811,0.000000 
5.229186,3.506154,4.997882 5.085083,3.294949,4.997882 5.706320,1.783408,0.000000 
5.229186,3.506154,4.997882 5.805274,2.489851,0.000000 5.706320,1.783408,0.000000 
5.337263,3.677759,4.997882 5.229186,3.506154,4.997882 5.805274,2.489851,0.000000 
5.337263,3.677759,4.997882 5.904227,3.417058,0.000000 5.805274,2.489851,0.000000 
5.397306,3.981366,4.997882 5.337263,3.677759,4.997882 5.904227,3.417058,0.000000 
5.397306,3.981366,4.997882 5.706320,4.388419,0.000000 5.904227,3.417058,0.000000 
5.409314,4.284974,4.997882 5.397306,3.981366,4.997882 5.706320,4.388419,0.000000 
5.409314,4.284974,4.997882 5.277522,5.183168,0.000000 5.706320,4.388419,0.000000 
5.325254,4.588582,4.997882 5.409314,4.284974,4.997882 5.277522,5.183168,0.000000 
5.325254,4.588582,4.997882 4.683801,5.492237,0.000000 5.277522,5.183168,0.000000 
5.229186,4.812989,4.997882 5.325254,4.588582,4.997882 4.683801,5.492237,0.000000 
5.229186,4.812989,4.997882 3.769737,5.670713,0.000000 4.683801,5.492237,0.000000 
5.061064,4.997793,4.997882 5.229186,4.812989,4.997882 3.769737,5.670713,0.000000 
5.061064,4.997793,4.997882 3.281909,5.482172,0.000000 3.769737,5.670713,0.000000 
4.520679,5.222198,4.997882 5.061064,4.997793,4.997882 3.281909,5.482172,0.000000 
2.997805,5.252298,0.000000 4.520679,5.222198,4.997882 3.281909,5.482172,0.000000 
2.997805,5.252298,0.000000 4.064353,5.076994,4.997882 4.520679,5.222198,4.997882 
2.997805,5.252298,0.000000 4.064353,5.076994,4.997882 2.671746,4.520877,0.000000 
3.944267,4.944991,4.997882 4.064353,5.076994,4.997882 2.671746,4.520877,0.000000 
3.944267,4.944991,4.997882 2.539808,3.991044,0.000000 2.671746,4.520877,0.000000 
3.836190,4.746986,4.997882 3.944267,4.944991,4.997882 2.539808,3.991044,0.000000 
3.836190,4.746986,4.997882 2.539808,3.991044,0.000000 2.638761,3.372906,0.000000 
3.776147,4.548982,4.997882 3.836190,4.746986,4.997882 2.638761,3.372906,0.000000 
3.776147,4.548982,4.997882 2.836668,2.843073,0.000000 2.638761,3.372906,0.000000 
3.800164,4.311375,4.997882 3.776147,4.548982,4.997882 2.836668,2.843073,0.000000 
3.800164,4.311375,4.997882 3.265467,2.489851,0.000000 2.836668,2.843073,0.000000 
3.884224,4.139770,4.997882 3.800164,4.311375,4.997882 3.265467,2.489851,0.000000 
3.884224,4.139770,4.997882 3.399048,2.363186,0.000000 3.265467,2.489851,0.000000 
4.004310,3.968166,4.997882 3.884224,4.139770,4.997882 3.399048,2.363186,0.000000 
3.730289,2.369491,0.000001 4.004310,3.968166,4.997882 3.399048,2.363186,0.000000 
3.730289,2.369491,0.000001 4.208456,3.888965,4.997882 4.004310,3.968166,4.997882 
3.730289,2.369491,0.000001 4.208456,3.888965,4.997882 4.287986,2.710615,0.000000 
4.400593,3.888965,4.997882 4.208456,3.888965,4.997882 4.287986,2.710615,0.000000 
4.400593,3.888965,4.997882 4.485893,3.196294,0.000000 4.287986,2.710615,0.000000 
4.568714,3.968166,4.997882 4.400593,3.888965,4.997882 4.485893,3.196294,0.000000 
4.568714,3.968166,4.997882 4.485893,3.196294,0.000000 4.518878,3.505364,0.000000 
4.652774,4.060568,4.997882 4.568714,3.968166,4.997882 4.518878,3.505364,0.000000 
4.652774,4.060568,4.997882 4.367264,3.926966,0.000000 4.518878,3.505364,0.000000 
4.736834,4.245374,4.997882 4.652774,4.060568,4.997882 4.367264,3.926966,0.000000 
4.736834,4.245374,4.997882 4.260132,4.181283,0.000000 4.367264,3.926966,0.000000 
4.736834,4.403777,4.997882 4.736834,4.245374,4.997882 4.260132,4.181283,0.000000 
4.736834,4.403777,4.997882 4.146432,4.320721,-0.000001 4.260132,4.181283,0.000000 
4.640765,4.522580,4.997882 4.736834,4.403777,4.997882 4.146432,4.320721,-0.000001 
3.835004,4.312252,0.000001 4.640765,4.522580,4.997882 4.146432,4.320721,-0.000001 
3.835004,4.312252,0.000001 4.472645,4.667785,4.997882 4.640765,4.522580,4.997882 
3.587896,4.178662,0.000001 3.835004,4.312252,0.000001 4.472645,4.667785,4.997882 
3.587896,4.178662,0.000001 4.364567,4.654584,4.997882 4.472645,4.667785,4.997882 
3.587896,4.178662,0.000001 4.364567,4.654584,4.997882 3.397405,3.946891,0.000000 
4.208456,4.509380,4.997882 4.364567,4.654584,4.997882 3.397405,3.946891,0.000000 
4.208456,4.509380,4.997882 3.364420,3.549517,0.000000 3.397405,3.946891,0.000000 
4.196448,4.390577,4.997882 4.208456,4.509380,4.997882 3.364420,3.549517,0.000000 
4.196448,4.390577,4.997882 3.463374,3.284601,0.000000 3.364420,3.549517,0.000000 
4.244482,4.284974,4.997882 4.196448,4.390577,4.997882 3.463374,3.284601,0.000000 
4.244482,4.284974,4.997882 3.694266,3.107989,0.000000 3.463374,3.284601,0.000000 
4.364567,4.205772,4.997882 4.244482,4.284974,4.997882 3.694266,3.107989,0.000000 
3.882600,3.149233,0.000000 4.364567,4.205772,4.997882 3.694266,3.107989,0.000000 
3.882600,3.149233,0.000000 4.364567,4.205772,4.997882 3.973515,3.343238,0.000000 
4.496662,4.284974,4.997882 4.364567,4.205772,4.997882 3.973515,3.343238,0.000000 
4.484654,4.364177,4.997882 4.496662,4.284974,4.997882 3.973515,3.343238,0.000000 
4.484654,4.364177,4.997882 3.826204,3.902738,0.000000 3.973515,3.343238,0.000000 
4.424611,4.456580,4.997882 4.484654,4.364177,4.997882 3.826204,3.902738,0.000000 
4.424611,4.456580,4.997882 3.628297,3.593669,0.000000 3.826204,3.902738,0.000000 
4.316533,4.390577,4.997882 4.424611,4.456580,4.997882 3.628297,3.593669,0.000000 
7.334691,4.754026,4.997881 7.414748,4.454820,4.997881 9.999999,3.728522,10.000001 
7.334691,4.754026,4.997881 9.829384,4.565029,10.000001 9.999999,3.728522,10.000001 
7.190588,5.246839,4.997881 7.334691,4.754026,4.997881 9.829384,4.565029,10.000001 
7.190588,5.246839,4.997881 9.499539,5.580542,10.000001 9.829384,4.565029,10.000001 
7.062496,5.528447,4.997881 7.190588,5.246839,4.997881 9.499539,5.580542,10.000001 
7.062496,5.528447,4.997881 9.268647,6.331139,10.000001 9.499539,5.580542,10.000001 
6.850344,5.766053,4.997881 7.062496,5.528447,4.997881 9.268647,6.331139,10.000001 
6.850344,5.766053,4.997881 8.872833,7.037583,10.000001 9.268647,6.331139,10.000001 
6.646197,6.069660,4.997881 6.850344,5.766053,4.997881 8.872833,7.037583,10.000001 
6.646197,6.069660,4.997881 8.468456,7.773526,10.000001 8.872833,7.037583,10.000001 
6.394018,6.307266,4.997881 6.646197,6.069660,4.997881 8.468456,7.773526,10.000001 
6.394018,6.307266,4.997881 7.916283,8.362165,10.000001 8.468456,7.773526,10.000001 
6.153845,6.531672,4.997881 6.394018,6.307266,4.997881 7.916283,8.362165,10.000001 
6.153845,6.531672,4.997881 7.388529,8.936151,10.000001 7.916283,8.362165,10.000001 
5.793589,6.716477,4.997881 6.153845,6.531672,4.997881 7.388529,8.936151,10.000001 
5.793589,6.716477,4.997881 6.926747,9.333525,10.000001 7.388529,8.936151,10.000001 
5.469357,6.835280,4.997881 5.793589,6.716477,4.997881 6.926747,9.333525,10.000001 
5.469357,6.835280,4.997881 6.464964,9.642594,10.000001 6.926747,9.333525,10.000001 
4.820893,6.940882,4.997881 5.469357,6.835280,4.997881 6.464964,9.642594,10.000001 
4.820893,6.940882,4.997881 5.541398,9.951664,10.000001 6.464964,9.642594,10.000001 
4.412602,6.914482,4.997881 4.820893,6.940882,4.997881 5.541398,9.951664,10.000001 
4.412602,6.914482,4.997881 4.650921,9.999999,10.000001 5.541398,9.951664,10.000001 
4.052344,6.822079,4.997881 4.412602,6.914482,4.997881 4.650921,9.999999,10.000001 
4.351632,8.411039,7.498941 3.842748,9.909602,10.000001 4.650921,9.999999,10.000001 
3.668070,6.624074,4.997881 4.052344,6.822079,4.997881 3.034575,9.819205,10.000001 
3.668070,6.624074,4.997881 2.012055,8.980303,10.000001 3.034575,9.819205,10.000001 
3.163709,6.188463,4.997881 3.668070,6.624074,4.997881 2.012055,8.980303,10.000001 
3.163709,6.188463,4.997881 1.055504,8.097248,10.000001 2.012055,8.980303,10.000001 
2.863495,5.752852,4.997881 3.163709,6.188463,4.997881 1.055504,8.097248,10.000001 
2.863495,5.752852,4.997881 0.626705,6.993430,10.000001 1.055504,8.097248,10.000001 
2.695375,5.343642,4.997881 2.863495,5.752852,4.997881 0.626705,6.993430,10.000001 
2.695375,5.343642,4.997881 0.131938,5.624695,10.000000 0.626705,6.993430,10.000001 
2.611315,4.974032,4.997881 2.695375,5.343642,4.997881 0.131938,5.624695,10.000000 
2.611315,4.974032,4.997881 -0.000000,4.476724,10.000000 0.131938,5.624695,10.000000 
2.599306,4.578021,4.997881 2.611315,4.974032,4.997881 -0.000000,4.476724,10.000000 
2.671358,4.166171,4.997882 0.098953,3.372906,10.000000 -0.000000,4.476724,10.000000 
2.671358,4.166171,4.997882 2.599306,4.578021,4.997881 -0.000000,4.476724,10.000000 
2.779435,3.822963,4.997882 0.334870,2.658226,10.000000 0.098953,3.372906,10.000000 
2.779435,3.822963,4.997882 2.671358,4.166171,4.997882 0.098953,3.372906,10.000000 
2.923538,3.611758,4.997882 2.779435,3.822963,4.997882 0.334870,2.658226,10.000000 
2.923538,3.611758,4.997882 0.758643,1.739254,10.000000 0.334870,2.658226,10.000000 
3.127684,3.334550,4.997882 2.923538,3.611758,4.997882 0.758643,1.739254,10.000000 
3.127684,3.334550,4.997882 1.154457,0.944505,10.000000 0.758643,1.739254,10.000000 
3.317241,3.164286,4.997882 3.127684,3.334550,4.997882 1.154457,0.944505,10.000000 
3.317241,3.164286,4.997882 1.946086,0.370519,10.000000 1.154457,0.944505,10.000000 
3.535976,3.030942,4.997882 3.317241,3.164286,4.997882 1.946086,0.370519,10.000000 
3.535976,3.030942,4.997882 2.473838,0.061450,10.000000 1.946086,0.370519,10.000000 
3.836190,2.912139,4.997882 3.535976,3.030942,4.997882 2.473838,0.061450,10.000000 
3.836190,2.912139,4.997882 3.169190,-0.000001,10.000000 2.473838,0.061450,10.000000 
4.124396,2.898939,4.997882 3.836190,2.912139,4.997882 3.169190,-0.000001,10.000000 
4.460636,2.925340,4.997882 4.124396,2.898939,4.997882 3.169190,-0.000001,10.000000 
4.460636,2.925340,4.997882 3.991126,0.061450,10.000000 3.169190,-0.000001,10.000000 
4.700808,3.017742,4.997881 4.460636,2.925340,4.997882 3.991126,0.061450,10.000000 
4.700808,3.017742,4.997881 4.683799,0.458824,10.000000 3.991126,0.061450,10.000000 
4.904954,3.136546,4.997881 4.700808,3.017742,4.997881 4.683799,0.458824,10.000000 
4.904954,3.136546,4.997881 5.211553,1.032811,10.000000 4.683799,0.458824,10.000000 
5.085083,3.294949,4.997881 4.904954,3.136546,4.997881 5.211553,1.032811,10.000000 
5.085083,3.294949,4.997881 5.706320,1.783407,10.000000 5.211553,1.032811,10.000000 
5.229186,3.506154,4.997881 5.085083,3.294949,4.997881 5.706320,1.783407,10.000000 
5.229186,3.506154,4.997881 5.805274,2.489850,10.000000 5.706320,1.783407,10.000000 
5.337263,3.677759,4.997881 5.229186,3.506154,4.997881 5.805274,2.489850,10.000000 
5.337263,3.677759,4.997881 5.904226,3.417058,10.000001 5.805274,2.489850,10.000000 
5.397306,3.981366,4.997881 5.337263,3.677759,4.997881 5.904226,3.417058,10.000001 
5.397306,3.981366,4.997881 5.706320,4.388419,10.000001 5.904226,3.417058,10.000001 
5.409314,4.284974,4.997881 5.397306,3.981366,4.997881 5.706320,4.388419,10.000001 
5.409314,4.284974,4.997881 5.277522,5.183167,10.000001 5.706320,4.388419,10.000001 
5.325254,4.588582,4.997881 5.409314,4.284974,4.997881 5.277522,5.183167,10.000001 
5.325254,4.588582,4.997881 4.683799,5.492237,10.000001 5.277522,5.183167,10.000001 
5.229186,4.812989,4.997881 5.325254,4.588582,4.997881 4.683799,5.492237,10.000001 
5.229186,4.812989,4.997881 3.769736,5.670712,10.000001 4.683799,5.492237,10.000001 
5.061064,4.997794,4.997881 5.229186,4.812989,4.997881 3.769736,5.670712,10.000001 
5.061064,4.997794,4.997881 3.281908,5.482172,10.000001 3.769736,5.670712,10.000001 
4.520679,5.222198,4.997881 5.061064,4.997794,4.997881 3.281908,5.482172,10.000001 
2.997804,5.252298,10.000001 4.520679,5.222198,4.997881 3.281908,5.482172,10.000001 
2.997804,5.252298,10.000001 4.064353,5.076994,4.997881 4.520679,5.222198,4.997881 
2.997804,5.252298,10.000001 4.064353,5.076994,4.997881 2.671745,4.520876,10.000000 
3.944267,4.944991,4.997881 4.064353,5.076994,4.997881 2.671745,4.520876,10.000000 
3.944267,4.944991,4.997881 2.539807,3.991044,10.000000 2.671745,4.520876,10.000000 
3.836190,4.746986,4.997881 3.944267,4.944991,4.997881 2.539807,3.991044,10.000000 
3.836190,4.746986,4.997881 2.539807,3.991044,10.000000 2.638761,3.372906,10.000000 
3.776147,4.548982,4.997881 3.836190,4.746986,4.997881 2.638761,3.372906,10.000000 
3.776147,4.548982,4.997881 2.836668,2.843072,10.000000 2.638761,3.372906,10.000000 
3.800164,4.311375,4.997881 3.776147,4.548982,4.997881 2.836668,2.843072,10.000000 
3.800164,4.311375,4.997881 3.265466,2.489850,10.000000 2.836668,2.843072,10.000000 
3.884224,4.139770,4.997881 3.800164,4.311375,4.997881 3.265466,2.489850,10.000000 
3.884224,4.139770,4.997881 3.399047,2.363186,10.000000 3.265466,2.489850,10.000000 
4.004310,3.968166,4.997881 3.884224,4.139770,4.997881 3.399047,2.363186,10.000000 
3.731115,2.369491,10.000001 4.004310,3.968166,4.997881 3.399047,2.363186,10.000000 
3.731115,2.369491,10.000001 4.208456,3.888965,4.997881 4.004310,3.968166,4.997881 
3.731115,2.369491,10.000001 4.208456,3.888965,4.997881 4.287986,2.710615,10.000000 
4.400593,3.888965,4.997881 4.208456,3.888965,4.997881 4.287986,2.710615,10.000000 
4.400593,3.888965,4.997881 4.485892,3.196294,10.000000 4.287986,2.710615,10.000000 
4.568714,3.968166,4.997881 4.400593,3.888965,4.997881 4.485892,3.196294,10.000000 
4.568714,3.968166,4.997881 4.485892,3.196294,10.000000 4.518878,3.505363,10.000000 
4.652773,4.060568,4.997881 4.568714,3.968166,4.997881 4.518878,3.505363,10.000000 
4.652773,4.060568,4.997881 4.367611,3.926965,10.000000 4.518878,3.505363,10.000000 
4.736834,4.245374,4.997881 4.652773,4.060568,4.997881 4.367611,3.926965,10.000000 
4.736834,4.245374,4.997881 4.261025,4.181282,10.000000 4.367611,3.926965,10.000000 
4.736834,4.403777,4.997881 4.736834,4.245374,4.997881 4.261025,4.181282,10.000000 
4.736834,4.403777,4.997881 4.146413,4.320721,10.000000 4.261025,4.181282,10.000000 
4.640765,4.522580,4.997881 4.736834,4.403777,4.997881 4.146413,4.320721,10.000000 
3.835765,4.312252,10.000001 4.640765,4.522580,4.997881 4.146413,4.320721,10.000000 
3.835765,4.312252,10.000001 4.472645,4.667785,4.997881 4.640765,4.522580,4.997881 
3.588010,4.178662,10.000001 3.835765,4.312252,10.000001 4.472645,4.667785,4.997881 
3.588010,4.178662,10.000001 4.364567,4.654583,4.997881 4.472645,4.667785,4.997881 
3.588010,4.178662,10.000001 4.364567,4.654583,4.997881 3.397404,3.946891,10.000000 
4.208456,4.509380,4.997881 4.364567,4.654583,4.997881 3.397404,3.946891,10.000000 
4.208456,4.509380,4.997881 3.364420,3.549517,10.000000 3.397404,3.946891,10.000000 
4.196447,4.390577,4.997881 4.208456,4.509380,4.997881 3.364420,3.549517,10.000000 
4.196447,4.390577,4.997881 3.463373,3.284601,10.000000 3.364420,3.549517,10.000000 
4.244482,4.284974,4.997881 4.196447,4.390577,4.997881 3.463373,3.284601,10.000000 
4.244482,4.284974,4.997881 3.694265,3.107989,10.000000 3.463373,3.284601,10.000000 
4.364567,4.205772,4.997881 4.244482,4.284974,4.997881 3.694265,3.107989,10.000000 
3.882570,3.149232,9.996426 4.364567,4.205772,4.997881 3.694265,3.107989,10.000000 
3.882570,3.149232,9.996426 4.364567,4.205772,4.997881 3.973514,3.343237,10.000000 
4.496662,4.284974,4.997881 4.364567,4.205772,4.997881 3.973514,3.343237,10.000000 
4.484654,4.364177,4.997881 4.496662,4.284974,4.997881 3.973514,3.343237,10.000000 
4.484654,4.364177,4.997881 3.826203,3.902738,10.000000 3.973514,3.343237,10.000000 
4.424611,4.456580,4.997881 4.484654,4.364177,4.997881 3.826203,3.902738,10.000000 
4.424611,4.456580,4.997881 3.628296,3.593669,10.000000 3.826203,3.902738,10.000000 
4.316533,4.390577,4.997881 4.424611,4.456580,4.997881 3.628296,3.593669,10.000000 
0.000001,10.000000,0.000000 0.000001,8.750000,0.000000 1.250001,8.745704,0.000000 
10.000002,-0.000001,0.000001 10.000003,1.219929,0.000001 8.750001,1.219929,-0.000001 
0.000001,0.000000,0.000000 1.250140,-0.000002,0.000000 0.000001,1.250000,0.000000 
10.000002,-0.000001,0.000001 8.750001,1.219929,-0.000001 8.749984,-0.000001,-0.000001 
0.000001,5.000000,0.000000 1.250001,3.745705,0.000000 1.250001,4.995705,0.000000 
10.000002,9.999998,0.000001 8.750001,10.000000,0.000000 10.000003,8.745704,0.000001 
0.000001,10.000000,0.000000 1.250001,8.745704,0.000000 1.250001,10.000000,0.000000 
10.000003,4.982817,0.000001 8.750001,6.237112,-0.000001 8.750001,4.982818,-0.000001 
0.000001,5.000000,0.000000 1.250001,4.995705,0.000000 0.000001,6.250000,0.000000 
5.000001,4.982818,-0.000001 3.750001,6.237113,-0.000001 3.750001,4.987113,-0.000001 
0.000001,7.500000,0.000000 1.250001,6.245704,0.000000 1.250001,7.495704,0.000000 
10.000003,4.982817,0.000001 8.750001,4.982818,-0.000001 10.000003,3.728521,0.000001 
5.000001,4.982818,-0.000001 6.250001,3.728521,-0.000001 6.250001,4.982818,-0.000001 
10.000003,2.474225,0.000001 8.750001,3.728521,-0.000001 8.750001,2.474225,-0.000001 
5.000003,-0.000001,-0.000001 3.750001,1.237112,-0.000001 3.750000,-0.000001,-0.000001 
0.000001,5.000000,0.000000 0.000001,3.750000,0.000000 1.250001,3.745705,0.000000 
2.499819,-0.000001,0.000000 2.500001,1.241409,0.000000 1.250001,1.245704,0.000000 
5.000001,4.982818,-0.000001 5.000001,3.732818,-0.000001 6.250001,3.728521,-0.000001 
5.000003,-0.000001,-0.000001 6.250001,-0.000721,-0.000001 5.000001,1.232816,-0.000001 
7.500001,2.474225,-0.000001 6.250001,2.478521,-0.000001 7.500001,1.224225,-0.000001 
5.000003,-0.000001,-0.000001 5.000001,1.232816,-0.000001 3.750001,1.237112,-0.000001 
5.000001,4.982818,-0.000001 3.750001,4.987113,-0.000001 5.000001,3.732818,-0.000001 
2.500001,2.491408,0.000000 3.750001,2.487112,-0.000001 2.500001,3.741408,0.000000 
5.000001,10.000000,0.000000 6.250001,8.745704,0.000000 6.250001,10.000000,0.000000 
10.000003,4.982817,0.000001 10.000003,6.237112,0.000001 8.750001,6.237112,-0.000001 
7.500001,10.000000,0.000000 7.500001,8.745704,0.000000 8.750001,8.745704,0.000000 
5.000001,4.982818,-0.000001 5.000001,6.237113,-0.000001 3.750001,6.237113,-0.000001 
5.000001,10.000000,0.000000 3.750001,10.000000,0.000000 5.000001,8.745704,0.000000 
2.500001,7.491409,0.000000 3.750001,7.491408,0.000000 2.500001,8.745704,0.000000 
5.000001,10.000000,0.000000 5.000001,8.745704,0.000000 6.250001,8.745704,0.000000 
5.000001,4.982818,-0.000001 6.250001,4.982818,-0.000001 5.000001,6.237113,-0.000001 
7.500001,7.491408,0.000000 6.250001,7.491408,0.000000 7.500001,6.237112,-0.000001 
0.000001,7.500000,0.000000 1.250001,7.495704,0.000000 0.000001,8.750000,0.000000 
2.500001,7.491409,0.000000 1.250001,8.745704,0.000000 1.250001,7.495704,0.000000 
0.000001,8.750000,0.000000 1.250001,7.495704,0.000000 1.250001,8.745704,0.000000 
10.000003,2.474225,0.000001 8.750001,2.474225,-0.000001 10.000003,1.219929,0.000001 
7.500001,2.474225,-0.000001 8.750001,1.219929,-0.000001 8.750001,2.474225,-0.000001 
10.000003,1.219929,0.000001 8.750001,2.474225,-0.000001 8.750001,1.219929,-0.000001 
2.499819,-0.000001,0.000000 1.250001,1.245704,0.000000 1.250140,-0.000002,0.000000 
0.000001,2.500000,0.000000 0.000001,1.250000,0.000000 1.250001,1.245704,0.000000 
1.250140,-0.000002,0.000000 1.250001,1.245704,0.000000 0.000001,1.250000,0.000000 
7.500001,2.474225,-0.000001 7.500001,1.224225,-0.000001 8.750001,1.219929,-0.000001 
7.500198,-0.000001,-0.000001 8.749984,-0.000001,-0.000001 7.500001,1.224225,-0.000001 
8.750001,1.219929,-0.000001 7.500001,1.224225,-0.000001 8.749984,-0.000001,-0.000001 
2.500001,2.491408,0.000000 2.500001,3.741408,0.000000 1.250001,3.745705,0.000000 
2.500001,4.991408,0.000000 1.250001,4.995705,0.000000 2.500001,3.741408,0.000000 
1.250001,3.745705,0.000000 2.500001,3.741408,0.000000 1.250001,4.995705,0.000000 
7.500001,10.000000,0.000000 8.750001,8.745704,0.000000 8.750001,10.000000,0.000000 
10.000003,7.491408,0.000001 10.000003,8.745704,0.000001 8.750001,8.745704,0.000000 
8.750001,10.000000,0.000000 8.750001,8.745704,0.000000 10.000003,8.745704,0.000001 
2.500001,7.491409,0.000000 2.500001,8.745704,0.000000 1.250001,8.745704,0.000000 
2.500001,10.000000,0.000000 1.250001,10.000000,0.000000 2.500001,8.745704,0.000000 
1.250001,8.745704,0.000000 2.500001,8.745704,0.000000 1.250001,10.000000,0.000000 
7.500001,7.491408,0.000000 7.500001,6.237112,-0.000001 8.750001,6.237112,-0.000001 
7.500001,4.982818,-0.000001 8.750001,4.982818,-0.000001 7.500001,6.237112,-0.000001 
8.750001,6.237112,-0.000001 7.500001,6.237112,-0.000001 8.750001,4.982818,-0.000001 
2.500001,4.991408,0.000000 1.250001,6.245704,0.000000 1.250001,4.995705,0.000000 
0.000001,7.500000,0.000000 0.000001,6.250000,0.000000 1.250001,6.245704,0.000000 
1.250001,4.995705,0.000000 1.250001,6.245704,0.000000 0.000001,6.250000,0.000000 
2.500001,7.491409,0.000000 2.500001,6.241408,0.000000 3.750001,6.237113,-0.000001 
2.500001,4.991408,0.000000 3.750001,4.987113,-0.000001 2.500001,6.241408,0.000000 
3.750001,6.237113,-0.000001 2.500001,6.241408,0.000000 3.750001,4.987113,-0.000001 
2.500001,4.991408,0.000000 2.500001,6.241408,0.000000 1.250001,6.245704,0.000000 
2.500001,7.491409,0.000000 1.250001,7.495704,0.000000 2.500001,6.241408,0.000000 
1.250001,6.245704,0.000000 2.500001,6.241408,0.000000 1.250001,7.495704,0.000000 
7.500001,4.982818,-0.000001 8.750001,3.728521,-0.000001 8.750001,4.982818,-0.000001 
10.000003,2.474225,0.000001 10.000003,3.728521,0.000001 8.750001,3.728521,-0.000001 
8.750001,4.982818,-0.000001 8.750001,3.728521,-0.000001 10.000003,3.728521,0.000001 
7.500001,2.474225,-0.000001 7.500001,3.728521,-0.000001 6.250001,3.728521,-0.000001 
7.500001,4.982818,-0.000001 6.250001,4.982818,-0.000001 7.500001,3.728521,-0.000001 
6.250001,3.728521,-0.000001 7.500001,3.728521,-0.000001 6.250001,4.982818,-0.000001 
7.500001,4.982818,-0.000001 7.500001,3.728521,-0.000001 8.750001,3.728521,-0.000001 
7.500001,2.474225,-0.000001 8.750001,2.474225,-0.000001 7.500001,3.728521,-0.000001 
8.750001,3.728521,-0.000001 7.500001,3.728521,-0.000001 8.750001,2.474225,-0.000001 
2.500001,2.491408,0.000000 2.500001,1.241409,0.000000 3.750001,1.237112,-0.000001 
2.499819,-0.000001,0.000000 3.750000,-0.000001,-0.000001 2.500001,1.241409,0.000000 
3.750001,1.237112,-0.000001 2.500001,1.241409,0.000000 3.750000,-0.000001,-0.000001 
0.000001,2.500000,0.000000 1.250001,2.495705,0.000000 0.000001,3.750000,0.000000 
2.500001,2.491408,0.000000 1.250001,3.745705,0.000000 1.250001,2.495705,0.000000 
0.000001,3.750000,0.000000 1.250001,2.495705,0.000000 1.250001,3.745705,0.000000 
2.500001,2.491408,0.000000 1.250001,2.495705,0.000000 2.500001,1.241409,0.000000 
0.000001,2.500000,0.000000 1.250001,1.245704,0.000000 1.250001,2.495705,0.000000 
2.500001,1.241409,0.000000 1.250001,2.495705,0.000000 1.250001,1.245704,0.000000 
5.000001,2.482818,-0.000001 6.250001,2.478521,-0.000001 5.000001,3.732818,-0.000001 
7.500001,2.474225,-0.000001 6.250001,3.728521,-0.000001 6.250001,2.478521,-0.000001 
5.000001,3.732818,-0.000001 6.250001,2.478521,-0.000001 6.250001,3.728521,-0.000001 
7.500198,-0.000001,-0.000001 6.250001,1.228522,-0.000001 6.250001,-0.000721,-0.000001 
5.000001,2.482818,-0.000001 5.000001,1.232816,-0.000001 6.250001,1.228522,-0.000001 
6.250001,-0.000721,-0.000001 6.250001,1.228522,-0.000001 5.000001,1.232816,-0.000001 
5.000001,2.482818,-0.000001 6.250001,1.228522,-0.000001 6.250001,2.478521,-0.000001 
7.500198,-0.000001,-0.000001 7.500001,1.224225,-0.000001 6.250001,1.228522,-0.000001 
6.250001,2.478521,-0.000001 6.250001,1.228522,-0.000001 7.500001,1.224225,-0.000001 
5.000001,2.482818,-0.000001 3.750001,2.487112,-0.000001 5.000001,1.232816,-0.000001 
2.500001,2.491408,0.000000 3.750001,1.237112,-0.000001 3.750001,2.487112,-0.000001 
5.000001,1.232816,-0.000001 3.750001,2.487112,-0.000001 3.750001,1.237112,-0.000001 
2.500001,4.991408,0.000000 3.750001,3.737112,-0.000001 3.750001,4.987113,-0.000001 
5.000001,2.482818,-0.000001 5.000001,3.732818,-0.000001 3.750001,3.737112,-0.000001 
3.750001,4.987113,-0.000001 3.750001,3.737112,-0.000001 5.000001,3.732818,-0.000001 
5.000001,2.482818,-0.000001 3.750001,3.737112,-0.000001 3.750001,2.487112,-0.000001 
2.500001,4.991408,0.000000 2.500001,3.741408,0.000000 3.750001,3.737112,-0.000001 
3.750001,2.487112,-0.000001 3.750001,3.737112,-0.000001 2.500001,3.741408,0.000000 
7.500001,7.491408,0.000000 7.500001,8.745704,0.000000 6.250001,8.745704,0.000000 
7.500001,10.000000,0.000000 6.250001,10.000000,0.000000 7.500001,8.745704,0.000000 
6.250001,8.745704,0.000000 7.500001,8.745704,0.000000 6.250001,10.000000,0.000000 
10.000003,7.491408,0.000001 8.750001,7.491408,0.000000 10.000003,6.237112,0.000001 
7.500001,7.491408,0.000000 8.750001,6.237112,-0.000001 8.750001,7.491408,0.000000 
10.000003,6.237112,0.000001 8.750001,7.491408,0.000000 8.750001,6.237112,-0.000001 
7.500001,7.491408,0.000000 8.750001,7.491408,0.000000 7.500001,8.745704,0.000000 
10.000003,7.491408,0.000001 8.750001,8.745704,0.000000 8.750001,7.491408,0.000000 
7.500001,8.745704,0.000000 8.750001,7.491408,0.000000 8.750001,8.745704,0.000000 
5.000001,7.491408,0.000000 3.750001,7.491408,0.000000 5.000001,6.237113,-0.000001 
2.500001,7.491409,0.000000 3.750001,6.237113,-0.000001 3.750001,7.491408,0.000000 
5.000001,6.237113,-0.000001 3.750001,7.491408,0.000000 3.750001,6.237113,-0.000001 
2.500001,10.000000,0.000000 3.750001,8.745704,0.000000 3.750001,10.000000,0.000000 
5.000001,7.491408,0.000000 5.000001,8.745704,0.000000 3.750001,8.745704,0.000000 
3.750001,10.000000,0.000000 3.750001,8.745704,0.000000 5.000001,8.745704,0.000000 
5.000001,7.491408,0.000000 3.750001,8.745704,0.000000 3.750001,7.491408,0.000000 
2.500001,10.000000,0.000000 2.500001,8.745704,0.000000 3.750001,8.745704,0.000000 
3.750001,7.491408,0.000000 3.750001,8.745704,0.000000 2.500001,8.745704,0.000000 
5.000001,7.491408,0.000000 6.250001,7.491408,0.000000 5.000001,8.745704,0.000000 
7.500001,7.491408,0.000000 6.250001,8.745704,0.000000 6.250001,7.491408,0.000000 
5.000001,8.745704,0.000000 6.250001,7.491408,0.000000 6.250001,8.745704,0.000000 
7.500001,4.982818,-0.000001 6.250001,6.237113,-0.000001 6.250001,4.982818,-0.000001 
5.000001,7.491408,0.000000 5.000001,6.237113,-0.000001 6.250001,6.237113,-0.000001 
6.250001,4.982818,-0.000001 6.250001,6.237113,-0.000001 5.000001,6.237113,-0.000001 
5.000001,7.491408,0.000000 6.250001,6.237113,-0.000001 6.250001,7.491408,0.000000 
7.500001,4.982818,-0.000001 7.500001,6.237112,-0.000001 6.250001,6.237113,-0.000001 
6.250001,7.491408,0.000000 6.250001,6.237113,-0.000001 7.500001,6.237112,-0.000001 
1.531762,1.217027,5.000000 2.397518,1.937154,7.502419 1.304100,0.804906,10.000001 
0.886596,0.817209,5.000000 0.886596,0.817208,0.000000 1.773191,1.634415,0.000000 
0.886596,0.817209,5.000000 0.652051,0.414411,10.000000 0.000001,0.000000,10.000001 
8.422887,1.452326,5.000000 7.869971,2.105646,7.504646 8.835184,1.180981,10.000001 
9.014297,0.869029,5.000001 9.014297,0.869030,0.000001 8.028595,1.738060,0.000001 
9.014297,0.869029,5.000001 9.417592,0.589470,10.000001 10.000001,-0.000001,10.000001 
1.540951,7.903575,5.000000 2.472457,7.139895,7.502419 1.464894,7.818134,10.000001 
0.812678,8.987477,5.000000 0.812678,8.987477,0.000000 1.625356,7.974955,0.000000 
0.812678,8.987477,5.000000 0.732448,8.910558,10.000000 0.000001,9.999999,10.000001 
8.707373,4.091670,7.498941 8.124965,2.809611,7.498940 7.414748,4.454820,4.997881 
8.835183,1.164404,10.000000 6.904937,3.029329,5.019015 7.414748,4.454820,4.997881 
6.905012,3.028921,5.023064 8.633996,1.359557,0.000000 10.000003,3.728521,0.000001 
7.393779,4.417256,5.019231 6.905012,3.028921,5.023064 10.000003,3.728521,0.000001 
7.940301,8.325709,5.000000 7.272577,7.216158,7.502419 7.852008,8.398436,10.000001 
9.014297,9.121957,5.000001 9.014297,9.121958,0.000000 8.028594,8.243917,0.000000 
9.014297,9.121957,5.000001 8.926005,9.187364,10.000001 10.000001,9.999997,10.000001 
5.603914,9.116113,10.000000 8.935027,9.191065,10.000000 10.000001,9.999998,10.000000 
5.603914,9.116113,10.000000 0.603917,9.116113,10.000001 1.207829,8.232227,10.000001 
0.652051,5.418866,10.000001 0.622359,9.263887,10.000001 0.000002,9.999999,10.000000 
0.652051,5.418866,10.000001 0.652050,0.418866,10.000001 1.304100,0.837731,10.000002 
9.207057,4.401234,8.903078 8.709763,0.742590,7.520871 10.000002,-0.000002,10.000001 
9.207057,4.401234,8.903078 9.207057,9.401232,8.903078 8.414113,8.802467,7.806155 
5.189593,3.431412,4.995086 5.706320,1.792590,-0.000001 8.028595,1.730799,0.000002 
8.028595,1.730799,0.000002 6.906514,3.020690,5.104612 5.189593,3.431412,4.995086 
6.905985,3.028974,4.965969 5.224528,3.490187,4.992924 5.904226,3.298205,10.000000 
6.405106,3.163590,7.482984 7.870584,2.099143,7.482985 6.905985,3.028974,4.965969 
1.250141,-0.000001,10.000000 0.649353,0.414769,9.993121 -0.000000,0.000000,10.000000 
0.649353,0.414769,9.993121 2.477687,0.060176,9.985237 1.298481,0.829536,10.000000 
2.477687,0.060176,9.985237 1.250141,-0.000001,10.000000 3.169189,-0.000002,10.000001 
1.250141,-0.000001,10.000000 2.477687,0.060176,9.985237 0.649353,0.414769,9.993121 
5.585893,2.556043,5.874937 7.460939,2.556043,5.874937 6.614585,3.408057,4.499916 
9.153647,0.852013,8.624979 8.124955,-0.000001,10.000000 10.000001,-0.000001,10.000000 
4.374863,-0.000001,10.000000 3.528509,0.852013,8.624979 2.499818,-0.000001,10.000000 
6.432247,1.704028,7.249958 7.278601,0.852013,8.624979 8.307293,1.704028,7.249958 
7.460939,2.556043,5.874937 6.432247,1.704028,7.249958 8.307293,1.704028,7.249958 
6.432247,1.704028,7.249958 5.585893,2.556043,5.874937 4.557201,1.704028,7.249958 
5.585893,2.556043,5.874937 6.432247,1.704028,7.249958 7.460939,2.556043,5.874937 
8.124955,-0.000001,10.000000 7.278601,0.852013,8.624979 6.249909,-0.000001,10.000000 
7.278601,0.852013,8.624979 9.153647,0.852013,8.624979 8.307293,1.704028,7.249958 
9.153647,0.852013,8.624979 7.278601,0.852013,8.624979 8.124955,-0.000001,10.000000 
3.528509,0.852013,8.624979 5.403555,0.852013,8.624979 4.557201,1.704028,7.249958 
5.403555,0.852013,8.624979 4.374863,-0.000001,10.000000 6.249909,-0.000001,10.000000 
4.374863,-0.000001,10.000000 5.403555,0.852013,8.624979 3.528509,0.852013,8.624979 
7.278601,0.852013,8.624979 5.403555,0.852013,8.624979 6.249909,-0.000001,10.000000 
5.403555,0.852013,8.624979 6.432247,1.704028,7.249958 4.557201,1.704028,7.249958 
6.432247,1.704028,7.249958 5.403555,0.852013,8.624979 7.278601,0.852013,8.624979 
9.014297,0.869030,0.000001 10.000001,-0.000001,5.000001 10.000001,-0.000001,0.000001 
10.000001,-0.000001,5.000001 9.014297,0.869029,5.000001 10.000001,-0.000001,10.000001 
9.014297,0.869029,5.000001 10.000001,-0.000001,5.000001 9.014297,0.869030,0.000001 
0.812678,8.987477,0.000000 -0.000000,9.999999,5.000001 -0.000000,9.999999,0.000001 
-0.000000,9.999999,5.000001 0.812678,8.987477,5.000000 0.000001,9.999999,10.000001 
0.812678,8.987477,5.000000 -0.000000,9.999999,5.000001 0.812678,8.987477,0.000000 
0.732448,8.910558,10.000000 1.545125,7.898036,5.000000 1.464894,7.821117,10.000000 
1.545125,7.898036,5.000000 0.812678,8.987477,5.000000 1.625356,7.974955,0.000000 
0.812678,8.987477,5.000000 1.545125,7.898036,5.000000 0.732448,8.910558,10.000000 
0.886596,0.817208,0.000000 0.000001,-0.000001,5.000001 0.000001,-0.000001,0.000001 
0.000001,-0.000001,5.000001 0.886596,0.817209,5.000000 0.000001,0.000000,10.000001 
0.886596,0.817209,5.000000 0.000001,-0.000001,5.000001 0.886596,0.817208,0.000000 
0.652051,0.414411,10.000000 1.538646,1.231618,5.000000 1.304101,0.828822,10.000000 
1.538646,1.231618,5.000000 0.886596,0.817209,5.000000 1.773191,1.634415,0.000000 
0.886596,0.817209,5.000000 1.538646,1.231618,5.000000 0.652051,0.414411,10.000000 
2.397518,1.937154,7.502419 2.625180,2.349274,2.502418 3.490936,3.069403,5.004837 
2.625180,2.349274,2.502418 1.531762,1.217027,5.000000 1.759425,1.629147,0.000000 
1.531762,1.217027,5.000000 2.625180,2.349274,2.502418 2.397518,1.937154,7.502419 
2.472457,7.139895,7.502419 2.548513,7.225337,2.502418 3.480019,6.461657,5.004837 
2.548513,7.225337,2.502418 1.540951,7.903575,5.000000 1.617007,7.989017,0.000000 
1.540951,7.903575,5.000000 2.548513,7.225337,2.502418 2.472457,7.139895,7.502419 
9.014297,9.121958,0.000000 10.000001,9.999998,5.000001 10.000001,9.999998,0.000001 
10.000001,9.999998,5.000001 9.014297,9.121957,5.000001 10.000001,9.999997,10.000001 
9.014297,9.121957,5.000001 10.000001,9.999998,5.000001 9.014297,9.121958,0.000000 
8.926005,9.187364,10.000001 7.940301,8.309324,5.000000 7.852008,8.374731,10.000000 
7.940301,8.309324,5.000000 9.014297,9.121957,5.000001 8.028594,8.243917,0.000000 
9.014297,9.121957,5.000001 7.940301,8.309324,5.000000 8.926005,9.187364,10.000001 
7.272577,7.216158,7.502419 7.360871,7.143431,2.502418 6.693148,6.033880,5.004837 
7.360871,7.143431,2.502418 7.940301,8.325709,5.000000 8.028594,8.252983,0.000000 
7.940301,8.325709,5.000000 7.360871,7.143431,2.502418 7.272577,7.216158,7.502419 
9.417592,0.589470,10.000001 8.431888,1.458501,5.000001 8.835184,1.178942,10.000000 
8.431888,1.458501,5.000001 9.014297,0.869029,5.000001 8.028595,1.738060,0.000001 
9.014297,0.869029,5.000001 8.431888,1.458501,5.000001 9.417592,0.589470,10.000001 
7.869971,2.105646,7.504646 7.457675,2.376992,2.504645 6.904759,3.030311,5.009291 
7.457675,2.376992,2.504645 8.422887,1.452326,5.000000 8.010589,1.723671,-0.000001 
8.422887,1.452326,5.000000 7.457675,2.376992,2.504645 7.869971,2.105646,7.504646 
9.603528,9.700615,9.451540 10.000000,7.499998,10.000001 10.000000,9.999998,10.000001 
10.000001,2.499998,10.000001 9.603529,2.200615,9.451540 10.000002,-0.000002,10.000001 
9.207057,4.401234,8.903078 10.000001,4.999998,10.000001 9.207057,9.401232,8.903078 
8.480075,1.987008,8.749470 9.126387,1.805434,10.000000 8.835183,1.164404,10.000000 
9.417592,2.446463,10.000000 8.707373,4.091670,7.498941 10.000001,3.728521,10.000000 
8.707373,4.091670,7.498941 9.417592,2.446463,10.000000 8.124965,2.809611,7.498940 
8.709763,0.742590,7.520871 7.916820,5.143824,6.423948 7.419527,1.485182,5.041740 
7.916820,5.143824,6.423948 9.207057,4.401234,8.903078 8.414113,8.802467,7.806155 
9.207057,4.401234,8.903078 7.916820,5.143824,6.423948 8.709763,0.742590,7.520871 
0.652050,0.418866,10.000001 0.000001,5.000000,10.000000 -0.000000,0.000000,10.000000 
0.000001,5.000000,10.000000 0.652051,5.418866,10.000001 0.000002,9.999999,10.000000 
0.652051,5.418866,10.000001 0.000001,5.000000,10.000000 0.652050,0.418866,10.000001 
0.622359,9.263887,10.000001 1.274408,4.682752,10.000002 1.244716,8.527775,10.000002 
1.274408,4.682752,10.000002 0.652051,5.418866,10.000001 1.304100,0.837731,10.000002 
0.652051,5.418866,10.000001 1.274408,4.682752,10.000002 0.622359,9.263887,10.000001 
0.603917,9.116113,10.000001 5.000004,9.999999,10.000000 0.000006,9.999999,10.000001 
5.000004,9.999999,10.000000 5.603914,9.116113,10.000000 10.000001,9.999998,10.000000 
5.603914,9.116113,10.000000 5.000004,9.999999,10.000000 0.603917,9.116113,10.000001 
7.870584,2.099143,7.482985 7.369704,2.233759,10.000000 8.835183,1.169313,10.000001 
7.369704,2.233759,10.000000 6.405106,3.163590,7.482984 5.904226,3.298205,10.000000 
6.405106,3.163590,7.482984 7.369704,2.233759,10.000000 7.870584,2.099143,7.482985 
9.603529,2.200615,9.451540 9.603529,4.700615,9.451540 9.207057,4.401234,8.903078 
9.603529,4.700615,9.451540 10.000001,2.499998,10.000001 10.000001,4.999998,10.000001 
10.000001,2.499998,10.000001 9.603529,4.700615,9.451540 9.603529,2.200615,9.451540 
9.126387,1.805434,10.000000 8.771279,2.628037,8.749470 9.417592,2.446463,10.000000 
8.771279,2.628037,8.749470 8.480075,1.987008,8.749470 8.124965,2.809611,7.498940 
8.480075,1.987008,8.749470 8.771279,2.628037,8.749470 9.126387,1.805434,10.000000 
10.000000,7.499998,10.000001 9.603529,7.200615,9.451540 10.000001,4.999998,10.000001 
9.603529,7.200615,9.451540 9.603528,9.700615,9.451540 9.207057,9.401232,8.903078 
9.603528,9.700615,9.451540 9.603529,7.200615,9.451540 10.000000,7.499998,10.000001 
3.842748,9.909602,10.000001 3.543459,8.320642,7.498941 3.034575,9.819205,10.000001 
3.543459,8.320642,7.498941 4.351632,8.411039,7.498941 4.052344,6.822079,4.997881 
4.351632,8.411039,7.498941 3.543459,8.320642,7.498941 3.842748,9.909602,10.000001 
8.935027,9.191065,10.000000 4.538941,8.307180,10.000001 7.870053,8.382132,10.000001 
4.538941,8.307180,10.000001 5.603914,9.116113,10.000000 1.207829,8.232227,10.000001 
5.603914,9.116113,10.000000 4.538941,8.307180,10.000001 8.935027,9.191065,10.000000 
