9.999998,6.271477,10.000001 6.484961,5.269226,-0.003221 6.435122,5.143443,-0.003221 
9.999998,6.271477,10.000001 9.829383,5.434970,10.000001 6.435122,5.143443,-0.003221 
9.829383,5.434970,10.000001 6.435122,5.143443,-0.003221 6.345410,4.936271,-0.003221 
9.829383,5.434970,10.000001 9.499538,4.419457,10.000001 6.345410,4.936271,-0.003221 
9.499538,4.419457,10.000001 6.345410,4.936271,-0.003221 6.265667,4.817886,-0.003221 
9.499538,4.419457,10.000001 9.268646,3.668860,10.000001 6.265667,4.817886,-0.003221 
9.268646,3.668860,10.000001 6.265667,4.817886,-0.003221 6.133592,4.718000,-0.003221 
9.268646,3.668860,10.000001 8.872832,2.962416,10.000001 6.133592,4.718000,-0.003221 
8.872832,2.962416,10.000001 6.133592,4.718000,-0.003221 6.006501,4.590367,-0.003221 
8.872832,2.962416,10.000001 8.468455,2.226473,10.000001 6.006501,4.590367,-0.003221 
8.468455,2.226473,10.000001 6.006501,4.590367,-0.003221 5.849507,4.490480,-0.003221 
8.468455,2.226473,10.000001 7.916282,1.637834,10.000001 5.849507,4.490480,-0.003221 
7.916282,1.637834,10.000001 5.849507,4.490480,-0.003221 5.708197,4.386885,-0.002540 
7.916282,1.637834,10.000001 7.388529,1.063848,10.000001 5.708197,4.386885,-0.002540 
7.388529,1.063848,10.000001 5.708197,4.386885,-0.002540 5.483919,4.309196,-0.002540 
7.388529,1.063848,10.000001 6.926746,0.666474,10.000001 5.483919,4.309196,-0.002540 
6.926746,0.666474,10.000001 5.483919,4.309196,-0.002540 5.282069,4.259252,-0.002540 
6.926746,0.666474,10.000001 6.464963,0.357405,10.000001 5.282069,4.259252,-0.002540 
6.464963,0.357405,10.000001 5.282069,4.259252,-0.002540 4.878369,4.214858,-0.002540 
6.464963,0.357405,10.000001 5.541397,0.048335,10.000001 4.878369,4.214858,-0.002540 
5.541397,0.048335,10.000001 4.878369,4.214858,-0.002540 4.624187,4.225957,-0.002540 
5.541397,0.048335,10.000001 4.650920,0.000000,10.000001 4.624187,4.225957,-0.002540 
4.650920,0.000000,10.000001 4.624187,4.225957,-0.002540 4.399909,4.264802,-0.002540 
4.650920,0.000000,10.000001 3.842747,0.090397,10.000001 4.644018,1.007901,7.498941 
3.034574,0.180794,10.000001 4.399909,4.264802,-0.002540 4.160679,4.348041,-0.002540 
3.034574,0.180794,10.000001 2.012054,1.019696,10.000001 4.160679,4.348041,-0.002540 
2.012054,1.019696,10.000001 4.160679,4.348041,-0.002540 3.846690,4.531166,-0.002540 
2.012054,1.019696,10.000001 1.055503,1.902751,10.000001 3.846690,4.531166,-0.002540 
1.055503,1.902751,10.000001 3.846690,4.531166,-0.002540 3.659792,4.714292,-0.002540 
1.055503,1.902751,10.000001 0.626704,3.006569,10.000001 3.659792,4.714292,-0.002540 
0.626704,3.006569,10.000001 3.659792,4.714292,-0.002540 3.555129,4.886319,-0.002540 
0.626704,3.006569,10.000001 0.131937,4.375304,10.000000 3.555129,4.886319,-0.002540 
0.131937,4.375304,10.000000 3.555129,4.886319,-0.002540 3.502797,5.041698,-0.002540 
0.131937,4.375304,10.000000 -0.000001,5.523275,10.000000 3.502797,5.041698,-0.002540 
-0.000001,5.523275,10.000000 3.502797,5.041698,-0.002540 3.495321,5.208176,-0.002540 
-0.000001,5.523275,10.000000 0.098952,6.627094,10.000000 3.531968,5.390570,-0.003219 
-0.000001,5.523275,10.000000 3.495321,5.208176,-0.002540 3.531968,5.390570,-0.003219 
0.098952,6.627094,10.000000 0.334869,7.341773,10.000000 3.599251,5.534851,-0.003219 
0.098952,6.627094,10.000000 3.531968,5.390570,-0.003219 3.599251,5.534851,-0.003219 
0.334869,7.341773,10.000000 3.599251,5.534851,-0.003219 3.688962,5.623639,-0.003219 
0.334869,7.341773,10.000000 0.758642,8.260745,10.000000 3.688962,5.623639,-0.003219 
0.758642,8.260745,10.000000 3.688962,5.623639,-0.003219 3.816053,5.740174,-0.003219 
0.758642,8.260745,10.000000 1.154456,9.055494,10.000000 3.816053,5.740174,-0.003219 
1.154456,9.055494,10.000000 3.816053,5.740174,-0.003219 3.934062,5.811750,-0.003219 
1.154456,9.055494,10.000000 1.946085,9.629480,10.000000 3.934062,5.811750,-0.003219 
1.946085,9.629480,10.000000 3.934062,5.811750,-0.003219 4.070235,5.867807,-0.003219 
1.946085,9.629480,10.000000 2.473837,9.938549,10.000000 4.070235,5.867807,-0.003219 
2.473837,9.938549,10.000000 4.070235,5.867807,-0.003219 4.257133,5.917750,-0.003219 
2.473837,9.938549,10.000000 3.169189,10.000000,10.000000 4.257133,5.917750,-0.003219 
3.169189,10.000000,10.000000 4.257133,5.917750,-0.003219 4.436555,5.923299,-0.003219 
3.169189,10.000000,10.000000 4.436555,5.923299,-0.003219 4.645881,5.912201,-0.003219 
3.169189,10.000000,10.000000 3.991125,9.938549,10.000000 4.645881,5.912201,-0.003219 
3.991125,9.938549,10.000000 4.645881,5.912201,-0.003219 4.795400,5.873356,-0.003221 
3.991125,9.938549,10.000000 4.683799,9.541175,10.000000 4.795400,5.873356,-0.003221 
4.683799,9.541175,10.000000 4.795400,5.873356,-0.003221 4.922491,5.823412,-0.003221 
4.683799,9.541175,10.000000 5.211552,8.967189,10.000000 4.922491,5.823412,-0.003221 
5.211552,8.967189,10.000000 4.922491,5.823412,-0.003221 5.034630,5.756821,-0.003221 
5.211552,8.967189,10.000000 5.706319,8.216593,10.000000 5.034630,5.756821,-0.003221 
5.706319,8.216593,10.000000 5.034630,5.756821,-0.003221 5.226414,6.493845,-0.000000 
5.706319,8.216593,10.000000 5.805273,7.510149,10.000000 5.226414,6.493845,-0.000000 
5.805273,7.510149,10.000000 5.226414,6.493845,-0.000000 5.334491,6.322240,-0.000000 
5.805273,7.510149,10.000000 5.904226,6.582941,10.000001 5.334491,6.322240,-0.000000 
5.904226,6.582941,10.000001 5.334491,6.322240,-0.000000 5.394534,6.018633,-0.000000 
5.904226,6.582941,10.000001 5.706319,5.611581,10.000001 5.394534,6.018633,-0.000000 
5.706319,5.611581,10.000001 5.394534,6.018633,-0.000000 5.406542,5.715025,-0.000000 
5.706319,5.611581,10.000001 5.277521,4.816832,10.000001 5.406542,5.715025,-0.000000 
5.277521,4.816832,10.000001 5.406542,5.715025,-0.000000 5.322482,5.411417,-0.000000 
5.277521,4.816832,10.000001 4.683799,4.507762,10.000001 5.322482,5.411417,-0.000000 
4.683799,4.507762,10.000001 5.322482,5.411417,-0.000000 5.226414,5.187011,-0.000000 
4.683799,4.507762,10.000001 3.769735,4.329287,10.000001 5.226414,5.187011,-0.000000 
3.769735,4.329287,10.000001 5.226414,5.187011,-0.000000 5.058293,5.002206,-0.000000 
3.769735,4.329287,10.000001 3.281907,4.517827,10.000001 5.058293,5.002206,-0.000000 
3.281907,4.517827,10.000001 5.058293,5.002206,-0.000000 4.517907,4.777801,-0.000000 
3.281907,4.517827,10.000001 4.517907,4.777801,-0.000000 2.997803,4.747701,10.000001 
4.517907,4.777801,-0.000000 4.061581,4.923005,-0.000000 2.997803,4.747701,10.000001 
2.671744,5.479123,10.000000 4.061581,4.923005,-0.000000 2.997803,4.747701,10.000001 
2.671744,5.479123,10.000000 4.061581,4.923005,-0.000000 3.941495,5.055008,-0.000000 
2.671744,5.479123,10.000000 2.539806,6.008955,10.000000 3.941495,5.055008,-0.000000 
2.539806,6.008955,10.000000 3.941495,5.055008,-0.000000 3.833418,5.253013,-0.000000 
2.638760,6.627094,10.000000 2.539806,6.008955,10.000000 3.833418,5.253013,-0.000000 
2.638760,6.627094,10.000000 3.833418,5.253013,-0.000000 3.773375,5.451018,-0.000000 
2.638760,6.627094,10.000000 2.836667,7.156927,10.000000 3.773375,5.451018,-0.000000 
2.836667,7.156927,10.000000 3.773375,5.451018,-0.000000 3.797392,5.688624,-0.000000 
2.836667,7.156927,10.000000 3.265465,7.510149,10.000000 3.797392,5.688624,-0.000000 
3.265465,7.510149,10.000000 3.797392,5.688624,-0.000000 3.881452,5.860229,-0.000000 
3.265465,7.510149,10.000000 3.399046,7.636813,10.000000 3.881452,5.860229,-0.000000 
3.399046,7.636813,10.000000 3.881452,5.860229,-0.000000 4.001538,6.031833,-0.000000 
3.399046,7.636813,10.000000 4.001538,6.031833,-0.000000 3.731114,7.630508,10.000001 
4.001538,6.031833,-0.000000 4.205684,6.111035,-0.000000 3.731114,7.630508,10.000001 
4.287985,7.289385,10.000000 4.205684,6.111035,-0.000000 3.731114,7.630508,10.000001 
4.287985,7.289385,10.000000 4.205684,6.111035,-0.000000 4.397821,6.111035,-0.000000 
4.287985,7.289385,10.000000 4.485892,6.803705,10.000000 4.397821,6.111035,-0.000000 
4.485892,6.803705,10.000000 4.397821,6.111035,-0.000000 4.565942,6.031833,-0.000000 
4.518877,6.494636,10.000000 4.485892,6.803705,10.000000 4.565942,6.031833,-0.000000 
4.518877,6.494636,10.000000 4.565942,6.031833,-0.000000 4.650001,5.939431,-0.000000 
4.518877,6.494636,10.000000 4.367610,6.073035,10.000000 4.650001,5.939431,-0.000000 
4.367610,6.073035,10.000000 4.650001,5.939431,-0.000000 4.734062,5.754626,-0.000000 
4.367610,6.073035,10.000000 4.261024,5.818717,10.000000 4.734062,5.754626,-0.000000 
4.261024,5.818717,10.000000 4.734062,5.754626,-0.000000 4.734062,5.596222,-0.000000 
4.261024,5.818717,10.000000 4.146412,5.679279,10.000000 4.734062,5.596222,-0.000000 
4.146412,5.679279,10.000000 4.734062,5.596222,-0.000000 4.637993,5.477419,-0.000000 
4.146412,5.679279,10.000000 4.637993,5.477419,-0.000000 3.835764,5.687747,10.000001 
4.637993,5.477419,-0.000000 4.469873,5.332215,-0.000000 3.835764,5.687747,10.000001 
4.469873,5.332215,-0.000000 3.835764,5.687747,10.000001 3.588009,5.821337,10.000001 
4.469873,5.332215,-0.000000 4.361796,5.345416,-0.000000 3.588009,5.821337,10.000001 
3.397403,6.053108,10.000000 4.361796,5.345416,-0.000000 3.588009,5.821337,10.000001 
3.397403,6.053108,10.000000 4.361796,5.345416,-0.000000 4.205684,5.490619,-0.000000 
3.397403,6.053108,10.000000 3.364419,6.450483,10.000000 4.205684,5.490619,-0.000000 
3.364419,6.450483,10.000000 4.205684,5.490619,-0.000000 4.193675,5.609422,-0.000000 
3.364419,6.450483,10.000000 3.463372,6.715399,10.000000 4.193675,5.609422,-0.000000 
3.463372,6.715399,10.000000 4.193675,5.609422,-0.000000 4.241710,5.715025,-0.000000 
3.463372,6.715399,10.000000 3.694264,6.892010,10.000000 4.241710,5.715025,-0.000000 
3.694264,6.892010,10.000000 4.241710,5.715025,-0.000000 4.361796,5.794227,-0.000000 
3.694264,6.892010,10.000000 4.361796,5.794227,-0.000000 3.882569,6.850767,9.996426 
3.973513,6.656762,10.000000 4.361796,5.794227,-0.000000 3.882569,6.850767,9.996426 
3.973513,6.656762,10.000000 4.361796,5.794227,-0.000000 4.493890,5.715025,-0.000000 
3.973513,6.656762,10.000000 4.493890,5.715025,-0.000000 4.481882,5.635823,-0.000000 
3.973513,6.656762,10.000000 3.826202,6.097261,10.000000 4.481882,5.635823,-0.000000 
3.826202,6.097261,10.000000 4.481882,5.635823,-0.000000 4.421839,5.543420,-0.000000 
3.826202,6.097261,10.000000 3.628295,6.406330,10.000000 4.421839,5.543420,-0.000000 
3.628295,6.406330,10.000000 4.421839,5.543420,-0.000000 4.313761,5.609422,-0.000000 
1.250000,1.254295,-0.000000 0.000000,1.249999,-0.000000 0.000000,-0.000001,-0.000000 
8.750000,8.780070,-0.000001 10.000002,8.780070,0.000001 10.000001,10.000000,0.000001 
-0.000000,8.749999,-0.000000 1.250139,10.000001,-0.000000 -0.000000,9.999999,-0.000000 
8.749984,10.000000,-0.000001 8.750000,8.780070,-0.000001 10.000001,10.000000,0.000001 
1.250000,5.004295,-0.000000 1.250000,6.254295,-0.000000 0.000000,4.999999,-0.000000 
10.000002,1.254295,0.000001 8.750000,-0.000001,-0.000000 10.000001,0.000001,0.000001 
1.250000,-0.000001,-0.000000 1.250000,1.254295,-0.000000 0.000000,-0.000001,-0.000000 
8.750000,5.017182,-0.000001 8.750000,3.762887,-0.000001 10.000002,5.017183,0.000001 
0.000000,3.749999,-0.000000 1.250000,5.004295,-0.000000 0.000000,4.999999,-0.000000 
3.750000,5.012886,-0.000001 3.750000,3.762886,-0.000001 5.000000,5.017182,-0.000001 
1.250000,2.504295,-0.000000 1.250000,3.754295,-0.000000 0.000000,2.499999,-0.000000 
10.000002,6.271478,0.000001 8.750000,5.017182,-0.000001 10.000002,5.017183,0.000001 
6.250000,5.017182,-0.000001 6.250000,6.271478,-0.000001 5.000000,5.017182,-0.000001 
8.750000,7.525774,-0.000001 8.750000,6.271478,-0.000001 10.000002,7.525774,0.000001 
3.749999,10.000000,-0.000001 3.750000,8.762887,-0.000001 5.000002,10.000000,-0.000001 
1.250000,6.254295,-0.000000 -0.000000,6.249999,-0.000000 0.000000,4.999999,-0.000000 
1.250000,8.754295,-0.000000 2.500000,8.758591,-0.000000 2.499818,10.000000,-0.000000 
6.250000,6.271478,-0.000001 5.000000,6.267182,-0.000001 5.000000,5.017182,-0.000001 
5.000000,8.767183,-0.000001 6.250000,10.000720,-0.000001 5.000002,10.000000,-0.000001 
7.500000,8.775774,-0.000001 6.250000,7.521478,-0.000001 7.500000,7.525774,-0.000001 
3.750000,8.762887,-0.000001 5.000000,8.767183,-0.000001 5.000002,10.000000,-0.000001 
5.000000,6.267182,-0.000001 3.750000,5.012886,-0.000001 5.000000,5.017182,-0.000001 
2.500000,6.258591,-0.000000 3.750000,7.512887,-0.000001 2.500000,7.508591,-0.000000 
6.250000,-0.000001,-0.000000 6.250000,1.254295,-0.000000 5.000000,-0.000001,-0.000000 
8.750000,3.762887,-0.000001 10.000002,3.762887,0.000001 10.000002,5.017183,0.000001 
8.750000,1.254295,-0.000000 7.500000,1.254295,-0.000000 7.500000,-0.000001,-0.000000 
3.750000,3.762886,-0.000001 5.000000,3.762886,-0.000001 5.000000,5.017182,-0.000001 
5.000000,1.254295,-0.000000 3.750000,-0.000001,-0.000000 5.000000,-0.000001,-0.000000 
2.500000,1.254295,-0.000000 3.750000,2.508591,-0.000000 2.500000,2.508590,-0.000000 
6.250000,1.254295,-0.000000 5.000000,1.254295,-0.000000 5.000000,-0.000001,-0.000000 
5.000000,3.762886,-0.000001 6.250000,5.017182,-0.000001 5.000000,5.017182,-0.000001 
7.500000,3.762887,-0.000001 6.250000,2.508591,-0.000000 7.500000,2.508591,-0.000000 
0.000000,1.249999,-0.000000 1.250000,2.504295,-0.000000 0.000000,2.499999,-0.000000 
1.250000,2.504295,-0.000000 1.250000,1.254295,-0.000000 2.500000,2.508590,-0.000000 
1.250000,1.254295,-0.000000 1.250000,2.504295,-0.000000 0.000000,1.249999,-0.000000 
10.000002,8.780070,0.000001 8.750000,7.525774,-0.000001 10.000002,7.525774,0.000001 
8.750000,7.525774,-0.000001 8.750000,8.780070,-0.000001 7.500000,7.525774,-0.000001 
8.750000,8.780070,-0.000001 8.750000,7.525774,-0.000001 10.000002,8.780070,0.000001 
1.250139,10.000001,-0.000000 1.250000,8.754295,-0.000000 2.499818,10.000000,-0.000000 
1.250000,8.754295,-0.000000 -0.000000,8.749999,-0.000000 -0.000000,7.499999,-0.000000 
-0.000000,8.749999,-0.000000 1.250000,8.754295,-0.000000 1.250139,10.000001,-0.000000 
8.750000,8.780070,-0.000001 7.500000,8.775774,-0.000001 7.500000,7.525774,-0.000001 
7.500000,8.775774,-0.000001 8.749984,10.000000,-0.000001 7.500197,10.000000,-0.000001 
8.749984,10.000000,-0.000001 7.500000,8.775774,-0.000001 8.750000,8.780070,-0.000001 
1.250000,6.254295,-0.000000 2.500000,6.258591,-0.000000 2.500000,7.508591,-0.000000 
2.500000,6.258591,-0.000000 1.250000,5.004295,-0.000000 3.427015,5.043651,-0.003220 
1.250000,5.004295,-0.000000 2.500000,6.258591,-0.000000 1.250000,6.254295,-0.000000 
8.750000,-0.000001,-0.000000 8.750000,1.254295,-0.000000 7.500000,-0.000001,-0.000000 
8.750000,1.254295,-0.000000 10.000002,1.254295,0.000001 10.000002,2.508591,0.000001 
10.000002,1.254295,0.000001 8.750000,1.254295,-0.000000 8.750000,-0.000001,-0.000000 
1.250000,1.254295,-0.000000 2.500000,1.254295,-0.000000 2.500000,2.508590,-0.000000 
2.500000,1.254295,-0.000000 1.250000,-0.000001,-0.000000 2.500000,-0.000001,-0.000000 
1.250000,-0.000001,-0.000000 2.500000,1.254295,-0.000000 1.250000,1.254295,-0.000000 
8.750000,3.762887,-0.000001 7.500000,3.762887,-0.000001 7.500000,2.508591,-0.000000 
7.500000,3.762887,-0.000001 8.750000,5.017182,-0.000001 7.500000,5.017182,-0.000001 
8.750000,5.017182,-0.000001 7.500000,3.762887,-0.000001 8.750000,3.762887,-0.000001 
1.250000,5.004295,-0.000000 1.250000,3.754295,-0.000000 3.427015,5.043651,-0.003220 
1.250000,3.754295,-0.000000 0.000000,3.749999,-0.000000 0.000000,2.499999,-0.000000 
0.000000,3.749999,-0.000000 1.250000,3.754295,-0.000000 1.250000,5.004295,-0.000000 
3.750000,3.762886,-0.000001 2.500000,3.758591,-0.000000 2.500000,2.508590,-0.000000 
2.500000,3.758591,-0.000000 3.750000,5.012886,-0.000001 3.427015,5.043651,-0.003220 
3.750000,5.012886,-0.000001 2.500000,3.758591,-0.000000 3.750000,3.762886,-0.000001 
1.250000,3.754295,-0.000000 2.500000,3.758591,-0.000000 3.427015,5.043651,-0.003220 
2.500000,3.758591,-0.000000 1.250000,2.504295,-0.000000 2.500000,2.508590,-0.000000 
1.250000,2.504295,-0.000000 2.500000,3.758591,-0.000000 1.250000,3.754295,-0.000000 
8.750000,5.017182,-0.000001 8.750000,6.271478,-0.000001 7.500000,5.017182,-0.000001 
8.750000,6.271478,-0.000001 10.000002,6.271478,0.000001 10.000002,7.525774,0.000001 
10.000002,6.271478,0.000001 8.750000,6.271478,-0.000001 8.750000,5.017182,-0.000001 
6.250000,6.271478,-0.000001 7.500000,6.271478,-0.000001 7.500000,7.525774,-0.000001 
7.500000,6.271478,-0.000001 6.250000,5.017182,-0.000001 7.500000,5.017182,-0.000001 
6.250000,5.017182,-0.000001 7.500000,6.271478,-0.000001 6.250000,6.271478,-0.000001 
8.750000,6.271478,-0.000001 7.500000,6.271478,-0.000001 7.500000,5.017182,-0.000001 
7.500000,6.271478,-0.000001 8.750000,7.525774,-0.000001 7.500000,7.525774,-0.000001 
8.750000,7.525774,-0.000001 7.500000,6.271478,-0.000001 8.750000,6.271478,-0.000001 
3.750000,8.762887,-0.000001 2.500000,8.758591,-0.000000 2.500000,7.508591,-0.000000 
2.500000,8.758591,-0.000000 3.749999,10.000000,-0.000001 2.499818,10.000000,-0.000000 
3.749999,10.000000,-0.000001 2.500000,8.758591,-0.000000 3.750000,8.762887,-0.000001 
-0.000000,6.249999,-0.000000 1.250000,7.504295,-0.000000 -0.000000,7.499999,-0.000000 
1.250000,7.504295,-0.000000 1.250000,6.254295,-0.000000 2.500000,7.508591,-0.000000 
1.250000,6.254295,-0.000000 1.250000,7.504295,-0.000000 -0.000000,6.249999,-0.000000 
2.500000,8.758591,-0.000000 1.250000,7.504295,-0.000000 2.500000,7.508591,-0.000000 
1.250000,7.504295,-0.000000 1.250000,8.754295,-0.000000 -0.000000,7.499999,-0.000000 
1.250000,8.754295,-0.000000 1.250000,7.504295,-0.000000 2.500000,8.758591,-0.000000 
5.000000,6.267182,-0.000001 6.250000,7.521478,-0.000001 5.000000,7.517182,-0.000001 
6.250000,7.521478,-0.000001 6.250000,6.271478,-0.000001 7.500000,7.525774,-0.000001 
6.250000,6.271478,-0.000001 6.250000,7.521478,-0.000001 5.000000,6.267182,-0.000001 
6.250000,10.000720,-0.000001 6.250000,8.771478,-0.000001 7.500197,10.000000,-0.000001 
6.250000,8.771478,-0.000001 5.000000,8.767183,-0.000001 5.000000,7.517182,-0.000001 
5.000000,8.767183,-0.000001 6.250000,8.771478,-0.000001 6.250000,10.000720,-0.000001 
6.250000,7.521478,-0.000001 6.250000,8.771478,-0.000001 5.000000,7.517182,-0.000001 
6.250000,8.771478,-0.000001 7.500000,8.775774,-0.000001 7.500197,10.000000,-0.000001 
7.500000,8.775774,-0.000001 6.250000,8.771478,-0.000001 6.250000,7.521478,-0.000001 
5.000000,8.767183,-0.000001 3.750000,7.512887,-0.000001 5.000000,7.517182,-0.000001 
3.750000,7.512887,-0.000001 3.750000,8.762887,-0.000001 2.500000,7.508591,-0.000000 
3.750000,8.762887,-0.000001 3.750000,7.512887,-0.000001 5.000000,8.767183,-0.000001 
3.750000,5.012886,-0.000001 3.750000,6.262887,-0.000001 3.427015,5.043651,-0.003220 
3.750000,6.262887,-0.000001 5.000000,6.267182,-0.000001 5.000000,7.517182,-0.000001 
5.000000,6.267182,-0.000001 3.750000,6.262887,-0.000001 3.750000,5.012886,-0.000001 
3.750000,7.512887,-0.000001 3.750000,6.262887,-0.000001 5.000000,7.517182,-0.000001 
3.750000,6.262887,-0.000001 2.500000,6.258591,-0.000000 3.427015,5.043651,-0.003220 
2.500000,6.258591,-0.000000 3.750000,6.262887,-0.000001 3.750000,7.512887,-0.000001 
6.250000,1.254295,-0.000000 7.500000,1.254295,-0.000000 7.500000,2.508591,-0.000000 
7.500000,1.254295,-0.000000 6.250000,-0.000001,-0.000000 7.500000,-0.000001,-0.000000 
6.250000,-0.000001,-0.000000 7.500000,1.254295,-0.000000 6.250000,1.254295,-0.000000 
10.000002,3.762887,0.000001 8.750000,2.508591,-0.000000 10.000002,2.508591,0.000001 
8.750000,2.508591,-0.000000 8.750000,3.762887,-0.000001 7.500000,2.508591,-0.000000 
8.750000,3.762887,-0.000001 8.750000,2.508591,-0.000000 10.000002,3.762887,0.000001 
7.500000,1.254295,-0.000000 8.750000,2.508591,-0.000000 7.500000,2.508591,-0.000000 
8.750000,2.508591,-0.000000 8.750000,1.254295,-0.000000 10.000002,2.508591,0.000001 
8.750000,1.254295,-0.000000 8.750000,2.508591,-0.000000 7.500000,1.254295,-0.000000 
5.000000,3.762886,-0.000001 3.750000,2.508591,-0.000000 5.000000,2.508591,-0.000000 
3.750000,2.508591,-0.000000 3.750000,3.762886,-0.000001 2.500000,2.508590,-0.000000 
3.750000,3.762886,-0.000001 3.750000,2.508591,-0.000000 5.000000,3.762886,-0.000001 
3.750000,-0.000001,-0.000000 3.750000,1.254295,-0.000000 2.500000,-0.000001,-0.000000 
3.750000,1.254295,-0.000000 5.000000,1.254295,-0.000000 5.000000,2.508591,-0.000000 
5.000000,1.254295,-0.000000 3.750000,1.254295,-0.000000 3.750000,-0.000001,-0.000000 
3.750000,2.508591,-0.000000 3.750000,1.254295,-0.000000 5.000000,2.508591,-0.000000 
3.750000,1.254295,-0.000000 2.500000,1.254295,-0.000000 2.500000,-0.000001,-0.000000 
2.500000,1.254295,-0.000000 3.750000,1.254295,-0.000000 3.750000,2.508591,-0.000000 
5.000000,1.254295,-0.000000 6.250000,2.508591,-0.000000 5.000000,2.508591,-0.000000 
6.250000,2.508591,-0.000000 6.250000,1.254295,-0.000000 7.500000,2.508591,-0.000000 
6.250000,1.254295,-0.000000 6.250000,2.508591,-0.000000 5.000000,1.254295,-0.000000 
6.250000,5.017182,-0.000001 6.250000,3.762886,-0.000001 7.500000,5.017182,-0.000001 
6.250000,3.762886,-0.000001 5.000000,3.762886,-0.000001 5.000000,2.508591,-0.000000 
5.000000,3.762886,-0.000001 6.250000,3.762886,-0.000001 6.250000,5.017182,-0.000001 
6.250000,2.508591,-0.000000 6.250000,3.762886,-0.000001 5.000000,2.508591,-0.000000 
6.250000,3.762886,-0.000001 7.500000,3.762887,-0.000001 7.500000,5.017182,-0.000001 
7.500000,3.762887,-0.000001 6.250000,3.762886,-0.000001 6.250000,2.508591,-0.000000 
1.304099,9.195093,10.000001 2.397517,8.062845,7.502419 1.531761,8.782972,5.000000 
1.773190,8.365584,-0.000000 0.886595,9.182792,0.000000 0.886595,9.182791,5.000000 
0.000000,9.999999,10.000001 0.652050,9.585588,10.000000 0.886595,9.182791,5.000000 
8.835183,8.819018,10.000001 7.869971,7.894353,7.504646 8.422886,8.547673,5.000000 
8.028594,8.261939,0.000001 9.014297,9.130969,0.000001 9.014297,9.130970,5.000001 
10.000000,10.000000,10.000001 9.417591,9.410529,10.000001 9.014297,9.130970,5.000001 
1.464893,2.181865,10.000001 2.472456,2.860104,7.502419 1.540950,2.096424,5.000000 
1.625355,2.025044,-0.000000 0.812677,1.012522,0.000000 0.812677,1.012522,5.000000 
-0.000000,0.000000,10.000001 0.732447,1.089441,10.000000 0.812677,1.012522,5.000000 
6.484961,5.269226,-0.003221 8.398798,8.018733,7.498940 9.296113,6.072629,7.498941 
6.484961,5.269226,-0.003221 6.167579,5.868485,0.024354 8.835182,8.835595,10.000000 
7.852007,1.601563,10.000001 7.272577,2.783841,7.502419 7.940300,1.674290,5.000000 
8.028593,1.756082,0.000000 9.014297,0.878041,0.000000 9.014297,0.878042,5.000001 
10.000000,0.000002,10.000001 8.926004,0.812635,10.000001 9.014297,0.878042,5.000001 
10.000000,0.000001,10.000000 8.935026,0.808934,10.000000 5.603914,0.883886,10.000000 
1.207828,1.767772,10.000001 0.603916,0.883886,10.000001 5.603914,0.883886,10.000000 
0.000001,-0.000000,10.000000 0.622358,0.736112,10.000001 0.652050,4.581134,10.000001 
1.304099,9.162269,10.000002 0.652049,9.581134,10.000001 0.652050,4.581134,10.000001 
10.000001,10.000001,10.000001 8.709763,9.257409,7.520871 9.207056,5.598766,8.903078 
8.414112,1.197532,7.806155 9.207056,0.598767,8.903078 9.207056,5.598766,8.903078 
5.904225,6.701794,10.000000 5.221757,6.509812,-0.004957 6.903213,6.971025,-0.031912 
6.903213,6.971025,-0.031912 7.870583,7.900856,7.482985 6.405105,6.836409,7.482984 
-0.000001,9.999999,10.000000 0.649352,9.585231,9.993121 1.250140,10.000000,10.000000 
1.298480,9.170464,10.000000 2.477686,9.939823,9.985237 0.649352,9.585231,9.993121 
3.169188,10.000001,10.000001 1.250140,10.000000,10.000000 2.477686,9.939823,9.985237 
0.649352,9.585231,9.993121 2.477686,9.939823,9.985237 1.250140,10.000000,10.000000 
6.611812,6.932712,0.013189 7.460938,7.443957,5.874937 5.585892,7.443957,5.874937 
10.000000,10.000000,10.000000 8.124954,10.000000,10.000000 9.153646,9.147986,8.624979 
2.499817,10.000000,10.000000 3.528508,9.147986,8.624979 4.374862,10.000000,10.000000 
8.307292,8.295971,7.249958 7.278600,9.147986,8.624979 6.432246,8.295972,7.249958 
8.307292,8.295971,7.249958 6.432246,8.295972,7.249958 7.460938,7.443957,5.874937 
4.557200,8.295972,7.249958 5.585892,7.443957,5.874937 6.432246,8.295972,7.249958 
7.460938,7.443957,5.874937 6.432246,8.295972,7.249958 5.585892,7.443957,5.874937 
6.249908,10.000000,10.000000 7.278600,9.147986,8.624979 8.124954,10.000000,10.000000 
8.307292,8.295971,7.249958 9.153646,9.147986,8.624979 7.278600,9.147986,8.624979 
8.124954,10.000000,10.000000 7.278600,9.147986,8.624979 9.153646,9.147986,8.624979 
4.557200,8.295972,7.249958 5.403554,9.147986,8.624979 3.528508,9.147986,8.624979 
6.249908,10.000000,10.000000 4.374862,10.000000,10.000000 5.403554,9.147986,8.624979 
3.528508,9.147986,8.624979 5.403554,9.147986,8.624979 4.374862,10.000000,10.000000 
6.249908,10.000000,10.000000 5.403554,9.147986,8.624979 7.278600,9.147986,8.624979 
4.557200,8.295972,7.249958 6.432246,8.295972,7.249958 5.403554,9.147986,8.624979 
7.278600,9.147986,8.624979 5.403554,9.147986,8.624979 6.432246,8.295972,7.249958 
10.000000,10.000000,0.000001 10.000000,10.000000,5.000001 9.014297,9.130969,0.000001 
10.000000,10.000000,10.000001 9.014297,9.130970,5.000001 10.000000,10.000000,5.000001 
9.014297,9.130969,0.000001 10.000000,10.000000,5.000001 9.014297,9.130970,5.000001 
-0.000001,-0.000000,0.000001 -0.000001,-0.000000,5.000001 0.812677,1.012522,0.000000 
-0.000000,0.000000,10.000001 0.812677,1.012522,5.000000 -0.000001,-0.000000,5.000001 
0.812677,1.012522,0.000000 -0.000001,-0.000000,5.000001 0.812677,1.012522,5.000000 
1.464893,2.178882,10.000000 1.545124,2.101963,5.000000 0.732447,1.089441,10.000000 
1.625355,2.025044,-0.000000 0.812677,1.012522,5.000000 1.545124,2.101963,5.000000 
0.732447,1.089441,10.000000 1.545124,2.101963,5.000000 0.812677,1.012522,5.000000 
-0.000000,10.000000,0.000001 -0.000000,10.000000,5.000001 0.886595,9.182792,0.000000 
0.000000,9.999999,10.000001 0.886595,9.182791,5.000000 -0.000000,10.000000,5.000001 
0.886595,9.182792,0.000000 -0.000000,10.000000,5.000001 0.886595,9.182791,5.000000 
1.304100,9.171178,10.000000 1.538645,8.768381,5.000000 0.652050,9.585588,10.000000 
1.773190,8.365584,-0.000000 0.886595,9.182791,5.000000 1.538645,8.768381,5.000000 
0.652050,9.585588,10.000000 1.538645,8.768381,5.000000 0.886595,9.182791,5.000000 
3.973361,5.847566,0.006956 2.781754,8.025752,0.000001 2.397517,8.062845,7.502419 
1.759424,8.370852,-0.000000 1.531761,8.782972,5.000000 2.781754,8.025752,0.000001 
2.397517,8.062845,7.502419 2.781754,8.025752,0.000001 1.531761,8.782972,5.000000 
4.035399,4.425576,0.005855 2.705087,3.149689,0.000001 2.472456,2.860104,7.502419 
1.617006,2.010982,-0.000000 1.540950,2.096424,5.000000 2.705087,3.149689,0.000001 
2.472456,2.860104,7.502419 2.705087,3.149689,0.000001 1.540950,2.096424,5.000000 
10.000000,0.000001,0.000001 10.000000,0.000001,5.000001 9.014297,0.878041,0.000000 
10.000000,0.000002,10.000001 9.014297,0.878042,5.000001 10.000000,0.000001,5.000001 
9.014297,0.878041,0.000000 10.000000,0.000001,5.000001 9.014297,0.878042,5.000001 
7.852007,1.625268,10.000000 7.940300,1.690675,5.000000 8.926004,0.812635,10.000001 
8.028593,1.756082,0.000000 9.014297,0.878042,5.000001 7.940300,1.690675,5.000000 
8.926004,0.812635,10.000001 7.940300,1.690675,5.000000 9.014297,0.878042,5.000001 
6.008836,4.582750,0.006956 7.787107,2.856568,-0.000001 7.272577,2.783841,7.502419 
8.028593,1.747016,-0.000000 7.940300,1.674290,5.000000 7.787107,2.856568,-0.000001 
7.272577,2.783841,7.502419 7.787107,2.856568,-0.000001 7.940300,1.674290,5.000000 
8.835183,8.821057,10.000000 8.431888,8.541498,5.000001 9.417591,9.410529,10.000001 
8.028594,8.261939,0.000001 9.014297,9.130970,5.000001 8.431888,8.541498,5.000001 
9.417591,9.410529,10.000001 8.431888,8.541498,5.000001 9.014297,9.130970,5.000001 
6.901987,6.969688,0.011410 7.883911,7.623008,0.002226 7.869971,7.894353,7.504646 
8.010589,8.276328,-0.000001 8.422886,8.547673,5.000000 7.883911,7.623008,0.002226 
7.869971,7.894353,7.504646 7.883911,7.623008,0.002226 8.422886,8.547673,5.000000 
9.999999,0.000001,10.000001 9.999999,2.500001,10.000001 9.603527,0.299384,9.451540 
10.000001,10.000001,10.000001 9.603528,7.799384,9.451540 10.000000,7.500001,10.000001 
9.207056,0.598767,8.903078 10.000000,5.000001,10.000001 9.207056,5.598766,8.903078 
8.835182,8.835595,10.000000 9.126387,8.194566,10.000000 8.480074,8.012991,8.749470 
10.000000,6.271478,10.000000 9.296113,6.072629,7.498941 9.417591,7.553536,10.000000 
8.398798,8.018733,7.498940 9.417591,7.553536,10.000000 9.296113,6.072629,7.498941 
7.419527,8.514817,5.041740 7.916819,4.856175,6.423948 8.709763,9.257409,7.520871 
8.414112,1.197532,7.806155 9.207056,5.598766,8.903078 7.916819,4.856175,6.423948 
8.709763,9.257409,7.520871 7.916819,4.856175,6.423948 9.207056,5.598766,8.903078 
-0.000001,9.999999,10.000000 -0.000000,4.999999,10.000000 0.652049,9.581134,10.000001 
0.000001,-0.000000,10.000000 0.652050,4.581134,10.000001 -0.000000,4.999999,10.000000 
0.652049,9.581134,10.000001 -0.000000,4.999999,10.000000 0.652050,4.581134,10.000001 
1.244715,1.472224,10.000002 1.274407,5.317247,10.000002 0.622358,0.736112,10.000001 
1.304099,9.162269,10.000002 0.652050,4.581134,10.000001 1.274407,5.317247,10.000002 
0.622358,0.736112,10.000001 1.274407,5.317247,10.000002 0.652050,4.581134,10.000001 
0.000005,-0.000000,10.000001 5.000003,0.000000,10.000000 0.603916,0.883886,10.000001 
10.000000,0.000001,10.000000 5.603914,0.883886,10.000000 5.000003,0.000000,10.000000 
0.603916,0.883886,10.000001 5.000003,0.000000,10.000000 5.603914,0.883886,10.000000 
8.835182,8.830687,10.000001 7.369704,7.766240,10.000000 7.870583,7.900856,7.482985 
5.904225,6.701794,10.000000 6.405105,6.836409,7.482984 7.369704,7.766240,10.000000 
7.870583,7.900856,7.482985 7.369704,7.766240,10.000000 6.405105,6.836409,7.482984 
9.207056,5.598766,8.903078 9.603528,5.299384,9.451540 9.603528,7.799384,9.451540 
10.000000,5.000001,10.000001 10.000000,7.500001,10.000001 9.603528,5.299384,9.451540 
9.603528,7.799384,9.451540 9.603528,5.299384,9.451540 10.000000,7.500001,10.000001 
9.417591,7.553536,10.000000 8.771278,7.371962,8.749470 9.126387,8.194566,10.000000 
8.398798,8.018733,7.498940 8.480074,8.012991,8.749470 8.771278,7.371962,8.749470 
9.126387,8.194566,10.000000 8.771278,7.371962,8.749470 8.480074,8.012991,8.749470 
10.000000,5.000001,10.000001 9.603528,2.799384,9.451540 9.999999,2.500001,10.000001 
9.207056,0.598767,8.903078 9.603527,0.299384,9.451540 9.603528,2.799384,9.451540 
9.999999,2.500001,10.000001 9.603528,2.799384,9.451540 9.603527,0.299384,9.451540 
3.034574,0.180794,10.000001 3.388852,1.198703,7.498941 3.842747,0.090397,10.000001 
4.399909,4.264802,-0.002540 4.644018,1.007901,7.498941 3.388852,1.198703,7.498941 
3.842747,0.090397,10.000001 3.388852,1.198703,7.498941 4.644018,1.007901,7.498941 
7.870052,1.617867,10.000001 4.538940,1.692819,10.000001 8.935026,0.808934,10.000000 
1.207828,1.767772,10.000001 5.603914,0.883886,10.000000 4.538940,1.692819,10.000001 
8.935026,0.808934,10.000000 4.538940,1.692819,10.000001 5.603914,0.883886,10.000000 
