10.000001,6.271477,0.000001 7.414747,5.545180,4.997882 7.334689,5.245973,4.997882 
10.000001,6.271477,0.000001 9.829384,5.434970,0.000001 7.334689,5.245973,4.997882 
9.829384,5.434970,0.000001 7.334689,5.245973,4.997882 7.190586,4.753160,4.997882 
9.829384,5.434970,0.000001 9.499539,4.419457,0.000001 7.190586,4.753160,4.997882 
9.499539,4.419457,0.000001 7.190586,4.753160,4.997882 7.062495,4.471553,4.997882 
9.499539,4.419457,0.000001 9.268647,3.668860,0.000001 7.062495,4.471553,4.997882 
9.268647,3.668860,0.000001 7.062495,4.471553,4.997882 6.850343,4.233947,4.997882 
9.268647,3.668860,0.000001 8.872833,2.962416,0.000001 6.850343,4.233947,4.997882 
8.872833,2.962416,0.000001 6.850343,4.233947,4.997882 6.646197,3.930339,4.997882 
8.872833,2.962416,0.000001 8.468455,2.226472,0.000001 6.646197,3.930339,4.997882 
8.468455,2.226472,0.000001 6.646197,3.930339,4.997882 6.394017,3.692733,4.997881 
8.468455,2.226472,0.000001 7.916282,1.637834,0.000001 6.394017,3.692733,4.997881 
7.916282,1.637834,0.000001 6.394017,3.692733,4.997881 6.153845,3.468327,4.997881 
7.916282,1.637834,0.000001 7.388530,1.063848,0.000001 6.153845,3.468327,4.997881 
7.388530,1.063848,0.000001 6.153845,3.468327,4.997881 5.793588,3.283522,4.997882 
7.388530,1.063848,0.000001 6.926747,0.666474,0.000001 5.793588,3.283522,4.997882 
6.926747,0.666474,0.000001 5.793588,3.283522,4.997882 5.469356,3.164719,4.997882 
6.926747,0.666474,0.000001 6.464964,0.357404,0.000001 5.469356,3.164719,4.997882 
6.464964,0.357404,0.000001 5.469356,3.164719,4.997882 4.820893,3.059117,4.997882 
6.464964,0.357404,0.000001 5.541397,0.048335,0.000001 4.820893,3.059117,4.997882 
5.541397,0.048335,0.000001 4.820893,3.059117,4.997882 4.412601,3.085517,4.997882 
5.541397,0.048335,0.000001 4.650920,-0.000001,0.000001 4.412601,3.085517,4.997882 
4.650920,-0.000001,0.000001 4.412601,3.085517,4.997882 4.052344,3.177920,4.997882 
4.650920,-0.000001,0.000001 3.034574,0.180793,0.000001 4.052344,3.177920,4.997882 
3.034574,0.180793,0.000001 4.052344,3.177920,4.997882 3.668069,3.375925,4.997882 
3.034574,0.180793,0.000001 2.012054,1.019695,0.000001 3.668069,3.375925,4.997882 
2.012054,1.019695,0.000001 3.668069,3.375925,4.997882 3.163708,3.811536,4.997882 
2.012054,1.019695,0.000001 1.055504,1.902750,0.000001 3.163708,3.811536,4.997882 
1.055504,1.902750,0.000001 3.163708,3.811536,4.997882 2.863494,4.247147,4.997882 
1.055504,1.902750,0.000001 0.626705,3.006569,0.000000 2.863494,4.247147,4.997882 
0.626705,3.006569,0.000000 2.863494,4.247147,4.997882 2.695374,4.656358,4.997882 
0.626705,3.006569,0.000000 0.131937,4.375304,0.000000 2.695374,4.656358,4.997882 
0.131937,4.375304,0.000000 2.695374,4.656358,4.997882 2.611314,5.025967,4.997882 
0.131937,4.375304,0.000000 -0.000001,5.523275,0.000000 2.611314,5.025967,4.997882 
-0.000001,5.523275,0.000000 2.611314,5.025967,4.997882 2.599305,5.421977,4.997882 
-0.000001,5.523275,0.000000 0.098953,6.627094,0.000000 2.671357,5.833828,4.997882 
-0.000001,5.523275,0.000000 2.599305,5.421977,4.997882 2.671357,5.833828,4.997882 
0.098953,6.627094,0.000000 0.334869,7.341773,0.000000 2.779434,6.177037,4.997882 
0.098953,6.627094,0.000000 2.671357,5.833828,4.997882 2.779434,6.177037,4.997882 
0.334869,7.341773,0.000000 2.779434,6.177037,4.997882 2.923537,6.388242,4.997882 
0.334869,7.341773,0.000000 0.758643,8.260745,0.000000 2.923537,6.388242,4.997882 
0.758643,8.260745,0.000000 2.923537,6.388242,4.997882 3.127683,6.665449,4.997882 
0.758643,8.260745,0.000000 1.154457,9.055494,0.000000 3.127683,6.665449,4.997882 
1.154457,9.055494,0.000000 3.127683,6.665449,4.997882 3.317240,6.835713,4.997882 
1.154457,9.055494,0.000000 1.946085,9.629480,0.000000 3.317240,6.835713,4.997882 
1.946085,9.629480,0.000000 3.317240,6.835713,4.997882 3.535974,6.969057,4.997882 
1.946085,9.629480,0.000000 2.473838,9.938549,0.000000 3.535974,6.969057,4.997882 
2.473838,9.938549,0.000000 3.535974,6.969057,4.997882 3.836189,7.087860,4.997882 
2.473838,9.938549,0.000000 3.169189,10.000000,0.000000 3.836189,7.087860,4.997882 
3.169189,10.000000,0.000000 3.836189,7.087860,4.997882 4.124395,7.101060,4.997882 
3.169189,10.000000,0.000000 4.124395,7.101060,4.997882 4.460635,7.074660,4.997882 
3.169189,10.000000,0.000000 3.991125,9.938549,0.000000 4.460635,7.074660,4.997882 
3.991125,9.938549,0.000000 4.460635,7.074660,4.997882 4.700807,6.982257,4.997882 
3.991125,9.938549,0.000000 4.683800,9.541174,0.000000 4.700807,6.982257,4.997882 
4.683800,9.541174,0.000000 4.700807,6.982257,4.997882 4.904953,6.863454,4.997882 
4.683800,9.541174,0.000000 5.211552,8.967189,0.000000 4.904953,6.863454,4.997882 
5.211552,8.967189,0.000000 4.904953,6.863454,4.997882 5.085082,6.705050,4.997882 
5.211552,8.967189,0.000000 5.706320,8.216592,0.000000 5.085082,6.705050,4.997882 
5.706320,8.216592,0.000000 5.085082,6.705050,4.997882 5.229185,6.493845,4.997882 
5.706320,8.216592,0.000000 5.805273,7.510148,0.000000 5.229185,6.493845,4.997882 
5.805273,7.510148,0.000000 5.229185,6.493845,4.997882 5.337262,6.322240,4.997882 
5.805273,7.510148,0.000000 5.904227,6.582941,0.000000 5.337262,6.322240,4.997882 
5.904227,6.582941,0.000000 5.337262,6.322240,4.997882 5.397305,6.018633,4.997882 
5.904227,6.582941,0.000000 5.706320,5.611581,0.000000 5.397305,6.018633,4.997882 
5.706320,5.611581,0.000000 5.397305,6.018633,4.997882 5.409313,5.715025,4.997882 
5.706320,5.611581,0.000000 5.277521,4.816831,0.000000 5.409313,5.715025,4.997882 
5.277521,4.816831,0.000000 5.409313,5.715025,4.997882 5.325253,5.411417,4.997882 
5.277521,4.816831,0.000000 4.683800,4.507762,0.000000 5.325253,5.411417,4.997882 
4.683800,4.507762,0.000000 5.325253,5.411417,4.997882 5.229185,5.187011,4.997882 
4.683800,4.507762,0.000000 3.769736,4.329286,0.000000 5.229185,5.187011,4.997882 
3.769736,4.329286,0.000000 5.229185,5.187011,4.997882 5.061064,5.002207,4.997882 
3.769736,4.329286,0.000000 3.281908,4.517827,0.000000 5.061064,5.002207,4.997882 
3.281908,4.517827,0.000000 5.061064,5.002207,4.997882 4.520678,4.777801,4.997882 
3.281908,4.517827,0.000000 4.520678,4.777801,4.997882 2.997804,4.747701,0.000000 
4.520678,4.777801,4.997882 4.064352,4.923005,4.997882 2.997804,4.747701,0.000000 
2.671745,5.479122,0.000000 4.064352,4.923005,4.997882 2.997804,4.747701,0.000000 
2.671745,5.479122,0.000000 4.064352,4.923005,4.997882 3.944266,5.055008,4.997882 
2.671745,5.479122,0.000000 2.539807,6.008955,0.000000 3.944266,5.055008,4.997882 
2.539807,6.008955,0.000000 3.944266,5.055008,4.997882 3.836189,5.253013,4.997882 
2.638760,6.627094,0.000000 2.539807,6.008955,0.000000 3.836189,5.253013,4.997882 
2.638760,6.627094,0.000000 3.836189,5.253013,4.997882 3.776146,5.451018,4.997882 
2.638760,6.627094,0.000000 2.836667,7.156926,0.000000 3.776146,5.451018,4.997882 
2.836667,7.156926,0.000000 3.776146,5.451018,4.997882 3.800163,5.688624,4.997882 
2.836667,7.156926,0.000000 3.265466,7.510148,0.000000 3.800163,5.688624,4.997882 
3.265466,7.510148,0.000000 3.800163,5.688624,4.997882 3.884223,5.860229,4.997882 
3.265466,7.510148,0.000000 3.399047,7.636813,0.000000 3.884223,5.860229,4.997882 
3.399047,7.636813,0.000000 3.884223,5.860229,4.997882 4.004309,6.031833,4.997882 
3.399047,7.636813,0.000000 4.004309,6.031833,4.997882 3.730288,7.630508,0.000001 
4.004309,6.031833,4.997882 4.208455,6.111035,4.997882 3.730288,7.630508,0.000001 
4.287986,7.289385,0.000000 4.208455,6.111035,4.997882 3.730288,7.630508,0.000001 
4.287986,7.289385,0.000000 4.208455,6.111035,4.997882 4.400592,6.111035,4.997882 
4.287986,7.289385,0.000000 4.485893,6.803705,0.000000 4.400592,6.111035,4.997882 
4.485893,6.803705,0.000000 4.400592,6.111035,4.997882 4.568713,6.031833,4.997882 
4.518877,6.494635,0.000000 4.485893,6.803705,0.000000 4.568713,6.031833,4.997882 
4.518877,6.494635,0.000000 4.568713,6.031833,4.997882 4.652773,5.939431,4.997882 
4.518877,6.494635,0.000000 4.367264,6.073034,-0.000000 4.652773,5.939431,4.997882 
4.367264,6.073034,-0.000000 4.652773,5.939431,4.997882 4.736833,5.754626,4.997882 
4.367264,6.073034,-0.000000 4.260131,5.818716,-0.000000 4.736833,5.754626,4.997882 
4.260131,5.818716,-0.000000 4.736833,5.754626,4.997882 4.736833,5.596222,4.997882 
4.260131,5.818716,-0.000000 4.146431,5.679279,-0.000001 4.736833,5.596222,4.997882 
4.146431,5.679279,-0.000001 4.736833,5.596222,4.997882 4.640764,5.477419,4.997882 
4.146431,5.679279,-0.000001 4.640764,5.477419,4.997882 3.835003,5.687747,0.000001 
4.640764,5.477419,4.997882 4.472644,5.332215,4.997882 3.835003,5.687747,0.000001 
4.472644,5.332215,4.997882 3.835003,5.687747,0.000001 3.587895,5.821337,0.000001 
4.472644,5.332215,4.997882 4.364567,5.345415,4.997882 3.587895,5.821337,0.000001 
3.397404,6.053108,0.000000 4.364567,5.345415,4.997882 3.587895,5.821337,0.000001 
3.397404,6.053108,0.000000 4.364567,5.345415,4.997882 4.208455,5.490619,4.997882 
3.397404,6.053108,0.000000 3.364419,6.450483,0.000000 4.208455,5.490619,4.997882 
3.364419,6.450483,0.000000 4.208455,5.490619,4.997882 4.196447,5.609422,4.997882 
3.364419,6.450483,0.000000 3.463373,6.715399,0.000000 4.196447,5.609422,4.997882 
3.463373,6.715399,0.000000 4.196447,5.609422,4.997882 4.244481,5.715025,4.997882 
3.463373,6.715399,0.000000 3.694265,6.892010,0.000000 4.244481,5.715025,4.997882 
3.694265,6.892010,0.000000 4.244481,5.715025,4.997882 4.364567,5.794227,4.997882 
3.694265,6.892010,0.000000 4.364567,5.794227,4.997882 3.882599,6.850766,-0.000000 
3.973514,6.656761,0.000000 4.364567,5.794227,4.997882 3.882599,6.850766,-0.000000 
3.973514,6.656761,0.000000 4.364567,5.794227,4.997882 4.496661,5.715025,4.997882 
3.973514,6.656761,0.000000 4.496661,5.715025,4.997882 4.484653,5.635823,4.997882 
3.973514,6.656761,0.000000 3.826203,6.097261,0.000000 4.484653,5.635823,4.997882 
3.826203,6.097261,0.000000 4.484653,5.635823,4.997882 4.424610,5.543420,4.997882 
3.826203,6.097261,0.000000 3.628296,6.406330,0.000000 4.424610,5.543420,4.997882 
3.628296,6.406330,0.000000 4.424610,5.543420,4.997882 4.316532,5.609422,4.997882 
9.999998,6.271477,10.000001 7.414747,5.545180,4.997881 7.334690,5.245973,4.997881 
9.999998,6.271477,10.000001 9.829383,5.434970,10.000001 7.334690,5.245973,4.997881 
9.829383,5.434970,10.000001 7.334690,5.245973,4.997881 7.190587,4.753160,4.997881 
9.829383,5.434970,10.000001 9.499538,4.419457,10.000001 7.190587,4.753160,4.997881 
9.499538,4.419457,10.000001 7.190587,4.753160,4.997881 7.062495,4.471553,4.997881 
9.499538,4.419457,10.000001 9.268646,3.668860,10.000001 7.062495,4.471553,4.997881 
9.268646,3.668860,10.000001 7.062495,4.471553,4.997881 6.850343,4.233947,4.997881 
9.268646,3.668860,10.000001 8.872832,2.962416,10.000001 6.850343,4.233947,4.997881 
8.872832,2.962416,10.000001 6.850343,4.233947,4.997881 6.646197,3.930339,4.997881 
8.872832,2.962416,10.000001 8.468455,2.226473,10.000001 6.646197,3.930339,4.997881 
8.468455,2.226473,10.000001 6.646197,3.930339,4.997881 6.394017,3.692733,4.997881 
8.468455,2.226473,10.000001 7.916282,1.637834,10.000001 6.394017,3.692733,4.997881 
7.916282,1.637834,10.000001 6.394017,3.692733,4.997881 6.153845,3.468327,4.997881 
7.916282,1.637834,10.000001 7.388529,1.063848,10.000001 6.153845,3.468327,4.997881 
7.388529,1.063848,10.000001 6.153845,3.468327,4.997881 5.793588,3.283522,4.997881 
7.388529,1.063848,10.000001 6.926746,0.666474,10.000001 5.793588,3.283522,4.997881 
6.926746,0.666474,10.000001 5.793588,3.283522,4.997881 5.469356,3.164719,4.997881 
6.926746,0.666474,10.000001 6.464963,0.357405,10.000001 5.469356,3.164719,4.997881 
6.464963,0.357405,10.000001 5.469356,3.164719,4.997881 4.820893,3.059117,4.997881 
6.464963,0.357405,10.000001 5.541397,0.048335,10.000001 4.820893,3.059117,4.997881 
5.541397,0.048335,10.000001 4.820893,3.059117,4.997881 4.412601,3.085517,4.997881 
5.541397,0.048335,10.000001 4.650920,0.000000,10.000001 4.412601,3.085517,4.997881 
4.650920,0.000000,10.000001 4.412601,3.085517,4.997881 4.052343,3.177920,4.997881 
4.650920,0.000000,10.000001 3.842747,0.090397,10.000001 4.351631,1.588960,7.498941 
3.034574,0.180794,10.000001 4.052343,3.177920,4.997881 3.668069,3.375925,4.997881 
3.034574,0.180794,10.000001 2.012054,1.019696,10.000001 3.668069,3.375925,4.997881 
2.012054,1.019696,10.000001 3.668069,3.375925,4.997881 3.163708,3.811536,4.997881 
2.012054,1.019696,10.000001 1.055503,1.902751,10.000001 3.163708,3.811536,4.997881 
1.055503,1.902751,10.000001 3.163708,3.811536,4.997881 2.863494,4.247147,4.997881 
1.055503,1.902751,10.000001 0.626704,3.006569,10.000001 2.863494,4.247147,4.997881 
0.626704,3.006569,10.000001 2.863494,4.247147,4.997881 2.695374,4.656358,4.997881 
0.626704,3.006569,10.000001 0.131937,4.375304,10.000000 2.695374,4.656358,4.997881 
0.131937,4.375304,10.000000 2.695374,4.656358,4.997881 2.611314,5.025967,4.997881 
0.131937,4.375304,10.000000 -0.000001,5.523275,10.000000 2.611314,5.025967,4.997881 
-0.000001,5.523275,10.000000 2.611314,5.025967,4.997881 2.599305,5.421978,4.997881 
-0.000001,5.523275,10.000000 0.098952,6.627094,10.000000 2.671357,5.833828,4.997882 
-0.000001,5.523275,10.000000 2.599305,5.421978,4.997881 2.671357,5.833828,4.997882 
0.098952,6.627094,10.000000 0.334869,7.341773,10.000000 2.779434,6.177037,4.997882 
0.098952,6.627094,10.000000 2.671357,5.833828,4.997882 2.779434,6.177037,4.997882 
0.334869,7.341773,10.000000 2.779434,6.177037,4.997882 2.923537,6.388242,4.997882 
0.334869,7.341773,10.000000 0.758642,8.260745,10.000000 2.923537,6.388242,4.997882 
0.758642,8.260745,10.000000 2.923537,6.388242,4.997882 3.127683,6.665449,4.997882 
0.758642,8.260745,10.000000 1.154456,9.055494,10.000000 3.127683,6.665449,4.997882 
1.154456,9.055494,10.000000 3.127683,6.665449,4.997882 3.317240,6.835713,4.997882 
1.154456,9.055494,10.000000 1.946085,9.629480,10.000000 3.317240,6.835713,4.997882 
1.946085,9.629480,10.000000 3.317240,6.835713,4.997882 3.535975,6.969057,4.997882 
1.946085,9.629480,10.000000 2.473837,9.938549,10.000000 3.535975,6.969057,4.997882 
2.473837,9.938549,10.000000 3.535975,6.969057,4.997882 3.836189,7.087860,4.997882 
2.473837,9.938549,10.000000 3.169189,10.000000,10.000000 3.836189,7.087860,4.997882 
3.169189,10.000000,10.000000 3.836189,7.087860,4.997882 4.124395,7.101060,4.997882 
3.169189,10.000000,10.000000 4.124395,7.101060,4.997882 4.460635,7.074660,4.997882 
3.169189,10.000000,10.000000 3.991125,9.938549,10.000000 4.460635,7.074660,4.997882 
3.991125,9.938549,10.000000 4.460635,7.074660,4.997882 4.700807,6.982257,4.997881 
3.991125,9.938549,10.000000 4.683799,9.541175,10.000000 4.700807,6.982257,4.997881 
4.683799,9.541175,10.000000 4.700807,6.982257,4.997881 4.904953,6.863454,4.997881 
4.683799,9.541175,10.000000 5.211552,8.967189,10.000000 4.904953,6.863454,4.997881 
5.211552,8.967189,10.000000 4.904953,6.863454,4.997881 5.085082,6.705050,4.997881 
5.211552,8.967189,10.000000 5.706319,8.216593,10.000000 5.085082,6.705050,4.997881 
5.706319,8.216593,10.000000 5.085082,6.705050,4.997881 5.229185,6.493845,4.997881 
5.706319,8.216593,10.000000 5.805273,7.510149,10.000000 5.229185,6.493845,4.997881 
5.805273,7.510149,10.000000 5.229185,6.493845,4.997881 5.337262,6.322240,4.997881 
5.805273,7.510149,10.000000 5.904226,6.582941,10.000001 5.337262,6.322240,4.997881 
5.904226,6.582941,10.000001 5.337262,6.322240,4.997881 5.397305,6.018633,4.997881 
5.904226,6.582941,10.000001 5.706319,5.611581,10.000001 5.397305,6.018633,4.997881 
5.706319,5.611581,10.000001 5.397305,6.018633,4.997881 5.409313,5.715025,4.997881 
5.706319,5.611581,10.000001 5.277521,4.816832,10.000001 5.409313,5.715025,4.997881 
5.277521,4.816832,10.000001 5.409313,5.715025,4.997881 5.325253,5.411417,4.997881 
5.277521,4.816832,10.000001 4.683799,4.507762,10.000001 5.325253,5.411417,4.997881 
4.683799,4.507762,10.000001 5.325253,5.411417,4.997881 5.229185,5.187011,4.997881 
4.683799,4.507762,10.000001 3.769735,4.329287,10.000001 5.229185,5.187011,4.997881 
3.769735,4.329287,10.000001 5.229185,5.187011,4.997881 5.061064,5.002206,4.997881 
3.769735,4.329287,10.000001 3.281907,4.517827,10.000001 5.061064,5.002206,4.997881 
3.281907,4.517827,10.000001 5.061064,5.002206,4.997881 4.520678,4.777801,4.997881 
3.281907,4.517827,10.000001 4.520678,4.777801,4.997881 2.997803,4.747701,10.000001 
4.520678,4.777801,4.997881 4.064352,4.923005,4.997881 2.997803,4.747701,10.000001 
2.671744,5.479123,10.000000 4.064352,4.923005,4.997881 2.997803,4.747701,10.000001 
2.671744,5.479123,10.000000 4.064352,4.923005,4.997881 3.944266,5.055008,4.997881 
2.671744,5.479123,10.000000 2.539806,6.008955,10.000000 3.944266,5.055008,4.997881 
2.539806,6.008955,10.000000 3.944266,5.055008,4.997881 3.836189,5.253013,4.997881 
2.638760,6.627094,10.000000 2.539806,6.008955,10.000000 3.836189,5.253013,4.997881 
2.638760,6.627094,10.000000 3.836189,5.253013,4.997881 3.776146,5.451018,4.997881 
2.638760,6.627094,10.000000 2.836667,7.156927,10.000000 3.776146,5.451018,4.997881 
2.836667,7.156927,10.000000 3.776146,5.451018,4.997881 3.800163,5.688624,4.997881 
2.836667,7.156927,10.000000 3.265465,7.510149,10.000000 3.800163,5.688624,4.997881 
3.265465,7.510149,10.000000 3.800163,5.688624,4.997881 3.884223,5.860229,4.997881 
3.265465,7.510149,10.000000 3.399046,7.636813,10.000000 3.884223,5.860229,4.997881 
3.399046,7.636813,10.000000 3.884223,5.860229,4.997881 4.004309,6.031833,4.997881 
3.399046,7.636813,10.000000 4.004309,6.031833,4.997881 3.731114,7.630508,10.000001 
4.004309,6.031833,4.997881 4.208455,6.111035,4.997881 3.731114,7.630508,10.000001 
4.287985,7.289385,10.000000 4.208455,6.111035,4.997881 3.731114,7.630508,10.000001 
4.287985,7.289385,10.000000 4.208455,6.111035,4.997881 4.400592,6.111035,4.997881 
4.287985,7.289385,10.000000 4.485892,6.803705,10.000000 4.400592,6.111035,4.997881 
4.485892,6.803705,10.000000 4.400592,6.111035,4.997881 4.568713,6.031833,4.997881 
4.518877,6.494636,10.000000 4.485892,6.803705,10.000000 4.568713,6.031833,4.997881 
4.518877,6.494636,10.000000 4.568713,6.031833,4.997881 4.652772,5.939431,4.997881 
4.518877,6.494636,10.000000 4.367610,6.073035,10.000000 4.652772,5.939431,4.997881 
4.367610,6.073035,10.000000 4.652772,5.939431,4.997881 4.736833,5.754626,4.997881 
4.367610,6.073035,10.000000 4.261024,5.818717,10.000000 4.736833,5.754626,4.997881 
4.261024,5.818717,10.000000 4.736833,5.754626,4.997881 4.736833,5.596222,4.997881 
4.261024,5.818717,10.000000 4.146412,5.679279,10.000000 4.736833,5.596222,4.997881 
4.146412,5.679279,10.000000 4.736833,5.596222,4.997881 4.640764,5.477419,4.997881 
4.146412,5.679279,10.000000 4.640764,5.477419,4.997881 3.835764,5.687747,10.000001 
4.640764,5.477419,4.997881 4.472644,5.332215,4.997881 3.835764,5.687747,10.000001 
4.472644,5.332215,4.997881 3.835764,5.687747,10.000001 3.588009,5.821337,10.000001 
4.472644,5.332215,4.997881 4.364567,5.345416,4.997881 3.588009,5.821337,10.000001 
3.397403,6.053108,10.000000 4.364567,5.345416,4.997881 3.588009,5.821337,10.000001 
3.397403,6.053108,10.000000 4.364567,5.345416,4.997881 4.208455,5.490619,4.997881 
3.397403,6.053108,10.000000 3.364419,6.450483,10.000000 4.208455,5.490619,4.997881 
3.364419,6.450483,10.000000 4.208455,5.490619,4.997881 4.196446,5.609422,4.997881 
3.364419,6.450483,10.000000 3.463372,6.715399,10.000000 4.196446,5.609422,4.997881 
3.463372,6.715399,10.000000 4.196446,5.609422,4.997881 4.244481,5.715025,4.997881 
3.463372,6.715399,10.000000 3.694264,6.892010,10.000000 4.244481,5.715025,4.997881 
3.694264,6.892010,10.000000 4.244481,5.715025,4.997881 4.364567,5.794227,4.997881 
3.694264,6.892010,10.000000 4.364567,5.794227,4.997881 3.882569,6.850767,9.996426 
3.973513,6.656762,10.000000 4.364567,5.794227,4.997881 3.882569,6.850767,9.996426 
3.973513,6.656762,10.000000 4.364567,5.794227,4.997881 4.496661,5.715025,4.997881 
3.973513,6.656762,10.000000 4.496661,5.715025,4.997881 4.484653,5.635823,4.997881 
3.973513,6.656762,10.000000 3.826202,6.097261,10.000000 4.484653,5.635823,4.997881 
3.826202,6.097261,10.000000 4.484653,5.635823,4.997881 4.424610,5.543420,4.997881 
3.826202,6.097261,10.000000 3.628295,6.406330,10.000000 4.424610,5.543420,4.997881 
3.628295,6.406330,10.000000 4.424610,5.543420,4.997881 4.316532,5.609422,4.997881 
1.250000,1.254295,-0.000000 0.000000,1.249999,-0.000000 0.000000,-0.000001,-0.000000 
8.750000,8.780070,-0.000001 10.000002,8.780070,0.000001 10.000001,10.000000,0.000001 
-0.000000,8.749999,-0.000000 1.250139,10.000001,-0.000000 -0.000000,9.999999,-0.000000 
8.749984,10.000000,-0.000001 8.750000,8.780070,-0.000001 10.000001,10.000000,0.000001 
1.250000,5.004295,-0.000000 1.250000,6.254295,-0.000000 0.000000,4.999999,-0.000000 
10.000002,1.254295,0.000001 8.750000,-0.000001,-0.000000 10.000001,0.000001,0.000001 
1.250000,-0.000001,-0.000000 1.250000,1.254295,-0.000000 0.000000,-0.000001,-0.000000 
8.750000,5.017182,-0.000001 8.750000,3.762887,-0.000001 10.000002,5.017183,0.000001 
0.000000,3.749999,-0.000000 1.250000,5.004295,-0.000000 0.000000,4.999999,-0.000000 
3.750000,5.012886,-0.000001 3.750000,3.762886,-0.000001 5.000000,5.017182,-0.000001 
1.250000,2.504295,-0.000000 1.250000,3.754295,-0.000000 0.000000,2.499999,-0.000000 
10.000002,6.271478,0.000001 8.750000,5.017182,-0.000001 10.000002,5.017183,0.000001 
6.250000,5.017182,-0.000001 6.250000,6.271478,-0.000001 5.000000,5.017182,-0.000001 
8.750000,7.525774,-0.000001 8.750000,6.271478,-0.000001 10.000002,7.525774,0.000001 
3.749999,10.000000,-0.000001 3.750000,8.762887,-0.000001 5.000002,10.000000,-0.000001 
1.250000,6.254295,-0.000000 -0.000000,6.249999,-0.000000 0.000000,4.999999,-0.000000 
1.250000,8.754295,-0.000000 2.500000,8.758591,-0.000000 2.499818,10.000000,-0.000000 
6.250000,6.271478,-0.000001 5.000000,6.267182,-0.000001 5.000000,5.017182,-0.000001 
5.000000,8.767183,-0.000001 6.250000,10.000720,-0.000001 5.000002,10.000000,-0.000001 
7.500000,8.775774,-0.000001 6.250000,7.521478,-0.000001 7.500000,7.525774,-0.000001 
3.750000,8.762887,-0.000001 5.000000,8.767183,-0.000001 5.000002,10.000000,-0.000001 
5.000000,6.267182,-0.000001 3.750000,5.012886,-0.000001 5.000000,5.017182,-0.000001 
2.500000,6.258591,-0.000000 3.750000,7.512887,-0.000001 2.500000,7.508591,-0.000000 
6.250000,-0.000001,-0.000000 6.250000,1.254295,-0.000000 5.000000,-0.000001,-0.000000 
8.750000,3.762887,-0.000001 10.000002,3.762887,0.000001 10.000002,5.017183,0.000001 
8.750000,1.254295,-0.000000 7.500000,1.254295,-0.000000 7.500000,-0.000001,-0.000000 
3.750000,3.762886,-0.000001 5.000000,3.762886,-0.000001 5.000000,5.017182,-0.000001 
5.000000,1.254295,-0.000000 3.750000,-0.000001,-0.000000 5.000000,-0.000001,-0.000000 
2.500000,1.254295,-0.000000 3.750000,2.508591,-0.000000 2.500000,2.508590,-0.000000 
6.250000,1.254295,-0.000000 5.000000,1.254295,-0.000000 5.000000,-0.000001,-0.000000 
5.000000,3.762886,-0.000001 6.250000,5.017182,-0.000001 5.000000,5.017182,-0.000001 
7.500000,3.762887,-0.000001 6.250000,2.508591,-0.000000 7.500000,2.508591,-0.000000 
0.000000,1.249999,-0.000000 1.250000,2.504295,-0.000000 0.000000,2.499999,-0.000000 
1.250000,2.504295,-0.000000 1.250000,1.254295,-0.000000 2.500000,2.508590,-0.000000 
1.250000,1.254295,-0.000000 1.250000,2.504295,-0.000000 0.000000,1.249999,-0.000000 
10.000002,8.780070,0.000001 8.750000,7.525774,-0.000001 10.000002,7.525774,0.000001 
8.750000,7.525774,-0.000001 8.750000,8.780070,-0.000001 7.500000,7.525774,-0.000001 
8.750000,8.780070,-0.000001 8.750000,7.525774,-0.000001 10.000002,8.780070,0.000001 
1.250139,10.000001,-0.000000 1.250000,8.754295,-0.000000 2.499818,10.000000,-0.000000 
1.250000,8.754295,-0.000000 -0.000000,8.749999,-0.000000 -0.000000,7.499999,-0.000000 
-0.000000,8.749999,-0.000000 1.250000,8.754295,-0.000000 1.250139,10.000001,-0.000000 
8.750000,8.780070,-0.000001 7.500000,8.775774,-0.000001 7.500000,7.525774,-0.000001 
7.500000,8.775774,-0.000001 8.749984,10.000000,-0.000001 7.500197,10.000000,-0.000001 
8.749984,10.000000,-0.000001 7.500000,8.775774,-0.000001 8.750000,8.780070,-0.000001 
1.250000,6.254295,-0.000000 2.500000,6.258591,-0.000000 2.500000,7.508591,-0.000000 
2.500000,6.258591,-0.000000 1.250000,5.004295,-0.000000 2.500000,5.008591,-0.000000 
1.250000,5.004295,-0.000000 2.500000,6.258591,-0.000000 1.250000,6.254295,-0.000000 
8.750000,-0.000001,-0.000000 8.750000,1.254295,-0.000000 7.500000,-0.000001,-0.000000 
8.750000,1.254295,-0.000000 10.000002,1.254295,0.000001 10.000002,2.508591,0.000001 
10.000002,1.254295,0.000001 8.750000,1.254295,-0.000000 8.750000,-0.000001,-0.000000 
1.250000,1.254295,-0.000000 2.500000,1.254295,-0.000000 2.500000,2.508590,-0.000000 
2.500000,1.254295,-0.000000 1.250000,-0.000001,-0.000000 2.500000,-0.000001,-0.000000 
1.250000,-0.000001,-0.000000 2.500000,1.254295,-0.000000 1.250000,1.254295,-0.000000 
8.750000,3.762887,-0.000001 7.500000,3.762887,-0.000001 7.500000,2.508591,-0.000000 
7.500000,3.762887,-0.000001 8.750000,5.017182,-0.000001 7.500000,5.017182,-0.000001 
8.750000,5.017182,-0.000001 7.500000,3.762887,-0.000001 8.750000,3.762887,-0.000001 
1.250000,5.004295,-0.000000 1.250000,3.754295,-0.000000 2.500000,5.008591,-0.000000 
1.250000,3.754295,-0.000000 0.000000,3.749999,-0.000000 0.000000,2.499999,-0.000000 
0.000000,3.749999,-0.000000 1.250000,3.754295,-0.000000 1.250000,5.004295,-0.000000 
3.750000,3.762886,-0.000001 2.500000,3.758591,-0.000000 2.500000,2.508590,-0.000000 
2.500000,3.758591,-0.000000 3.750000,5.012886,-0.000001 2.500000,5.008591,-0.000000 
3.750000,5.012886,-0.000001 2.500000,3.758591,-0.000000 3.750000,3.762886,-0.000001 
1.250000,3.754295,-0.000000 2.500000,3.758591,-0.000000 2.500000,5.008591,-0.000000 
2.500000,3.758591,-0.000000 1.250000,2.504295,-0.000000 2.500000,2.508590,-0.000000 
1.250000,2.504295,-0.000000 2.500000,3.758591,-0.000000 1.250000,3.754295,-0.000000 
8.750000,5.017182,-0.000001 8.750000,6.271478,-0.000001 7.500000,5.017182,-0.000001 
8.750000,6.271478,-0.000001 10.000002,6.271478,0.000001 10.000002,7.525774,0.000001 
10.000002,6.271478,0.000001 8.750000,6.271478,-0.000001 8.750000,5.017182,-0.000001 
6.250000,6.271478,-0.000001 7.500000,6.271478,-0.000001 7.500000,7.525774,-0.000001 
7.500000,6.271478,-0.000001 6.250000,5.017182,-0.000001 7.500000,5.017182,-0.000001 
6.250000,5.017182,-0.000001 7.500000,6.271478,-0.000001 6.250000,6.271478,-0.000001 
8.750000,6.271478,-0.000001 7.500000,6.271478,-0.000001 7.500000,5.017182,-0.000001 
7.500000,6.271478,-0.000001 8.750000,7.525774,-0.000001 7.500000,7.525774,-0.000001 
8.750000,7.525774,-0.000001 7.500000,6.271478,-0.000001 8.750000,6.271478,-0.000001 
3.750000,8.762887,-0.000001 2.500000,8.758591,-0.000000 2.500000,7.508591,-0.000000 
2.500000,8.758591,-0.000000 3.749999,10.000000,-0.000001 2.499818,10.000000,-0.000000 
3.749999,10.000000,-0.000001 2.500000,8.758591,-0.000000 3.750000,8.762887,-0.000001 
-0.000000,6.249999,-0.000000 1.250000,7.504295,-0.000000 -0.000000,7.499999,-0.000000 
1.250000,7.504295,-0.000000 1.250000,6.254295,-0.000000 2.500000,7.508591,-0.000000 
1.250000,6.254295,-0.000000 1.250000,7.504295,-0.000000 -0.000000,6.249999,-0.000000 
2.500000,8.758591,-0.000000 1.250000,7.504295,-0.000000 2.500000,7.508591,-0.000000 
1.250000,7.504295,-0.000000 1.250000,8.754295,-0.000000 -0.000000,7.499999,-0.000000 
1.250000,8.754295,-0.000000 1.250000,7.504295,-0.000000 2.500000,8.758591,-0.000000 
5.000000,6.267182,-0.000001 6.250000,7.521478,-0.000001 5.000000,7.517182,-0.000001 
6.250000,7.521478,-0.000001 6.250000,6.271478,-0.000001 7.500000,7.525774,-0.000001 
6.250000,6.271478,-0.000001 6.250000,7.521478,-0.000001 5.000000,6.267182,-0.000001 
6.250000,10.000720,-0.000001 6.250000,8.771478,-0.000001 7.500197,10.000000,-0.000001 
6.250000,8.771478,-0.000001 5.000000,8.767183,-0.000001 5.000000,7.517182,-0.000001 
5.000000,8.767183,-0.000001 6.250000,8.771478,-0.000001 6.250000,10.000720,-0.000001 
6.250000,7.521478,-0.000001 6.250000,8.771478,-0.000001 5.000000,7.517182,-0.000001 
6.250000,8.771478,-0.000001 7.500000,8.775774,-0.000001 7.500197,10.000000,-0.000001 
7.500000,8.775774,-0.000001 6.250000,8.771478,-0.000001 6.250000,7.521478,-0.000001 
5.000000,8.767183,-0.000001 3.750000,7.512887,-0.000001 5.000000,7.517182,-0.000001 
3.750000,7.512887,-0.000001 3.750000,8.762887,-0.000001 2.500000,7.508591,-0.000000 
3.750000,8.762887,-0.000001 3.750000,7.512887,-0.000001 5.000000,8.767183,-0.000001 
3.750000,5.012886,-0.000001 3.750000,6.262887,-0.000001 2.500000,5.008591,-0.000000 
3.750000,6.262887,-0.000001 5.000000,6.267182,-0.000001 5.000000,7.517182,-0.000001 
5.000000,6.267182,-0.000001 3.750000,6.262887,-0.000001 3.750000,5.012886,-0.000001 
3.750000,7.512887,-0.000001 3.750000,6.262887,-0.000001 5.000000,7.517182,-0.000001 
3.750000,6.262887,-0.000001 2.500000,6.258591,-0.000000 2.500000,5.008591,-0.000000 
2.500000,6.258591,-0.000000 3.750000,6.262887,-0.000001 3.750000,7.512887,-0.000001 
6.250000,1.254295,-0.000000 7.500000,1.254295,-0.000000 7.500000,2.508591,-0.000000 
7.500000,1.254295,-0.000000 6.250000,-0.000001,-0.000000 7.500000,-0.000001,-0.000000 
6.250000,-0.000001,-0.000000 7.500000,1.254295,-0.000000 6.250000,1.254295,-0.000000 
10.000002,3.762887,0.000001 8.750000,2.508591,-0.000000 10.000002,2.508591,0.000001 
8.750000,2.508591,-0.000000 8.750000,3.762887,-0.000001 7.500000,2.508591,-0.000000 
8.750000,3.762887,-0.000001 8.750000,2.508591,-0.000000 10.000002,3.762887,0.000001 
7.500000,1.254295,-0.000000 8.750000,2.508591,-0.000000 7.500000,2.508591,-0.000000 
8.750000,2.508591,-0.000000 8.750000,1.254295,-0.000000 10.000002,2.508591,0.000001 
8.750000,1.254295,-0.000000 8.750000,2.508591,-0.000000 7.500000,1.254295,-0.000000 
5.000000,3.762886,-0.000001 3.750000,2.508591,-0.000000 5.000000,2.508591,-0.000000 
3.750000,2.508591,-0.000000 3.750000,3.762886,-0.000001 2.500000,2.508590,-0.000000 
3.750000,3.762886,-0.000001 3.750000,2.508591,-0.000000 5.000000,3.762886,-0.000001 
3.750000,-0.000001,-0.000000 3.750000,1.254295,-0.000000 2.500000,-0.000001,-0.000000 
3.750000,1.254295,-0.000000 5.000000,1.254295,-0.000000 5.000000,2.508591,-0.000000 
5.000000,1.254295,-0.000000 3.750000,1.254295,-0.000000 3.750000,-0.000001,-0.000000 
3.750000,2.508591,-0.000000 3.750000,1.254295,-0.000000 5.000000,2.508591,-0.000000 
3.750000,1.254295,-0.000000 2.500000,1.254295,-0.000000 2.500000,-0.000001,-0.000000 
2.500000,1.254295,-0.000000 3.750000,1.254295,-0.000000 3.750000,2.508591,-0.000000 
5.000000,1.254295,-0.000000 6.250000,2.508591,-0.000000 5.000000,2.508591,-0.000000 
6.250000,2.508591,-0.000000 6.250000,1.254295,-0.000000 7.500000,2.508591,-0.000000 
6.250000,1.254295,-0.000000 6.250000,2.508591,-0.000000 5.000000,1.254295,-0.000000 
6.250000,5.017182,-0.000001 6.250000,3.762886,-0.000001 7.500000,5.017182,-0.000001 
6.250000,3.762886,-0.000001 5.000000,3.762886,-0.000001 5.000000,2.508591,-0.000000 
5.000000,3.762886,-0.000001 6.250000,3.762886,-0.000001 6.250000,5.017182,-0.000001 
6.250000,2.508591,-0.000000 6.250000,3.762886,-0.000001 5.000000,2.508591,-0.000000 
6.250000,3.762886,-0.000001 7.500000,3.762887,-0.000001 7.500000,5.017182,-0.000001 
7.500000,3.762887,-0.000001 6.250000,3.762886,-0.000001 6.250000,2.508591,-0.000000 
1.304099,9.195093,10.000001 2.397517,8.062845,7.502419 1.531761,8.782972,5.000000 
1.773190,8.365584,-0.000000 0.886595,9.182792,0.000000 0.886595,9.182791,5.000000 
0.000000,9.999999,10.000001 0.652050,9.585588,10.000000 0.886595,9.182791,5.000000 
8.835183,8.819018,10.000001 7.869971,7.894353,7.504646 8.422886,8.547673,5.000000 
8.028594,8.261939,0.000001 9.014297,9.130969,0.000001 9.014297,9.130970,5.000001 
10.000000,10.000000,10.000001 9.417591,9.410529,10.000001 9.014297,9.130970,5.000001 
1.464893,2.181865,10.000001 2.472456,2.860104,7.502419 1.540950,2.096424,5.000000 
1.625355,2.025044,-0.000000 0.812677,1.012522,0.000000 0.812677,1.012522,5.000000 
-0.000000,0.000000,10.000001 0.732447,1.089441,10.000000 0.812677,1.012522,5.000000 
7.414747,5.545180,4.997881 8.124965,7.190388,7.498940 8.707373,5.908329,7.498941 
7.414747,5.545180,4.997881 6.904937,6.970670,5.019015 8.835182,8.835595,10.000000 
10.000002,6.271478,0.000001 8.633995,8.640442,0.000000 6.905011,6.971079,5.023064 
10.000002,6.271478,0.000001 6.905011,6.971079,5.023064 7.393778,5.582743,5.019231 
7.852007,1.601563,10.000001 7.272577,2.783841,7.502419 7.940300,1.674290,5.000000 
8.028593,1.756082,0.000000 9.014297,0.878041,0.000000 9.014297,0.878042,5.000001 
10.000000,0.000002,10.000001 8.926004,0.812635,10.000001 9.014297,0.878042,5.000001 
10.000000,0.000001,10.000000 8.935026,0.808934,10.000000 5.603914,0.883886,10.000000 
1.207828,1.767772,10.000001 0.603916,0.883886,10.000001 5.603914,0.883886,10.000000 
0.000001,-0.000000,10.000000 0.622358,0.736112,10.000001 0.652050,4.581134,10.000001 
1.304099,9.162269,10.000002 0.652049,9.581134,10.000001 0.652050,4.581134,10.000001 
10.000001,10.000001,10.000001 8.709763,9.257409,7.520871 9.207056,5.598766,8.903078 
8.414112,1.197532,7.806155 9.207056,0.598767,8.903078 9.207056,5.598766,8.903078 
8.028594,8.269200,0.000002 5.706320,8.207410,-0.000001 5.189593,6.568588,4.995086 
5.189593,6.568588,4.995086 6.906513,6.979309,5.104612 8.028594,8.269200,0.000002 
5.904225,6.701794,10.000000 5.224528,6.509812,4.992924 6.905984,6.971025,4.965969 
6.905984,6.971025,4.965969 7.870583,7.900856,7.482985 6.405105,6.836409,7.482984 
-0.000001,9.999999,10.000000 0.649352,9.585231,9.993121 1.250140,10.000000,10.000000 
1.298480,9.170464,10.000000 2.477686,9.939823,9.985237 0.649352,9.585231,9.993121 
3.169188,10.000001,10.000001 1.250140,10.000000,10.000000 2.477686,9.939823,9.985237 
0.649352,9.585231,9.993121 2.477686,9.939823,9.985237 1.250140,10.000000,10.000000 
6.614584,6.591943,4.499916 7.460938,7.443957,5.874937 5.585892,7.443957,5.874937 
10.000000,10.000000,10.000000 8.124954,10.000000,10.000000 9.153646,9.147986,8.624979 
2.499817,10.000000,10.000000 3.528508,9.147986,8.624979 4.374862,10.000000,10.000000 
8.307292,8.295971,7.249958 7.278600,9.147986,8.624979 6.432246,8.295972,7.249958 
8.307292,8.295971,7.249958 6.432246,8.295972,7.249958 7.460938,7.443957,5.874937 
4.557200,8.295972,7.249958 5.585892,7.443957,5.874937 6.432246,8.295972,7.249958 
7.460938,7.443957,5.874937 6.432246,8.295972,7.249958 5.585892,7.443957,5.874937 
6.249908,10.000000,10.000000 7.278600,9.147986,8.624979 8.124954,10.000000,10.000000 
8.307292,8.295971,7.249958 9.153646,9.147986,8.624979 7.278600,9.147986,8.624979 
8.124954,10.000000,10.000000 7.278600,9.147986,8.624979 9.153646,9.147986,8.624979 
4.557200,8.295972,7.249958 5.403554,9.147986,8.624979 3.528508,9.147986,8.624979 
6.249908,10.000000,10.000000 4.374862,10.000000,10.000000 5.403554,9.147986,8.624979 
3.528508,9.147986,8.624979 5.403554,9.147986,8.624979 4.374862,10.000000,10.000000 
6.249908,10.000000,10.000000 5.403554,9.147986,8.624979 7.278600,9.147986,8.624979 
4.557200,8.295972,7.249958 6.432246,8.295972,7.249958 5.403554,9.147986,8.624979 
7.278600,9.147986,8.624979 5.403554,9.147986,8.624979 6.432246,8.295972,7.249958 
10.000000,10.000000,0.000001 10.000000,10.000000,5.000001 9.014297,9.130969,0.000001 
10.000000,10.000000,10.000001 9.014297,9.130970,5.000001 10.000000,10.000000,5.000001 
9.014297,9.130969,0.000001 10.000000,10.000000,5.000001 9.014297,9.130970,5.000001 
-0.000001,-0.000000,0.000001 -0.000001,-0.000000,5.000001 0.812677,1.012522,0.000000 
-0.000000,0.000000,10.000001 0.812677,1.012522,5.000000 -0.000001,-0.000000,5.000001 
0.812677,1.012522,0.000000 -0.000001,-0.000000,5.000001 0.812677,1.012522,5.000000 
1.464893,2.178882,10.000000 1.545124,2.101963,5.000000 0.732447,1.089441,10.000000 
1.625355,2.025044,-0.000000 0.812677,1.012522,5.000000 1.545124,2.101963,5.000000 
0.732447,1.089441,10.000000 1.545124,2.101963,5.000000 0.812677,1.012522,5.000000 
-0.000000,10.000000,0.000001 -0.000000,10.000000,5.000001 0.886595,9.182792,0.000000 
0.000000,9.999999,10.000001 0.886595,9.182791,5.000000 -0.000000,10.000000,5.000001 
0.886595,9.182792,0.000000 -0.000000,10.000000,5.000001 0.886595,9.182791,5.000000 
1.304100,9.171178,10.000000 1.538645,8.768381,5.000000 0.652050,9.585588,10.000000 
1.773190,8.365584,-0.000000 0.886595,9.182791,5.000000 1.538645,8.768381,5.000000 
0.652050,9.585588,10.000000 1.538645,8.768381,5.000000 0.886595,9.182791,5.000000 
3.490935,6.930597,5.004837 2.625179,7.650725,2.502418 2.397517,8.062845,7.502419 
1.759424,8.370852,-0.000000 1.531761,8.782972,5.000000 2.625179,7.650725,2.502418 
2.397517,8.062845,7.502419 2.625179,7.650725,2.502418 1.531761,8.782972,5.000000 
3.480018,3.538342,5.004837 2.548512,2.774662,2.502418 2.472456,2.860104,7.502419 
1.617006,2.010982,-0.000000 1.540950,2.096424,5.000000 2.548512,2.774662,2.502418 
2.472456,2.860104,7.502419 2.548512,2.774662,2.502418 1.540950,2.096424,5.000000 
10.000000,0.000001,0.000001 10.000000,0.000001,5.000001 9.014297,0.878041,0.000000 
10.000000,0.000002,10.000001 9.014297,0.878042,5.000001 10.000000,0.000001,5.000001 
9.014297,0.878041,0.000000 10.000000,0.000001,5.000001 9.014297,0.878042,5.000001 
7.852007,1.625268,10.000000 7.940300,1.690675,5.000000 8.926004,0.812635,10.000001 
8.028593,1.756082,0.000000 9.014297,0.878042,5.000001 7.940300,1.690675,5.000000 
8.926004,0.812635,10.000001 7.940300,1.690675,5.000000 9.014297,0.878042,5.000001 
6.693147,3.966119,5.004837 7.360870,2.856568,2.502418 7.272577,2.783841,7.502419 
8.028593,1.747016,-0.000000 7.940300,1.674290,5.000000 7.360870,2.856568,2.502418 
7.272577,2.783841,7.502419 7.360870,2.856568,2.502418 7.940300,1.674290,5.000000 
8.835183,8.821057,10.000000 8.431888,8.541498,5.000001 9.417591,9.410529,10.000001 
8.028594,8.261939,0.000001 9.014297,9.130970,5.000001 8.431888,8.541498,5.000001 
9.417591,9.410529,10.000001 8.431888,8.541498,5.000001 9.014297,9.130970,5.000001 
6.904758,6.969688,5.009291 7.457674,7.623008,2.504645 7.869971,7.894353,7.504646 
8.010589,8.276328,-0.000001 8.422886,8.547673,5.000000 7.457674,7.623008,2.504645 
7.869971,7.894353,7.504646 7.457674,7.623008,2.504645 8.422886,8.547673,5.000000 
9.999999,0.000001,10.000001 9.999999,2.500001,10.000001 9.603527,0.299384,9.451540 
10.000001,10.000001,10.000001 9.603528,7.799384,9.451540 10.000000,7.500001,10.000001 
9.207056,0.598767,8.903078 10.000000,5.000001,10.000001 9.207056,5.598766,8.903078 
8.835182,8.835595,10.000000 9.126387,8.194566,10.000000 8.480074,8.012991,8.749470 
10.000000,6.271478,10.000000 8.707373,5.908329,7.498941 9.417591,7.553536,10.000000 
8.124965,7.190388,7.498940 9.417591,7.553536,10.000000 8.707373,5.908329,7.498941 
7.419526,8.514817,5.041740 7.916819,4.856175,6.423948 8.709763,9.257409,7.520871 
8.414112,1.197532,7.806155 9.207056,5.598766,8.903078 7.916819,4.856175,6.423948 
8.709763,9.257409,7.520871 7.916819,4.856175,6.423948 9.207056,5.598766,8.903078 
-0.000001,9.999999,10.000000 -0.000000,4.999999,10.000000 0.652049,9.581134,10.000001 
0.000001,-0.000000,10.000000 0.652050,4.581134,10.000001 -0.000000,4.999999,10.000000 
0.652049,9.581134,10.000001 -0.000000,4.999999,10.000000 0.652050,4.581134,10.000001 
1.244715,1.472224,10.000002 1.274407,5.317247,10.000002 0.622358,0.736112,10.000001 
1.304099,9.162269,10.000002 0.652050,4.581134,10.000001 1.274407,5.317247,10.000002 
0.622358,0.736112,10.000001 1.274407,5.317247,10.000002 0.652050,4.581134,10.000001 
0.000005,-0.000000,10.000001 5.000003,0.000000,10.000000 0.603916,0.883886,10.000001 
10.000000,0.000001,10.000000 5.603914,0.883886,10.000000 5.000003,0.000000,10.000000 
0.603916,0.883886,10.000001 5.000003,0.000000,10.000000 5.603914,0.883886,10.000000 
8.835182,8.830687,10.000001 7.369704,7.766240,10.000000 7.870583,7.900856,7.482985 
5.904225,6.701794,10.000000 6.405105,6.836409,7.482984 7.369704,7.766240,10.000000 
7.870583,7.900856,7.482985 7.369704,7.766240,10.000000 6.405105,6.836409,7.482984 
9.207056,5.598766,8.903078 9.603528,5.299384,9.451540 9.603528,7.799384,9.451540 
10.000000,5.000001,10.000001 10.000000,7.500001,10.000001 9.603528,5.299384,9.451540 
9.603528,7.799384,9.451540 9.603528,5.299384,9.451540 10.000000,7.500001,10.000001 
9.417591,7.553536,10.000000 8.771278,7.371962,8.749470 9.126387,8.194566,10.000000 
8.124965,7.190388,7.498940 8.480074,8.012991,8.749470 8.771278,7.371962,8.749470 
9.126387,8.194566,10.000000 8.771278,7.371962,8.749470 8.480074,8.012991,8.749470 
10.000000,5.000001,10.000001 9.603528,2.799384,9.451540 9.999999,2.500001,10.000001 
9.207056,0.598767,8.903078 9.603527,0.299384,9.451540 9.603528,2.799384,9.451540 
9.999999,2.500001,10.000001 9.603528,2.799384,9.451540 9.603527,0.299384,9.451540 
3.034574,0.180794,10.000001 3.543458,1.679357,7.498941 3.842747,0.090397,10.000001 
4.052343,3.177920,4.997881 4.351631,1.588960,7.498941 3.543458,1.679357,7.498941 
3.842747,0.090397,10.000001 3.543458,1.679357,7.498941 4.351631,1.588960,7.498941 
7.870052,1.617867,10.000001 4.538940,1.692819,10.000001 8.935026,0.808934,10.000000 
1.207828,1.767772,10.000001 5.603914,0.883886,10.000000 4.538940,1.692819,10.000001 
8.935026,0.808934,10.000000 4.538940,1.692819,10.000001 5.603914,0.883886,10.000000 
