6.435122,4.856556,-0.003221 6.484961,4.730773,-0.003221 9.999998,3.728522,10.000001 
6.435122,4.856556,-0.003221 9.829383,4.565029,10.000001 9.999998,3.728522,10.000001 
6.345411,5.063729,-0.003221 6.435122,4.856556,-0.003221 9.829383,4.565029,10.000001 
6.345411,5.063729,-0.003221 9.499539,5.580542,10.000001 9.829383,4.565029,10.000001 
6.265667,5.182113,-0.003221 6.345411,5.063729,-0.003221 9.499539,5.580542,10.000001 
6.265667,5.182113,-0.003221 9.268647,6.331139,10.000001 9.499539,5.580542,10.000001 
6.133592,5.282000,-0.003221 6.265667,5.182113,-0.003221 9.268647,6.331139,10.000001 
6.133592,5.282000,-0.003221 8.872833,7.037583,10.000001 9.268647,6.331139,10.000001 
6.006501,5.409633,-0.003221 6.133592,5.282000,-0.003221 8.872833,7.037583,10.000001 
6.006501,5.409633,-0.003221 8.468456,7.773526,10.000001 8.872833,7.037583,10.000001 
5.849507,5.509519,-0.003221 6.006501,5.409633,-0.003221 8.468456,7.773526,10.000001 
5.849507,5.509519,-0.003221 7.916282,8.362165,10.000001 8.468456,7.773526,10.000001 
5.708197,5.613114,-0.002540 5.849507,5.509519,-0.003221 7.916282,8.362165,10.000001 
5.708197,5.613114,-0.002540 7.388529,8.936151,10.000001 7.916282,8.362165,10.000001 
5.483920,5.690804,-0.002540 5.708197,5.613114,-0.002540 7.388529,8.936151,10.000001 
5.483920,5.690804,-0.002540 6.926746,9.333525,10.000001 7.388529,8.936151,10.000001 
5.282069,5.740747,-0.002540 5.483920,5.690804,-0.002540 6.926746,9.333525,10.000001 
5.282069,5.740747,-0.002540 6.464963,9.642594,10.000001 6.926746,9.333525,10.000001 
4.878369,5.785141,-0.002540 5.282069,5.740747,-0.002540 6.464963,9.642594,10.000001 
4.878369,5.785141,-0.002540 5.541397,9.951664,10.000001 6.464963,9.642594,10.000001 
4.624187,5.774043,-0.002540 4.878369,5.785141,-0.002540 5.541397,9.951664,10.000001 
4.624187,5.774043,-0.002540 4.650920,9.999999,10.000001 5.541397,9.951664,10.000001 
4.399909,5.735197,-0.002540 4.624187,5.774043,-0.002540 4.650920,9.999999,10.000001 
4.644018,8.992098,7.498941 3.842747,9.909602,10.000001 4.650920,9.999999,10.000001 
4.160679,5.651959,-0.002540 4.399909,5.735197,-0.002540 3.034574,9.819205,10.000001 
4.160679,5.651959,-0.002540 2.012054,8.980303,10.000001 3.034574,9.819205,10.000001 
3.846690,5.468833,-0.002540 4.160679,5.651959,-0.002540 2.012054,8.980303,10.000001 
3.846690,5.468833,-0.002540 1.055503,8.097248,10.000001 2.012054,8.980303,10.000001 
3.659792,5.285707,-0.002540 3.846690,5.468833,-0.002540 1.055503,8.097248,10.000001 
3.659792,5.285707,-0.002540 0.626704,6.993430,10.000001 1.055503,8.097248,10.000001 
3.555129,5.113680,-0.002540 3.659792,5.285707,-0.002540 0.626704,6.993430,10.000001 
3.555129,5.113680,-0.002540 0.131937,5.624695,10.000000 0.626704,6.993430,10.000001 
3.502798,4.958301,-0.002540 3.555129,5.113680,-0.002540 0.131937,5.624695,10.000000 
3.502798,4.958301,-0.002540 -0.000001,4.476724,10.000000 0.131937,5.624695,10.000000 
3.495321,4.791823,-0.002540 3.502798,4.958301,-0.002540 -0.000001,4.476724,10.000000 
3.531968,4.609429,-0.003219 0.098952,3.372906,10.000000 -0.000001,4.476724,10.000000 
3.531968,4.609429,-0.003219 3.495321,4.791823,-0.002540 -0.000001,4.476724,10.000000 
3.599251,4.465148,-0.003219 0.334869,2.658226,10.000000 0.098952,3.372906,10.000000 
3.599251,4.465148,-0.003219 3.531968,4.609429,-0.003219 0.098952,3.372906,10.000000 
3.688962,4.376360,-0.003219 3.599251,4.465148,-0.003219 0.334869,2.658226,10.000000 
3.688962,4.376360,-0.003219 0.758642,1.739254,10.000000 0.334869,2.658226,10.000000 
3.816053,4.259826,-0.003219 3.688962,4.376360,-0.003219 0.758642,1.739254,10.000000 
3.816053,4.259826,-0.003219 1.154456,0.944505,10.000000 0.758642,1.739254,10.000000 
3.934062,4.188249,-0.003219 3.816053,4.259826,-0.003219 1.154456,0.944505,10.000000 
3.934062,4.188249,-0.003219 1.946085,0.370519,10.000000 1.154456,0.944505,10.000000 
4.070235,4.132193,-0.003219 3.934062,4.188249,-0.003219 1.946085,0.370519,10.000000 
4.070235,4.132193,-0.003219 2.473837,0.061450,10.000000 1.946085,0.370519,10.000000 
4.257133,4.082249,-0.003219 4.070235,4.132193,-0.003219 2.473837,0.061450,10.000000 
4.257133,4.082249,-0.003219 3.169189,-0.000001,10.000000 2.473837,0.061450,10.000000 
4.436555,4.076700,-0.003219 4.257133,4.082249,-0.003219 3.169189,-0.000001,10.000000 
4.645882,4.087798,-0.003219 4.436555,4.076700,-0.003219 3.169189,-0.000001,10.000000 
4.645882,4.087798,-0.003219 3.991125,0.061450,10.000000 3.169189,-0.000001,10.000000 
4.795400,4.126644,-0.003221 4.645882,4.087798,-0.003219 3.991125,0.061450,10.000000 
4.795400,4.126644,-0.003221 4.683799,0.458824,10.000000 3.991125,0.061450,10.000000 
4.922491,4.176587,-0.003221 4.795400,4.126644,-0.003221 4.683799,0.458824,10.000000 
4.922491,4.176587,-0.003221 5.211552,1.032810,10.000000 4.683799,0.458824,10.000000 
5.034630,4.243178,-0.003221 4.922491,4.176587,-0.003221 5.211552,1.032810,10.000000 
5.034630,4.243178,-0.003221 5.706319,1.783407,10.000000 5.211552,1.032810,10.000000 
5.226414,3.506154,-0.000000 5.034630,4.243178,-0.003221 5.706319,1.783407,10.000000 
5.226414,3.506154,-0.000000 5.805273,2.489850,10.000000 5.706319,1.783407,10.000000 
5.334491,3.677760,-0.000000 5.226414,3.506154,-0.000000 5.805273,2.489850,10.000000 
5.334491,3.677760,-0.000000 5.904226,3.417058,10.000001 5.805273,2.489850,10.000000 
5.394534,3.981367,-0.000000 5.334491,3.677760,-0.000000 5.904226,3.417058,10.000001 
5.394534,3.981367,-0.000000 5.706319,4.388418,10.000001 5.904226,3.417058,10.000001 
5.406542,4.284974,-0.000000 5.394534,3.981367,-0.000000 5.706319,4.388418,10.000001 
5.406542,4.284974,-0.000000 5.277521,5.183167,10.000001 5.706319,4.388418,10.000001 
5.322482,4.588582,-0.000000 5.406542,4.284974,-0.000000 5.277521,5.183167,10.000001 
5.322482,4.588582,-0.000000 4.683799,5.492237,10.000001 5.277521,5.183167,10.000001 
5.226414,4.812989,-0.000000 5.322482,4.588582,-0.000000 4.683799,5.492237,10.000001 
5.226414,4.812989,-0.000000 3.769735,5.670712,10.000001 4.683799,5.492237,10.000001 
5.058293,4.997794,-0.000000 5.226414,4.812989,-0.000000 3.769735,5.670712,10.000001 
5.058293,4.997794,-0.000000 3.281907,5.482172,10.000001 3.769735,5.670712,10.000001 
4.517907,5.222198,-0.000000 5.058293,4.997794,-0.000000 3.281907,5.482172,10.000001 
2.997803,5.252298,10.000001 4.517907,5.222198,-0.000000 3.281907,5.482172,10.000001 
2.997803,5.252298,10.000001 4.061581,5.076994,-0.000000 4.517907,5.222198,-0.000000 
2.997803,5.252298,10.000001 4.061581,5.076994,-0.000000 2.671744,4.520876,10.000000 
3.941495,4.944991,-0.000000 4.061581,5.076994,-0.000000 2.671744,4.520876,10.000000 
3.941495,4.944991,-0.000000 2.539806,3.991044,10.000000 2.671744,4.520876,10.000000 
3.833418,4.746986,-0.000000 3.941495,4.944991,-0.000000 2.539806,3.991044,10.000000 
3.833418,4.746986,-0.000000 2.539806,3.991044,10.000000 2.638760,3.372906,10.000000 
3.773375,4.548982,-0.000000 3.833418,4.746986,-0.000000 2.638760,3.372906,10.000000 
3.773375,4.548982,-0.000000 2.836667,2.843072,10.000000 2.638760,3.372906,10.000000 
3.797392,4.311376,-0.000000 3.773375,4.548982,-0.000000 2.836667,2.843072,10.000000 
3.797392,4.311376,-0.000000 3.265465,2.489850,10.000000 2.836667,2.843072,10.000000 
3.881452,4.139770,-0.000000 3.797392,4.311376,-0.000000 3.265465,2.489850,10.000000 
3.881452,4.139770,-0.000000 3.399046,2.363186,10.000000 3.265465,2.489850,10.000000 
4.001538,3.968166,-0.000000 3.881452,4.139770,-0.000000 3.399046,2.363186,10.000000 
3.731114,2.369491,10.000001 4.001538,3.968166,-0.000000 3.399046,2.363186,10.000000 
3.731114,2.369491,10.000001 4.205684,3.888965,-0.000000 4.001538,3.968166,-0.000000 
3.731114,2.369491,10.000001 4.205684,3.888965,-0.000000 4.287985,2.710614,10.000000 
4.397821,3.888965,-0.000000 4.205684,3.888965,-0.000000 4.287985,2.710614,10.000000 
4.397821,3.888965,-0.000000 4.485892,3.196294,10.000000 4.287985,2.710614,10.000000 
4.565942,3.968166,-0.000000 4.397821,3.888965,-0.000000 4.485892,3.196294,10.000000 
4.565942,3.968166,-0.000000 4.485892,3.196294,10.000000 4.518877,3.505363,10.000000 
4.650001,4.060568,-0.000000 4.565942,3.968166,-0.000000 4.518877,3.505363,10.000000 
4.650001,4.060568,-0.000000 4.367610,3.926965,10.000000 4.518877,3.505363,10.000000 
4.734062,4.245374,-0.000000 4.650001,4.060568,-0.000000 4.367610,3.926965,10.000000 
4.734062,4.245374,-0.000000 4.261024,4.181282,10.000000 4.367610,3.926965,10.000000 
4.734062,4.403778,-0.000000 4.734062,4.245374,-0.000000 4.261024,4.181282,10.000000 
4.734062,4.403778,-0.000000 4.146412,4.320720,10.000000 4.261024,4.181282,10.000000 
4.637993,4.522581,-0.000000 4.734062,4.403778,-0.000000 4.146412,4.320720,10.000000 
3.835764,4.312252,10.000001 4.637993,4.522581,-0.000000 4.146412,4.320720,10.000000 
3.835764,4.312252,10.000001 4.469873,4.667785,-0.000000 4.637993,4.522581,-0.000000 
3.588009,4.178662,10.000001 3.835764,4.312252,10.000001 4.469873,4.667785,-0.000000 
3.588009,4.178662,10.000001 4.361796,4.654583,-0.000000 4.469873,4.667785,-0.000000 
3.588009,4.178662,10.000001 4.361796,4.654583,-0.000000 3.397403,3.946891,10.000000 
4.205684,4.509380,-0.000000 4.361796,4.654583,-0.000000 3.397403,3.946891,10.000000 
4.205684,4.509380,-0.000000 3.364419,3.549516,10.000000 3.397403,3.946891,10.000000 
4.193675,4.390577,-0.000000 4.205684,4.509380,-0.000000 3.364419,3.549516,10.000000 
4.193675,4.390577,-0.000000 3.463372,3.284601,10.000000 3.364419,3.549516,10.000000 
4.241710,4.284974,-0.000000 4.193675,4.390577,-0.000000 3.463372,3.284601,10.000000 
4.241710,4.284974,-0.000000 3.694264,3.107989,10.000000 3.463372,3.284601,10.000000 
4.361796,4.205772,-0.000000 4.241710,4.284974,-0.000000 3.694264,3.107989,10.000000 
3.882569,3.149232,9.996426 4.361796,4.205772,-0.000000 3.694264,3.107989,10.000000 
3.882569,3.149232,9.996426 4.361796,4.205772,-0.000000 3.973513,3.343237,10.000000 
4.493890,4.284974,-0.000000 4.361796,4.205772,-0.000000 3.973513,3.343237,10.000000 
4.481882,4.364177,-0.000000 4.493890,4.284974,-0.000000 3.973513,3.343237,10.000000 
4.481882,4.364177,-0.000000 3.826202,3.902738,10.000000 3.973513,3.343237,10.000000 
4.421839,4.456580,-0.000000 4.481882,4.364177,-0.000000 3.826202,3.902738,10.000000 
4.421839,4.456580,-0.000000 3.628295,3.593669,10.000000 3.826202,3.902738,10.000000 
4.313761,4.390577,-0.000000 4.421839,4.456580,-0.000000 3.628295,3.593669,10.000000 
0.000000,10.000000,0.000000 0.000000,8.750000,0.000000 1.250000,8.745704,0.000000 
10.000001,-0.000001,0.000001 10.000002,1.219929,0.000001 8.750000,1.219929,-0.000001 
0.000000,0.000000,0.000000 1.250139,-0.000002,0.000000 0.000000,1.250000,0.000000 
10.000001,-0.000001,0.000001 8.750000,1.219929,-0.000001 8.749984,-0.000001,-0.000001 
0.000000,5.000000,0.000000 1.250000,3.745704,0.000000 1.250000,4.995704,0.000000 
10.000001,9.999998,0.000001 8.750000,10.000000,0.000000 10.000002,8.745704,0.000001 
0.000000,10.000000,0.000000 1.250000,8.745704,0.000000 1.250000,10.000000,0.000000 
10.000002,4.982816,0.000001 8.750000,6.237112,-0.000001 8.750000,4.982817,-0.000001 
0.000000,5.000000,0.000000 1.250000,4.995704,0.000000 0.000000,6.250000,0.000000 
5.000000,4.982817,-0.000001 3.750000,6.237113,-0.000001 3.750000,4.987113,-0.000001 
0.000000,7.500000,0.000000 1.250000,6.245704,0.000000 1.250000,7.495704,0.000000 
10.000002,4.982816,0.000001 8.750000,4.982817,-0.000001 10.000002,3.728521,0.000001 
5.000000,4.982817,-0.000001 6.250000,3.728521,-0.000001 6.250000,4.982817,-0.000001 
10.000002,2.474225,0.000001 8.750000,3.728521,-0.000001 8.750000,2.474225,-0.000001 
5.000002,-0.000001,-0.000001 3.750000,1.237112,-0.000001 3.749999,-0.000001,-0.000001 
0.000000,5.000000,0.000000 0.000000,3.750000,0.000000 1.250000,3.745704,0.000000 
2.499818,-0.000001,0.000000 2.500000,1.241409,0.000000 1.250000,1.245704,0.000000 
5.000000,4.982817,-0.000001 5.000000,3.732817,-0.000001 6.250000,3.728521,-0.000001 
5.000002,-0.000001,-0.000001 6.250000,-0.000721,-0.000001 5.000000,1.232816,-0.000001 
7.500000,2.474225,-0.000001 6.250000,2.478521,-0.000001 7.500000,1.224225,-0.000001 
5.000002,-0.000001,-0.000001 5.000000,1.232816,-0.000001 3.750000,1.237112,-0.000001 
5.000000,4.982817,-0.000001 3.750000,4.987113,-0.000001 5.000000,3.732817,-0.000001 
2.500000,2.491408,0.000000 3.750000,2.487112,-0.000001 2.500000,3.741408,0.000000 
5.000000,10.000000,0.000000 6.250000,8.745704,0.000000 6.250000,10.000000,0.000000 
10.000002,4.982816,0.000001 10.000002,6.237112,0.000001 8.750000,6.237112,-0.000001 
7.500000,10.000000,0.000000 7.500000,8.745704,0.000000 8.750000,8.745704,0.000000 
5.000000,4.982817,-0.000001 5.000000,6.237113,-0.000001 3.750000,6.237113,-0.000001 
5.000000,10.000000,0.000000 3.750000,10.000000,0.000000 5.000000,8.745704,0.000000 
2.500000,7.491409,0.000000 3.750000,7.491408,0.000000 2.500000,8.745704,0.000000 
5.000000,10.000000,0.000000 5.000000,8.745704,0.000000 6.250000,8.745704,0.000000 
5.000000,4.982817,-0.000001 6.250000,4.982817,-0.000001 5.000000,6.237113,-0.000001 
7.500000,7.491408,0.000000 6.250000,7.491408,0.000000 7.500000,6.237112,-0.000001 
0.000000,7.500000,0.000000 1.250000,7.495704,0.000000 0.000000,8.750000,0.000000 
2.500000,7.491409,0.000000 1.250000,8.745704,0.000000 1.250000,7.495704,0.000000 
0.000000,8.750000,0.000000 1.250000,7.495704,0.000000 1.250000,8.745704,0.000000 
10.000002,2.474225,0.000001 8.750000,2.474225,-0.000001 10.000002,1.219929,0.000001 
7.500000,2.474225,-0.000001 8.750000,1.219929,-0.000001 8.750000,2.474225,-0.000001 
10.000002,1.219929,0.000001 8.750000,2.474225,-0.000001 8.750000,1.219929,-0.000001 
2.499818,-0.000001,0.000000 1.250000,1.245704,0.000000 1.250139,-0.000002,0.000000 
0.000000,2.500000,0.000000 0.000000,1.250000,0.000000 1.250000,1.245704,0.000000 
1.250139,-0.000002,0.000000 1.250000,1.245704,0.000000 0.000000,1.250000,0.000000 
7.500000,2.474225,-0.000001 7.500000,1.224225,-0.000001 8.750000,1.219929,-0.000001 
7.500197,-0.000001,-0.000001 8.749984,-0.000001,-0.000001 7.500000,1.224225,-0.000001 
8.750000,1.219929,-0.000001 7.500000,1.224225,-0.000001 8.749984,-0.000001,-0.000001 
2.500000,2.491408,0.000000 2.500000,3.741408,0.000000 1.250000,3.745704,0.000000 
3.427015,4.956349,-0.003220 1.250000,4.995704,0.000000 2.500000,3.741408,0.000000 
1.250000,3.745704,0.000000 2.500000,3.741408,0.000000 1.250000,4.995704,0.000000 
7.500000,10.000000,0.000000 8.750000,8.745704,0.000000 8.750000,10.000000,0.000000 
10.000002,7.491408,0.000001 10.000002,8.745704,0.000001 8.750000,8.745704,0.000000 
8.750000,10.000000,0.000000 8.750000,8.745704,0.000000 10.000002,8.745704,0.000001 
2.500000,7.491409,0.000000 2.500000,8.745704,0.000000 1.250000,8.745704,0.000000 
2.500000,10.000000,0.000000 1.250000,10.000000,0.000000 2.500000,8.745704,0.000000 
1.250000,8.745704,0.000000 2.500000,8.745704,0.000000 1.250000,10.000000,0.000000 
7.500000,7.491408,0.000000 7.500000,6.237112,-0.000001 8.750000,6.237112,-0.000001 
7.500000,4.982817,-0.000001 8.750000,4.982817,-0.000001 7.500000,6.237112,-0.000001 
8.750000,6.237112,-0.000001 7.500000,6.237112,-0.000001 8.750000,4.982817,-0.000001 
3.427015,4.956349,-0.003220 1.250000,6.245704,0.000000 1.250000,4.995704,0.000000 
0.000000,7.500000,0.000000 0.000000,6.250000,0.000000 1.250000,6.245704,0.000000 
1.250000,4.995704,0.000000 1.250000,6.245704,0.000000 0.000000,6.250000,0.000000 
2.500000,7.491409,0.000000 2.500000,6.241408,0.000000 3.750000,6.237113,-0.000001 
3.427015,4.956349,-0.003220 3.750000,4.987113,-0.000001 2.500000,6.241408,0.000000 
3.750000,6.237113,-0.000001 2.500000,6.241408,0.000000 3.750000,4.987113,-0.000001 
3.427015,4.956349,-0.003220 2.500000,6.241408,0.000000 1.250000,6.245704,0.000000 
2.500000,7.491409,0.000000 1.250000,7.495704,0.000000 2.500000,6.241408,0.000000 
1.250000,6.245704,0.000000 2.500000,6.241408,0.000000 1.250000,7.495704,0.000000 
7.500000,4.982817,-0.000001 8.750000,3.728521,-0.000001 8.750000,4.982817,-0.000001 
10.000002,2.474225,0.000001 10.000002,3.728521,0.000001 8.750000,3.728521,-0.000001 
8.750000,4.982817,-0.000001 8.750000,3.728521,-0.000001 10.000002,3.728521,0.000001 
7.500000,2.474225,-0.000001 7.500000,3.728521,-0.000001 6.250000,3.728521,-0.000001 
7.500000,4.982817,-0.000001 6.250000,4.982817,-0.000001 7.500000,3.728521,-0.000001 
6.250000,3.728521,-0.000001 7.500000,3.728521,-0.000001 6.250000,4.982817,-0.000001 
7.500000,4.982817,-0.000001 7.500000,3.728521,-0.000001 8.750000,3.728521,-0.000001 
7.500000,2.474225,-0.000001 8.750000,2.474225,-0.000001 7.500000,3.728521,-0.000001 
8.750000,3.728521,-0.000001 7.500000,3.728521,-0.000001 8.750000,2.474225,-0.000001 
2.500000,2.491408,0.000000 2.500000,1.241409,0.000000 3.750000,1.237112,-0.000001 
2.499818,-0.000001,0.000000 3.749999,-0.000001,-0.000001 2.500000,1.241409,0.000000 
3.750000,1.237112,-0.000001 2.500000,1.241409,0.000000 3.749999,-0.000001,-0.000001 
0.000000,2.500000,0.000000 1.250000,2.495704,0.000000 0.000000,3.750000,0.000000 
2.500000,2.491408,0.000000 1.250000,3.745704,0.000000 1.250000,2.495704,0.000000 
0.000000,3.750000,0.000000 1.250000,2.495704,0.000000 1.250000,3.745704,0.000000 
2.500000,2.491408,0.000000 1.250000,2.495704,0.000000 2.500000,1.241409,0.000000 
0.000000,2.500000,0.000000 1.250000,1.245704,0.000000 1.250000,2.495704,0.000000 
2.500000,1.241409,0.000000 1.250000,2.495704,0.000000 1.250000,1.245704,0.000000 
5.000000,2.482817,-0.000001 6.250000,2.478521,-0.000001 5.000000,3.732817,-0.000001 
7.500000,2.474225,-0.000001 6.250000,3.728521,-0.000001 6.250000,2.478521,-0.000001 
5.000000,3.732817,-0.000001 6.250000,2.478521,-0.000001 6.250000,3.728521,-0.000001 
7.500197,-0.000001,-0.000001 6.250000,1.228522,-0.000001 6.250000,-0.000721,-0.000001 
5.000000,2.482817,-0.000001 5.000000,1.232816,-0.000001 6.250000,1.228522,-0.000001 
6.250000,-0.000721,-0.000001 6.250000,1.228522,-0.000001 5.000000,1.232816,-0.000001 
5.000000,2.482817,-0.000001 6.250000,1.228522,-0.000001 6.250000,2.478521,-0.000001 
7.500197,-0.000001,-0.000001 7.500000,1.224225,-0.000001 6.250000,1.228522,-0.000001 
6.250000,2.478521,-0.000001 6.250000,1.228522,-0.000001 7.500000,1.224225,-0.000001 
5.000000,2.482817,-0.000001 3.750000,2.487112,-0.000001 5.000000,1.232816,-0.000001 
2.500000,2.491408,0.000000 3.750000,1.237112,-0.000001 3.750000,2.487112,-0.000001 
5.000000,1.232816,-0.000001 3.750000,2.487112,-0.000001 3.750000,1.237112,-0.000001 
3.427015,4.956349,-0.003220 3.750000,3.737112,-0.000001 3.750000,4.987113,-0.000001 
5.000000,2.482817,-0.000001 5.000000,3.732817,-0.000001 3.750000,3.737112,-0.000001 
3.750000,4.987113,-0.000001 3.750000,3.737112,-0.000001 5.000000,3.732817,-0.000001 
5.000000,2.482817,-0.000001 3.750000,3.737112,-0.000001 3.750000,2.487112,-0.000001 
3.427015,4.956349,-0.003220 2.500000,3.741408,0.000000 3.750000,3.737112,-0.000001 
3.750000,2.487112,-0.000001 3.750000,3.737112,-0.000001 2.500000,3.741408,0.000000 
7.500000,7.491408,0.000000 7.500000,8.745704,0.000000 6.250000,8.745704,0.000000 
7.500000,10.000000,0.000000 6.250000,10.000000,0.000000 7.500000,8.745704,0.000000 
6.250000,8.745704,0.000000 7.500000,8.745704,0.000000 6.250000,10.000000,0.000000 
10.000002,7.491408,0.000001 8.750000,7.491408,0.000000 10.000002,6.237112,0.000001 
7.500000,7.491408,0.000000 8.750000,6.237112,-0.000001 8.750000,7.491408,0.000000 
10.000002,6.237112,0.000001 8.750000,7.491408,0.000000 8.750000,6.237112,-0.000001 
7.500000,7.491408,0.000000 8.750000,7.491408,0.000000 7.500000,8.745704,0.000000 
10.000002,7.491408,0.000001 8.750000,8.745704,0.000000 8.750000,7.491408,0.000000 
7.500000,8.745704,0.000000 8.750000,7.491408,0.000000 8.750000,8.745704,0.000000 
5.000000,7.491408,0.000000 3.750000,7.491408,0.000000 5.000000,6.237113,-0.000001 
2.500000,7.491409,0.000000 3.750000,6.237113,-0.000001 3.750000,7.491408,0.000000 
5.000000,6.237113,-0.000001 3.750000,7.491408,0.000000 3.750000,6.237113,-0.000001 
2.500000,10.000000,0.000000 3.750000,8.745704,0.000000 3.750000,10.000000,0.000000 
5.000000,7.491408,0.000000 5.000000,8.745704,0.000000 3.750000,8.745704,0.000000 
3.750000,10.000000,0.000000 3.750000,8.745704,0.000000 5.000000,8.745704,0.000000 
5.000000,7.491408,0.000000 3.750000,8.745704,0.000000 3.750000,7.491408,0.000000 
2.500000,10.000000,0.000000 2.500000,8.745704,0.000000 3.750000,8.745704,0.000000 
3.750000,7.491408,0.000000 3.750000,8.745704,0.000000 2.500000,8.745704,0.000000 
5.000000,7.491408,0.000000 6.250000,7.491408,0.000000 5.000000,8.745704,0.000000 
7.500000,7.491408,0.000000 6.250000,8.745704,0.000000 6.250000,7.491408,0.000000 
5.000000,8.745704,0.000000 6.250000,7.491408,0.000000 6.250000,8.745704,0.000000 
7.500000,4.982817,-0.000001 6.250000,6.237113,-0.000001 6.250000,4.982817,-0.000001 
5.000000,7.491408,0.000000 5.000000,6.237113,-0.000001 6.250000,6.237113,-0.000001 
6.250000,4.982817,-0.000001 6.250000,6.237113,-0.000001 5.000000,6.237113,-0.000001 
5.000000,7.491408,0.000000 6.250000,6.237113,-0.000001 6.250000,7.491408,0.000000 
7.500000,4.982817,-0.000001 7.500000,6.237112,-0.000001 6.250000,6.237113,-0.000001 
6.250000,7.491408,0.000000 6.250000,6.237113,-0.000001 7.500000,6.237112,-0.000001 
1.531761,1.217027,5.000000 2.397517,1.937154,7.502419 1.304099,0.804906,10.000001 
0.886595,0.817209,5.000000 0.886595,0.817208,0.000000 1.773190,1.634415,0.000000 
0.886595,0.817209,5.000000 0.652050,0.414411,10.000000 0.000000,0.000000,10.000001 
8.422886,1.452326,5.000000 7.869971,2.105646,7.504646 8.835183,1.180981,10.000001 
9.014297,0.869029,5.000001 9.014297,0.869030,0.000001 8.028594,1.738060,0.000001 
9.014297,0.869029,5.000001 9.417591,0.589470,10.000001 10.000000,-0.000001,10.000001 
1.540950,7.903575,5.000000 2.472456,7.139895,7.502419 1.464893,7.818134,10.000001 
0.812677,8.987477,5.000000 0.812677,8.987477,0.000000 1.625355,7.974955,0.000000 
0.812677,8.987477,5.000000 0.732447,8.910558,10.000000 0.000000,9.999999,10.000001 
9.296114,3.927371,7.498941 8.398798,1.981267,7.498940 6.484961,4.730773,-0.003221 
8.835182,1.164404,10.000000 6.167579,4.131514,0.024354 6.484961,4.730773,-0.003221 
7.940300,8.325709,5.000000 7.272577,7.216158,7.502419 7.852007,8.398436,10.000001 
9.014297,9.121957,5.000001 9.014297,9.121958,0.000000 8.028593,8.243917,0.000000 
9.014297,9.121957,5.000001 8.926005,9.187364,10.000001 10.000000,9.999997,10.000001 
5.603914,9.116113,10.000000 8.935026,9.191065,10.000000 10.000000,9.999998,10.000000 
5.603914,9.116113,10.000000 0.603916,9.116113,10.000001 1.207828,8.232227,10.000001 
0.652050,5.418865,10.000001 0.622358,9.263887,10.000001 0.000001,9.999999,10.000000 
0.652050,5.418865,10.000001 0.652049,0.418865,10.000001 1.304099,0.837731,10.000002 
9.207056,4.401233,8.903078 8.709763,0.742590,7.520871 10.000001,-0.000002,10.000001 
9.207056,4.401233,8.903078 9.207056,9.401232,8.903078 8.414112,8.802467,7.806155 
6.903213,3.028974,-0.031912 5.221757,3.490188,-0.004957 5.904225,3.298205,10.000000 
6.405105,3.163590,7.482984 7.870583,2.099143,7.482985 6.903213,3.028974,-0.031912 
1.250140,-0.000001,10.000000 0.649352,0.414768,9.993121 -0.000001,0.000000,10.000000 
0.649352,0.414768,9.993121 2.477686,0.060176,9.985237 1.298480,0.829536,10.000000 
2.477686,0.060176,9.985237 1.250140,-0.000001,10.000000 3.169188,-0.000002,10.000001 
1.250140,-0.000001,10.000000 2.477686,0.060176,9.985237 0.649352,0.414768,9.993121 
5.585892,2.556042,5.874937 7.460938,2.556042,5.874937 6.611813,3.067287,0.013189 
9.153647,0.852013,8.624979 8.124955,-0.000001,10.000000 10.000000,-0.000001,10.000000 
4.374862,-0.000001,10.000000 3.528508,0.852013,8.624979 2.499817,-0.000001,10.000000 
6.432247,1.704027,7.249958 7.278601,0.852013,8.624979 8.307292,1.704028,7.249958 
7.460938,2.556042,5.874937 6.432247,1.704027,7.249958 8.307292,1.704028,7.249958 
6.432247,1.704027,7.249958 5.585892,2.556042,5.874937 4.557200,1.704027,7.249958 
5.585892,2.556042,5.874937 6.432247,1.704027,7.249958 7.460938,2.556042,5.874937 
8.124955,-0.000001,10.000000 7.278601,0.852013,8.624979 6.249908,-0.000001,10.000000 
7.278601,0.852013,8.624979 9.153647,0.852013,8.624979 8.307292,1.704028,7.249958 
9.153647,0.852013,8.624979 7.278601,0.852013,8.624979 8.124955,-0.000001,10.000000 
3.528508,0.852013,8.624979 5.403554,0.852013,8.624979 4.557200,1.704027,7.249958 
5.403554,0.852013,8.624979 4.374862,-0.000001,10.000000 6.249908,-0.000001,10.000000 
4.374862,-0.000001,10.000000 5.403554,0.852013,8.624979 3.528508,0.852013,8.624979 
7.278601,0.852013,8.624979 5.403554,0.852013,8.624979 6.249908,-0.000001,10.000000 
5.403554,0.852013,8.624979 6.432247,1.704027,7.249958 4.557200,1.704027,7.249958 
6.432247,1.704027,7.249958 5.403554,0.852013,8.624979 7.278601,0.852013,8.624979 
9.014297,0.869030,0.000001 10.000000,-0.000001,5.000001 10.000000,-0.000001,0.000001 
10.000000,-0.000001,5.000001 9.014297,0.869029,5.000001 10.000000,-0.000001,10.000001 
9.014297,0.869029,5.000001 10.000000,-0.000001,5.000001 9.014297,0.869030,0.000001 
0.812677,8.987477,0.000000 -0.000001,9.999999,5.000001 -0.000001,9.999999,0.000001 
-0.000001,9.999999,5.000001 0.812677,8.987477,5.000000 0.000000,9.999999,10.000001 
0.812677,8.987477,5.000000 -0.000001,9.999999,5.000001 0.812677,8.987477,0.000000 
0.732447,8.910558,10.000000 1.545124,7.898036,5.000000 1.464893,7.821117,10.000000 
1.545124,7.898036,5.000000 0.812677,8.987477,5.000000 1.625355,7.974955,0.000000 
0.812677,8.987477,5.000000 1.545124,7.898036,5.000000 0.732447,8.910558,10.000000 
0.886595,0.817208,0.000000 0.000000,-0.000001,5.000001 0.000000,-0.000001,0.000001 
0.000000,-0.000001,5.000001 0.886595,0.817209,5.000000 0.000000,0.000000,10.000001 
0.886595,0.817209,5.000000 0.000000,-0.000001,5.000001 0.886595,0.817208,0.000000 
0.652050,0.414411,10.000000 1.538645,1.231618,5.000000 1.304100,0.828821,10.000000 
1.538645,1.231618,5.000000 0.886595,0.817209,5.000000 1.773190,1.634415,0.000000 
0.886595,0.817209,5.000000 1.538645,1.231618,5.000000 0.652050,0.414411,10.000000 
2.397517,1.937154,7.502419 2.781755,1.974247,0.000001 3.973362,4.152433,0.006956 
2.781755,1.974247,0.000001 1.531761,1.217027,5.000000 1.759424,1.629147,0.000000 
1.531761,1.217027,5.000000 2.781755,1.974247,0.000001 2.397517,1.937154,7.502419 
2.472456,7.139895,7.502419 2.705088,6.850310,0.000001 4.035399,5.574423,0.005855 
2.705088,6.850310,0.000001 1.540950,7.903575,5.000000 1.617006,7.989017,0.000000 
1.540950,7.903575,5.000000 2.705088,6.850310,0.000001 2.472456,7.139895,7.502419 
9.014297,9.121958,0.000000 10.000000,9.999998,5.000001 10.000000,9.999998,0.000001 
10.000000,9.999998,5.000001 9.014297,9.121957,5.000001 10.000000,9.999997,10.000001 
9.014297,9.121957,5.000001 10.000000,9.999998,5.000001 9.014297,9.121958,0.000000 
8.926005,9.187364,10.000001 7.940300,8.309324,5.000000 7.852007,8.374731,10.000000 
7.940300,8.309324,5.000000 9.014297,9.121957,5.000001 8.028593,8.243917,0.000000 
9.014297,9.121957,5.000001 7.940300,8.309324,5.000000 8.926005,9.187364,10.000001 
7.272577,7.216158,7.502419 7.787107,7.143431,-0.000001 6.008837,5.417249,0.006956 
7.787107,7.143431,-0.000001 7.940300,8.325709,5.000000 8.028593,8.252983,0.000000 
7.940300,8.325709,5.000000 7.787107,7.143431,-0.000001 7.272577,7.216158,7.502419 
9.417591,0.589470,10.000001 8.431888,1.458501,5.000001 8.835183,1.178942,10.000000 
8.431888,1.458501,5.000001 9.014297,0.869029,5.000001 8.028594,1.738060,0.000001 
9.014297,0.869029,5.000001 8.431888,1.458501,5.000001 9.417591,0.589470,10.000001 
7.869971,2.105646,7.504646 7.883911,2.376992,0.002226 6.901987,3.030311,0.011410 
7.883911,2.376992,0.002226 8.422886,1.452326,5.000000 8.010589,1.723671,-0.000001 
8.422886,1.452326,5.000000 7.883911,2.376992,0.002226 7.869971,2.105646,7.504646 
9.603527,9.700615,9.451540 9.999999,7.499998,10.000001 9.999999,9.999998,10.000001 
10.000000,2.499998,10.000001 9.603528,2.200615,9.451540 10.000001,-0.000002,10.000001 
9.207056,4.401233,8.903078 10.000000,4.999998,10.000001 9.207056,9.401232,8.903078 
8.480074,1.987008,8.749470 9.126387,1.805434,10.000000 8.835182,1.164404,10.000000 
9.417591,2.446463,10.000000 9.296114,3.927371,7.498941 10.000000,3.728521,10.000000 
9.296114,3.927371,7.498941 9.417591,2.446463,10.000000 8.398798,1.981267,7.498940 
8.709763,0.742590,7.520871 7.916819,5.143824,6.423948 7.419527,1.485182,5.041740 
7.916819,5.143824,6.423948 9.207056,4.401233,8.903078 8.414112,8.802467,7.806155 
9.207056,4.401233,8.903078 7.916819,5.143824,6.423948 8.709763,0.742590,7.520871 
0.652049,0.418865,10.000001 0.000000,5.000000,10.000000 -0.000001,0.000000,10.000000 
0.000000,5.000000,10.000000 0.652050,5.418865,10.000001 0.000001,9.999999,10.000000 
0.652050,5.418865,10.000001 0.000000,5.000000,10.000000 0.652049,0.418865,10.000001 
0.622358,9.263887,10.000001 1.274407,4.682752,10.000002 1.244715,8.527775,10.000002 
1.274407,4.682752,10.000002 0.652050,5.418865,10.000001 1.304099,0.837731,10.000002 
0.652050,5.418865,10.000001 1.274407,4.682752,10.000002 0.622358,9.263887,10.000001 
0.603916,9.116113,10.000001 5.000003,9.999999,10.000000 0.000005,9.999999,10.000001 
5.000003,9.999999,10.000000 5.603914,9.116113,10.000000 10.000000,9.999998,10.000000 
5.603914,9.116113,10.000000 5.000003,9.999999,10.000000 0.603916,9.116113,10.000001 
7.870583,2.099143,7.482985 7.369704,2.233759,10.000000 8.835182,1.169313,10.000001 
7.369704,2.233759,10.000000 6.405105,3.163590,7.482984 5.904225,3.298205,10.000000 
6.405105,3.163590,7.482984 7.369704,2.233759,10.000000 7.870583,2.099143,7.482985 
9.603528,2.200615,9.451540 9.603528,4.700615,9.451540 9.207056,4.401233,8.903078 
9.603528,4.700615,9.451540 10.000000,2.499998,10.000001 10.000000,4.999998,10.000001 
10.000000,2.499998,10.000001 9.603528,4.700615,9.451540 9.603528,2.200615,9.451540 
9.126387,1.805434,10.000000 8.771279,2.628037,8.749470 9.417591,2.446463,10.000000 
8.771279,2.628037,8.749470 8.480074,1.987008,8.749470 8.398798,1.981267,7.498940 
8.480074,1.987008,8.749470 8.771279,2.628037,8.749470 9.126387,1.805434,10.000000 
9.999999,7.499998,10.000001 9.603528,7.200615,9.451540 10.000000,4.999998,10.000001 
9.603528,7.200615,9.451540 9.603527,9.700615,9.451540 9.207056,9.401232,8.903078 
9.603527,9.700615,9.451540 9.603528,7.200615,9.451540 9.999999,7.499998,10.000001 
3.842747,9.909602,10.000001 3.388852,8.801296,7.498941 3.034574,9.819205,10.000001 
3.388852,8.801296,7.498941 4.644018,8.992098,7.498941 4.399909,5.735197,-0.002540 
4.644018,8.992098,7.498941 3.388852,8.801296,7.498941 3.842747,9.909602,10.000001 
8.935026,9.191065,10.000000 4.538940,8.307180,10.000001 7.870052,8.382132,10.000001 
4.538940,8.307180,10.000001 5.603914,9.116113,10.000000 1.207828,8.232227,10.000001 
5.603914,9.116113,10.000000 4.538940,8.307180,10.000001 8.935026,9.191065,10.000000 
