0.035001,0.074247,0.024748 0.000001,0.074247,0.024748 0.000001,0.049498,0.049497 
0.000001,0.049498,0.049497 0.035000,0.049498,0.049497 0.035001,0.074247,0.024748 
0.000003,0.049497,0.000000 0.000003,0.024749,-0.024749 0.000001,0.024751,0.024748 
0.000003,0.024749,-0.024749 0.000000,0.000000,0.000000 0.000001,0.024751,0.024748 
0.035001,0.024749,-0.024749 0.035001,0.049497,0.000000 0.035001,0.000001,0.000001 
0.035001,0.049497,0.000000 0.035000,0.024749,0.024749 0.035001,0.000001,0.000001 
0.000000,0.000000,0.000000 0.035001,0.000001,0.000001 0.000001,0.024751,0.024748 
0.035001,0.000001,0.000001 0.035000,0.024749,0.024749 0.000001,0.024751,0.024748 
0.035001,0.024749,-0.024749 0.000003,0.024749,-0.024749 0.035001,0.049497,0.000000 
0.000003,0.024749,-0.024749 0.000003,0.049497,0.000000 0.035001,0.049497,0.000000 
0.000003,0.074246,0.024749 0.000003,0.049497,0.000000 0.000001,0.049500,0.049497 
0.000003,0.049497,0.000000 0.000000,0.024749,0.024749 0.000001,0.049500,0.049497 
0.035001,0.049497,0.000000 0.035001,0.074246,0.024749 0.035001,0.024749,0.024749 
0.035001,0.074246,0.024749 0.035000,0.049498,0.049498 0.035001,0.024749,0.024749 
0.000000,0.024749,0.024749 0.035001,0.024749,0.024749 0.000001,0.049500,0.049497 
0.035001,0.024749,0.024749 0.035000,0.049498,0.049498 0.000001,0.049500,0.049497 
0.035001,0.049497,0.000000 0.000003,0.049497,0.000000 0.035001,0.074246,0.024749 
0.000003,0.049497,0.000000 0.000003,0.074246,0.024749 0.035001,0.074246,0.024749 
-0.019999,0.010607,0.038890 -0.054999,0.010607,0.038890 -0.054999,-0.014141,0.063639 
-0.054999,-0.014141,0.063639 -0.020000,-0.014141,0.063639 -0.019999,0.010607,0.038890 
-0.054997,0.010607,0.038891 -0.054997,-0.014142,0.014142 -0.054999,-0.014140,0.063639 
-0.054997,-0.014142,0.014142 -0.055000,-0.038891,0.038891 -0.054999,-0.014140,0.063639 
-0.019999,-0.014142,0.014142 -0.019999,0.010607,0.038891 -0.019999,-0.038890,0.038892 
-0.019999,0.010607,0.038891 -0.020000,-0.014141,0.063640 -0.019999,-0.038890,0.038892 
-0.055000,-0.038891,0.038891 -0.019999,-0.038890,0.038892 -0.054999,-0.014140,0.063639 
-0.019999,-0.038890,0.038892 -0.020000,-0.014141,0.063640 -0.054999,-0.014140,0.063639 
-0.019999,-0.014142,0.014142 -0.054997,-0.014142,0.014142 -0.019999,0.010607,0.038891 
-0.054997,-0.014142,0.014142 -0.054997,0.010607,0.038891 -0.019999,0.010607,0.038891 
-0.019999,0.049498,-0.000001 -0.054999,0.049498,-0.000001 -0.054999,0.024749,0.024748 
-0.054999,0.024749,0.024748 -0.020000,0.024749,0.024748 -0.019999,0.049498,-0.000001 
-0.054997,0.049497,0.000000 -0.054997,0.024749,-0.024749 -0.054999,0.024751,0.024748 
-0.054997,0.024749,-0.024749 -0.055000,0.000000,0.000000 -0.054999,0.024751,0.024748 
-0.019999,0.024749,-0.024749 -0.019999,0.049497,0.000000 -0.019999,0.000001,0.000001 
-0.019999,0.049497,0.000000 -0.020000,0.024749,0.024749 -0.019999,0.000001,0.000001 
-0.055000,0.000000,0.000000 -0.019999,0.000001,0.000001 -0.054999,0.024751,0.024748 
-0.019999,0.000001,0.000001 -0.020000,0.024749,0.024749 -0.054999,0.024751,0.024748 
-0.019999,0.024749,-0.024749 -0.054997,0.024749,-0.024749 -0.019999,0.049497,0.000000 
-0.054997,0.024749,-0.024749 -0.054997,0.049497,0.000000 -0.019999,0.049497,0.000000 
0.035001,0.010607,0.038890 0.000001,0.010607,0.038890 0.000001,-0.014141,0.063639 
0.000001,-0.014141,0.063639 0.035000,-0.014141,0.063639 0.035001,0.010607,0.038890 
0.000003,0.010607,0.038891 0.000003,-0.014142,0.014142 0.000001,-0.014140,0.063639 
0.000003,-0.014142,0.014142 0.000000,-0.038891,0.038891 0.000001,-0.014140,0.063639 
0.035001,-0.014142,0.014142 0.035001,0.010607,0.038891 0.035001,-0.038890,0.038892 
0.035001,0.010607,0.038891 0.035000,-0.014141,0.063640 0.035001,-0.038890,0.038892 
0.000000,-0.038891,0.038891 0.035001,-0.038890,0.038892 0.000001,-0.014140,0.063639 
0.035001,-0.038890,0.038892 0.035000,-0.014141,0.063640 0.000001,-0.014140,0.063639 
0.035001,-0.014142,0.014142 0.000003,-0.014142,0.014142 0.035001,0.010607,0.038891 
0.000003,-0.014142,0.014142 0.000003,0.010607,0.038891 0.035001,0.010607,0.038891 
0.090001,0.010607,0.038890 0.055001,0.010607,0.038890 0.055001,-0.014141,0.063639 
0.055001,-0.014141,0.063639 0.090000,-0.014141,0.063639 0.090001,0.010607,0.038890 
0.055003,0.010607,0.038891 0.055003,-0.014142,0.014142 0.055001,-0.014140,0.063639 
0.055003,-0.014142,0.014142 0.055000,-0.038891,0.038891 0.055001,-0.014140,0.063639 
0.090001,-0.014142,0.014142 0.090001,0.010607,0.038891 0.090001,-0.038890,0.038892 
0.090001,0.010607,0.038891 0.090000,-0.014141,0.063640 0.090001,-0.038890,0.038892 
0.055000,-0.038891,0.038891 0.090001,-0.038890,0.038892 0.055001,-0.014140,0.063639 
0.090001,-0.038890,0.038892 0.090000,-0.014141,0.063640 0.055001,-0.014140,0.063639 
0.090001,-0.014142,0.014142 0.055003,-0.014142,0.014142 0.090001,0.010607,0.038891 
0.055003,-0.014142,0.014142 0.055003,0.010607,0.038891 0.090001,0.010607,0.038891 
0.090001,0.049498,-0.000001 0.055001,0.049498,-0.000001 0.055001,0.024749,0.024748 
0.055001,0.024749,0.024748 0.090000,0.024749,0.024748 0.090001,0.049498,-0.000001 
0.055003,0.049497,0.000000 0.055003,0.024749,-0.024749 0.055001,0.024751,0.024748 
0.055003,0.024749,-0.024749 0.055000,0.000000,0.000000 0.055001,0.024751,0.024748 
0.090001,0.024749,-0.024749 0.090001,0.049497,0.000000 0.090001,0.000001,0.000001 
0.090001,0.049497,0.000000 0.090000,0.024749,0.024749 0.090001,0.000001,0.000001 
0.055000,0.000000,0.000000 0.090001,0.000001,0.000001 0.055001,0.024751,0.024748 
0.090001,0.000001,0.000001 0.090000,0.024749,0.024749 0.055001,0.024751,0.024748 
0.090001,0.024749,-0.024749 0.055003,0.024749,-0.024749 0.090001,0.049497,0.000000 
0.055003,0.024749,-0.024749 0.055003,0.049497,0.000000 0.090001,0.049497,0.000000 
0.090001,0.088389,-0.038892 0.055001,0.088389,-0.038892 0.055001,0.063640,-0.014143 
0.055001,0.063640,-0.014143 0.090000,0.063640,-0.014143 0.090001,0.088389,-0.038892 
0.055003,0.088388,-0.038891 0.055003,0.063640,-0.063640 0.055001,0.063642,-0.014143 
0.055003,0.063640,-0.063640 0.055000,0.038891,-0.038891 0.055001,0.063642,-0.014143 
0.090001,0.063640,-0.063640 0.090001,0.088388,-0.038891 0.090001,0.038892,-0.038890 
0.090001,0.088388,-0.038891 0.090000,0.063640,-0.014141 0.090001,0.038892,-0.038890 
0.055000,0.038891,-0.038891 0.090001,0.038892,-0.038890 0.055001,0.063642,-0.014143 
0.090001,0.038892,-0.038890 0.090000,0.063640,-0.014141 0.055001,0.063642,-0.014143 
0.090001,0.063640,-0.063640 0.055003,0.063640,-0.063640 0.090001,0.088388,-0.038891 
0.055003,0.063640,-0.063640 0.055003,0.088388,-0.038891 0.090001,0.088388,-0.038891 
0.035001,0.088389,-0.038892 0.000001,0.088389,-0.038892 0.000001,0.063640,-0.014143 
0.000001,0.063640,-0.014143 0.035000,0.063640,-0.014143 0.035001,0.088389,-0.038892 
0.000003,0.088388,-0.038891 0.000003,0.063640,-0.063640 0.000001,0.063642,-0.014143 
0.000003,0.063640,-0.063640 0.000000,0.038891,-0.038891 0.000001,0.063642,-0.014143 
0.035001,0.063640,-0.063640 0.035001,0.088388,-0.038891 0.035001,0.038892,-0.038890 
0.035001,0.088388,-0.038891 0.035000,0.063640,-0.014141 0.035001,0.038892,-0.038890 
0.000000,0.038891,-0.038891 0.035001,0.038892,-0.038890 0.000001,0.063642,-0.014143 
0.035001,0.038892,-0.038890 0.035000,0.063640,-0.014141 0.000001,0.063642,-0.014143 
0.035001,0.063640,-0.063640 0.000003,0.063640,-0.063640 0.035001,0.088388,-0.038891 
0.000003,0.063640,-0.063640 0.000003,0.088388,-0.038891 0.035001,0.088388,-0.038891 
-0.019999,0.088389,-0.038892 -0.054999,0.088389,-0.038892 -0.054999,0.063640,-0.014143 
-0.054999,0.063640,-0.014143 -0.020000,0.063640,-0.014143 -0.019999,0.088389,-0.038892 
-0.054997,0.088388,-0.038891 -0.054997,0.063640,-0.063640 -0.054999,0.063642,-0.014143 
-0.054997,0.063640,-0.063640 -0.055000,0.038891,-0.038891 -0.054999,0.063642,-0.014143 
-0.019999,0.063640,-0.063640 -0.019999,0.088388,-0.038891 -0.019999,0.038892,-0.038890 
-0.019999,0.088388,-0.038891 -0.020000,0.063640,-0.014141 -0.019999,0.038892,-0.038890 
-0.055000,0.038891,-0.038891 -0.019999,0.038892,-0.038890 -0.054999,0.063642,-0.014143 
-0.019999,0.038892,-0.038890 -0.020000,0.063640,-0.014141 -0.054999,0.063642,-0.014143 
-0.019999,0.063640,-0.063640 -0.054997,0.063640,-0.063640 -0.019999,0.088388,-0.038891 
-0.054997,0.063640,-0.063640 -0.054997,0.088388,-0.038891 -0.019999,0.088388,-0.038891 
-0.164999,-0.067174,0.166169 -0.199999,-0.067174,0.166169 -0.199999,-0.091923,0.190918 
-0.199999,-0.091923,0.190918 -0.165000,-0.091923,0.190918 -0.164999,-0.067174,0.166169 
-0.199997,-0.091924,0.141421 -0.199997,-0.116673,0.116673 -0.199999,-0.116670,0.166169 
-0.199997,-0.116673,0.116673 -0.200000,-0.141421,0.141421 -0.199999,-0.116670,0.166169 
-0.164999,-0.116673,0.116673 -0.164999,-0.091924,0.141421 -0.164999,-0.141421,0.141422 
-0.164999,-0.091924,0.141421 -0.165000,-0.116672,0.166171 -0.164999,-0.141421,0.141422 
-0.200000,-0.141421,0.141421 -0.164999,-0.141421,0.141422 -0.199999,-0.116670,0.166169 
-0.164999,-0.141421,0.141422 -0.165000,-0.116672,0.166171 -0.199999,-0.116670,0.166169 
-0.164999,-0.116673,0.116673 -0.199997,-0.116673,0.116673 -0.164999,-0.091924,0.141421 
-0.199997,-0.116673,0.116673 -0.199997,-0.091924,0.141421 -0.164999,-0.091924,0.141421 
-0.199997,-0.067175,0.166170 -0.199997,-0.091924,0.141421 -0.199999,-0.091922,0.190918 
-0.199997,-0.091924,0.141421 -0.200000,-0.116673,0.166170 -0.199999,-0.091922,0.190918 
-0.164999,-0.091924,0.141421 -0.164999,-0.067175,0.166170 -0.164999,-0.116672,0.166171 
-0.164999,-0.067175,0.166170 -0.165000,-0.091923,0.190920 -0.164999,-0.116672,0.166171 
-0.200000,-0.116673,0.166170 -0.164999,-0.116672,0.166171 -0.199999,-0.091922,0.190918 
-0.164999,-0.116672,0.166171 -0.165000,-0.091923,0.190920 -0.199999,-0.091922,0.190918 
-0.164999,-0.091924,0.141421 -0.199997,-0.091924,0.141421 -0.164999,-0.067175,0.166170 
-0.199997,-0.091924,0.141421 -0.199997,-0.067175,0.166170 -0.164999,-0.067175,0.166170 
-0.219999,-0.130814,0.180312 -0.254999,-0.130814,0.180312 -0.254999,-0.155563,0.205060 
-0.254999,-0.155563,0.205060 -0.220000,-0.155563,0.205060 -0.219999,-0.130814,0.180312 
-0.254997,-0.130815,0.180312 -0.254997,-0.155563,0.155563 -0.254999,-0.155561,0.205060 
-0.254997,-0.155563,0.155563 -0.255000,-0.180312,0.180312 -0.254999,-0.155561,0.205060 
-0.219999,-0.155563,0.155563 -0.219999,-0.130815,0.180312 -0.219999,-0.180312,0.180313 
-0.219999,-0.130815,0.180312 -0.220000,-0.155563,0.205062 -0.219999,-0.180312,0.180313 
-0.255000,-0.180312,0.180312 -0.219999,-0.180312,0.180313 -0.254999,-0.155561,0.205060 
-0.219999,-0.180312,0.180313 -0.220000,-0.155563,0.205062 -0.254999,-0.155561,0.205060 
-0.219999,-0.155563,0.155563 -0.254997,-0.155563,0.155563 -0.219999,-0.130815,0.180312 
-0.254997,-0.155563,0.155563 -0.254997,-0.130815,0.180312 -0.219999,-0.130815,0.180312 
-0.219999,-0.091923,0.141421 -0.254999,-0.091923,0.141421 -0.254999,-0.116672,0.166169 
-0.254999,-0.116672,0.166169 -0.220000,-0.116672,0.166169 -0.219999,-0.091923,0.141421 
-0.254997,-0.091924,0.141421 -0.254997,-0.116673,0.116673 -0.254999,-0.116670,0.166169 
-0.254997,-0.116673,0.116673 -0.255000,-0.141421,0.141421 -0.254999,-0.116670,0.166169 
-0.219999,-0.116673,0.116673 -0.219999,-0.091924,0.141421 -0.219999,-0.141421,0.141422 
-0.219999,-0.091924,0.141421 -0.220000,-0.116672,0.166171 -0.219999,-0.141421,0.141422 
-0.255000,-0.141421,0.141421 -0.219999,-0.141421,0.141422 -0.254999,-0.116670,0.166169 
-0.219999,-0.141421,0.141422 -0.220000,-0.116672,0.166171 -0.254999,-0.116670,0.166169 
-0.219999,-0.116673,0.116673 -0.254997,-0.116673,0.116673 -0.219999,-0.091924,0.141421 
-0.254997,-0.116673,0.116673 -0.254997,-0.091924,0.141421 -0.219999,-0.091924,0.141421 
-0.164999,-0.130814,0.180312 -0.199999,-0.130814,0.180312 -0.199999,-0.155563,0.205060 
-0.199999,-0.155563,0.205060 -0.165000,-0.155563,0.205060 -0.164999,-0.130814,0.180312 
-0.199997,-0.130815,0.180312 -0.199997,-0.155563,0.155563 -0.199999,-0.155561,0.205060 
-0.199997,-0.155563,0.155563 -0.200000,-0.180312,0.180312 -0.199999,-0.155561,0.205060 
-0.164999,-0.155563,0.155563 -0.164999,-0.130815,0.180312 -0.164999,-0.180312,0.180313 
-0.164999,-0.130815,0.180312 -0.165000,-0.155563,0.205062 -0.164999,-0.180312,0.180313 
-0.200000,-0.180312,0.180312 -0.164999,-0.180312,0.180313 -0.199999,-0.155561,0.205060 
-0.164999,-0.180312,0.180313 -0.165000,-0.155563,0.205062 -0.199999,-0.155561,0.205060 
-0.164999,-0.155563,0.155563 -0.199997,-0.155563,0.155563 -0.164999,-0.130815,0.180312 
-0.199997,-0.155563,0.155563 -0.199997,-0.130815,0.180312 -0.164999,-0.130815,0.180312 
-0.109999,-0.130814,0.180312 -0.144999,-0.130814,0.180312 -0.144999,-0.155563,0.205060 
-0.144999,-0.155563,0.205060 -0.110000,-0.155563,0.205060 -0.109999,-0.130814,0.180312 
-0.144997,-0.130815,0.180312 -0.144997,-0.155563,0.155563 -0.144999,-0.155561,0.205060 
-0.144997,-0.155563,0.155563 -0.145000,-0.180312,0.180312 -0.144999,-0.155561,0.205060 
-0.109999,-0.155563,0.155563 -0.109999,-0.130815,0.180312 -0.109999,-0.180312,0.180313 
-0.109999,-0.130815,0.180312 -0.110000,-0.155563,0.205062 -0.109999,-0.180312,0.180313 
-0.145000,-0.180312,0.180312 -0.109999,-0.180312,0.180313 -0.144999,-0.155561,0.205060 
-0.109999,-0.180312,0.180313 -0.110000,-0.155563,0.205062 -0.144999,-0.155561,0.205060 
-0.109999,-0.155563,0.155563 -0.144997,-0.155563,0.155563 -0.109999,-0.130815,0.180312 
-0.144997,-0.155563,0.155563 -0.144997,-0.130815,0.180312 -0.109999,-0.130815,0.180312 
-0.109999,-0.091923,0.141421 -0.144999,-0.091923,0.141421 -0.144999,-0.116672,0.166169 
-0.144999,-0.116672,0.166169 -0.110000,-0.116672,0.166169 -0.109999,-0.091923,0.141421 
-0.144997,-0.091924,0.141421 -0.144997,-0.116673,0.116673 -0.144999,-0.116670,0.166169 
-0.144997,-0.116673,0.116673 -0.145000,-0.141421,0.141421 -0.144999,-0.116670,0.166169 
-0.109999,-0.116673,0.116673 -0.109999,-0.091924,0.141421 -0.109999,-0.141421,0.141422 
-0.109999,-0.091924,0.141421 -0.110000,-0.116672,0.166171 -0.109999,-0.141421,0.141422 
-0.145000,-0.141421,0.141421 -0.109999,-0.141421,0.141422 -0.144999,-0.116670,0.166169 
-0.109999,-0.141421,0.141422 -0.110000,-0.116672,0.166171 -0.144999,-0.116670,0.166169 
-0.109999,-0.116673,0.116673 -0.144997,-0.116673,0.116673 -0.109999,-0.091924,0.141421 
-0.144997,-0.116673,0.116673 -0.144997,-0.091924,0.141421 -0.109999,-0.091924,0.141421 
-0.109999,-0.053032,0.102530 -0.144999,-0.053032,0.102530 -0.144999,-0.077781,0.127279 
-0.144999,-0.077781,0.127279 -0.110000,-0.077781,0.127279 -0.109999,-0.053032,0.102530 
-0.144997,-0.053033,0.102530 -0.144997,-0.077782,0.077782 -0.144999,-0.077780,0.127279 
-0.144997,-0.077782,0.077782 -0.145000,-0.102530,0.102530 -0.144999,-0.077780,0.127279 
-0.109999,-0.077782,0.077782 -0.109999,-0.053033,0.102530 -0.109999,-0.102530,0.102531 
-0.109999,-0.053033,0.102530 -0.110000,-0.077781,0.127280 -0.109999,-0.102530,0.102531 
-0.145000,-0.102530,0.102530 -0.109999,-0.102530,0.102531 -0.144999,-0.077780,0.127279 
-0.109999,-0.102530,0.102531 -0.110000,-0.077781,0.127280 -0.144999,-0.077780,0.127279 
-0.109999,-0.077782,0.077782 -0.144997,-0.077782,0.077782 -0.109999,-0.053033,0.102530 
-0.144997,-0.077782,0.077782 -0.144997,-0.053033,0.102530 -0.109999,-0.053033,0.102530 
-0.164999,-0.053032,0.102530 -0.199999,-0.053032,0.102530 -0.199999,-0.077781,0.127279 
-0.199999,-0.077781,0.127279 -0.165000,-0.077781,0.127279 -0.164999,-0.053032,0.102530 
-0.199997,-0.053033,0.102530 -0.199997,-0.077782,0.077782 -0.199999,-0.077780,0.127279 
-0.199997,-0.077782,0.077782 -0.200000,-0.102530,0.102530 -0.199999,-0.077780,0.127279 
-0.164999,-0.077782,0.077782 -0.164999,-0.053033,0.102530 -0.164999,-0.102530,0.102531 
-0.164999,-0.053033,0.102530 -0.165000,-0.077781,0.127280 -0.164999,-0.102530,0.102531 
-0.200000,-0.102530,0.102530 -0.164999,-0.102530,0.102531 -0.199999,-0.077780,0.127279 
-0.164999,-0.102530,0.102531 -0.165000,-0.077781,0.127280 -0.199999,-0.077780,0.127279 
-0.164999,-0.077782,0.077782 -0.199997,-0.077782,0.077782 -0.164999,-0.053033,0.102530 
-0.199997,-0.077782,0.077782 -0.199997,-0.053033,0.102530 -0.164999,-0.053033,0.102530 
-0.219999,-0.053032,0.102530 -0.254999,-0.053032,0.102530 -0.254999,-0.077781,0.127279 
-0.254999,-0.077781,0.127279 -0.220000,-0.077781,0.127279 -0.219999,-0.053032,0.102530 
-0.254997,-0.053033,0.102530 -0.254997,-0.077782,0.077782 -0.254999,-0.077780,0.127279 
-0.254997,-0.077782,0.077782 -0.255000,-0.102530,0.102530 -0.254999,-0.077780,0.127279 
-0.219999,-0.077782,0.077782 -0.219999,-0.053033,0.102530 -0.219999,-0.102530,0.102531 
-0.219999,-0.053033,0.102530 -0.220000,-0.077781,0.127280 -0.219999,-0.102530,0.102531 
-0.255000,-0.102530,0.102530 -0.219999,-0.102530,0.102531 -0.254999,-0.077780,0.127279 
-0.219999,-0.102530,0.102531 -0.220000,-0.077781,0.127280 -0.254999,-0.077780,0.127279 
-0.219999,-0.077782,0.077782 -0.254997,-0.077782,0.077782 -0.219999,-0.053033,0.102530 
-0.254997,-0.077782,0.077782 -0.254997,-0.053033,0.102530 -0.219999,-0.053033,0.102530 
-0.164999,0.074247,0.024748 -0.199999,0.074247,0.024748 -0.199999,0.049498,0.049497 
-0.199999,0.049498,0.049497 -0.165000,0.049498,0.049497 -0.164999,0.074247,0.024748 
-0.199997,0.049497,0.000000 -0.199997,0.024749,-0.024749 -0.199999,0.024751,0.024748 
-0.199997,0.024749,-0.024749 -0.200000,0.000000,0.000000 -0.199999,0.024751,0.024748 
-0.164999,0.024749,-0.024749 -0.164999,0.049497,0.000000 -0.164999,0.000001,0.000001 
-0.164999,0.049497,0.000000 -0.165000,0.024749,0.024749 -0.164999,0.000001,0.000001 
-0.200000,0.000000,0.000000 -0.164999,0.000001,0.000001 -0.199999,0.024751,0.024748 
-0.164999,0.000001,0.000001 -0.165000,0.024749,0.024749 -0.199999,0.024751,0.024748 
-0.164999,0.024749,-0.024749 -0.199997,0.024749,-0.024749 -0.164999,0.049497,0.000000 
-0.199997,0.024749,-0.024749 -0.199997,0.049497,0.000000 -0.164999,0.049497,0.000000 
-0.199997,0.074246,0.024749 -0.199997,0.049497,0.000000 -0.199999,0.049500,0.049497 
-0.199997,0.049497,0.000000 -0.200000,0.024749,0.024749 -0.199999,0.049500,0.049497 
-0.164999,0.049497,0.000000 -0.164999,0.074246,0.024749 -0.164999,0.024749,0.024749 
-0.164999,0.074246,0.024749 -0.165000,0.049498,0.049498 -0.164999,0.024749,0.024749 
-0.200000,0.024749,0.024749 -0.164999,0.024749,0.024749 -0.199999,0.049500,0.049497 
-0.164999,0.024749,0.024749 -0.165000,0.049498,0.049498 -0.199999,0.049500,0.049497 
-0.164999,0.049497,0.000000 -0.199997,0.049497,0.000000 -0.164999,0.074246,0.024749 
-0.199997,0.049497,0.000000 -0.199997,0.074246,0.024749 -0.164999,0.074246,0.024749 
-0.219999,0.010607,0.038890 -0.254999,0.010607,0.038890 -0.254999,-0.014141,0.063639 
-0.254999,-0.014141,0.063639 -0.220000,-0.014141,0.063639 -0.219999,0.010607,0.038890 
-0.254997,0.010607,0.038891 -0.254997,-0.014142,0.014142 -0.254999,-0.014140,0.063639 
-0.254997,-0.014142,0.014142 -0.255000,-0.038891,0.038891 -0.254999,-0.014140,0.063639 
-0.219999,-0.014142,0.014142 -0.219999,0.010607,0.038891 -0.219999,-0.038890,0.038892 
-0.219999,0.010607,0.038891 -0.220000,-0.014141,0.063640 -0.219999,-0.038890,0.038892 
-0.255000,-0.038891,0.038891 -0.219999,-0.038890,0.038892 -0.254999,-0.014140,0.063639 
-0.219999,-0.038890,0.038892 -0.220000,-0.014141,0.063640 -0.254999,-0.014140,0.063639 
-0.219999,-0.014142,0.014142 -0.254997,-0.014142,0.014142 -0.219999,0.010607,0.038891 
-0.254997,-0.014142,0.014142 -0.254997,0.010607,0.038891 -0.219999,0.010607,0.038891 
-0.219999,0.049498,-0.000001 -0.254999,0.049498,-0.000001 -0.254999,0.024749,0.024748 
-0.254999,0.024749,0.024748 -0.220000,0.024749,0.024748 -0.219999,0.049498,-0.000001 
-0.254997,0.049497,0.000000 -0.254997,0.024749,-0.024749 -0.254999,0.024751,0.024748 
-0.254997,0.024749,-0.024749 -0.255000,0.000000,0.000000 -0.254999,0.024751,0.024748 
-0.219999,0.024749,-0.024749 -0.219999,0.049497,0.000000 -0.219999,0.000001,0.000001 
-0.219999,0.049497,0.000000 -0.220000,0.024749,0.024749 -0.219999,0.000001,0.000001 
-0.255000,0.000000,0.000000 -0.219999,0.000001,0.000001 -0.254999,0.024751,0.024748 
-0.219999,0.000001,0.000001 -0.220000,0.024749,0.024749 -0.254999,0.024751,0.024748 
-0.219999,0.024749,-0.024749 -0.254997,0.024749,-0.024749 -0.219999,0.049497,0.000000 
-0.254997,0.024749,-0.024749 -0.254997,0.049497,0.000000 -0.219999,0.049497,0.000000 
-0.164999,0.010607,0.038890 -0.199999,0.010607,0.038890 -0.199999,-0.014141,0.063639 
-0.199999,-0.014141,0.063639 -0.165000,-0.014141,0.063639 -0.164999,0.010607,0.038890 
-0.199997,0.010607,0.038891 -0.199997,-0.014142,0.014142 -0.199999,-0.014140,0.063639 
-0.199997,-0.014142,0.014142 -0.200000,-0.038891,0.038891 -0.199999,-0.014140,0.063639 
-0.164999,-0.014142,0.014142 -0.164999,0.010607,0.038891 -0.164999,-0.038890,0.038892 
-0.164999,0.010607,0.038891 -0.165000,-0.014141,0.063640 -0.164999,-0.038890,0.038892 
-0.200000,-0.038891,0.038891 -0.164999,-0.038890,0.038892 -0.199999,-0.014140,0.063639 
-0.164999,-0.038890,0.038892 -0.165000,-0.014141,0.063640 -0.199999,-0.014140,0.063639 
-0.164999,-0.014142,0.014142 -0.199997,-0.014142,0.014142 -0.164999,0.010607,0.038891 
-0.199997,-0.014142,0.014142 -0.199997,0.010607,0.038891 -0.164999,0.010607,0.038891 
-0.109999,0.010607,0.038890 -0.144999,0.010607,0.038890 -0.144999,-0.014141,0.063639 
-0.144999,-0.014141,0.063639 -0.110000,-0.014141,0.063639 -0.109999,0.010607,0.038890 
-0.144997,0.010607,0.038891 -0.144997,-0.014142,0.014142 -0.144999,-0.014140,0.063639 
-0.144997,-0.014142,0.014142 -0.145000,-0.038891,0.038891 -0.144999,-0.014140,0.063639 
-0.109999,-0.014142,0.014142 -0.109999,0.010607,0.038891 -0.109999,-0.038890,0.038892 
-0.109999,0.010607,0.038891 -0.110000,-0.014141,0.063640 -0.109999,-0.038890,0.038892 
-0.145000,-0.038891,0.038891 -0.109999,-0.038890,0.038892 -0.144999,-0.014140,0.063639 
-0.109999,-0.038890,0.038892 -0.110000,-0.014141,0.063640 -0.144999,-0.014140,0.063639 
-0.109999,-0.014142,0.014142 -0.144997,-0.014142,0.014142 -0.109999,0.010607,0.038891 
-0.144997,-0.014142,0.014142 -0.144997,0.010607,0.038891 -0.109999,0.010607,0.038891 
-0.109999,0.049498,-0.000001 -0.144999,0.049498,-0.000001 -0.144999,0.024749,0.024748 
-0.144999,0.024749,0.024748 -0.110000,0.024749,0.024748 -0.109999,0.049498,-0.000001 
-0.144997,0.049497,0.000000 -0.144997,0.024749,-0.024749 -0.144999,0.024751,0.024748 
-0.144997,0.024749,-0.024749 -0.145000,0.000000,0.000000 -0.144999,0.024751,0.024748 
-0.109999,0.024749,-0.024749 -0.109999,0.049497,0.000000 -0.109999,0.000001,0.000001 
-0.109999,0.049497,0.000000 -0.110000,0.024749,0.024749 -0.109999,0.000001,0.000001 
-0.145000,0.000000,0.000000 -0.109999,0.000001,0.000001 -0.144999,0.024751,0.024748 
-0.109999,0.000001,0.000001 -0.110000,0.024749,0.024749 -0.144999,0.024751,0.024748 
-0.109999,0.024749,-0.024749 -0.144997,0.024749,-0.024749 -0.109999,0.049497,0.000000 
-0.144997,0.024749,-0.024749 -0.144997,0.049497,0.000000 -0.109999,0.049497,0.000000 
-0.109999,0.088389,-0.038892 -0.144999,0.088389,-0.038892 -0.144999,0.063640,-0.014143 
-0.144999,0.063640,-0.014143 -0.110000,0.063640,-0.014143 -0.109999,0.088389,-0.038892 
-0.144997,0.088388,-0.038891 -0.144997,0.063640,-0.063640 -0.144999,0.063642,-0.014143 
-0.144997,0.063640,-0.063640 -0.145000,0.038891,-0.038891 -0.144999,0.063642,-0.014143 
-0.109999,0.063640,-0.063640 -0.109999,0.088388,-0.038891 -0.109999,0.038892,-0.038890 
-0.109999,0.088388,-0.038891 -0.110000,0.063640,-0.014141 -0.109999,0.038892,-0.038890 
-0.145000,0.038891,-0.038891 -0.109999,0.038892,-0.038890 -0.144999,0.063642,-0.014143 
-0.109999,0.038892,-0.038890 -0.110000,0.063640,-0.014141 -0.144999,0.063642,-0.014143 
-0.109999,0.063640,-0.063640 -0.144997,0.063640,-0.063640 -0.109999,0.088388,-0.038891 
-0.144997,0.063640,-0.063640 -0.144997,0.088388,-0.038891 -0.109999,0.088388,-0.038891 
-0.164999,0.088389,-0.038892 -0.199999,0.088389,-0.038892 -0.199999,0.063640,-0.014143 
-0.199999,0.063640,-0.014143 -0.165000,0.063640,-0.014143 -0.164999,0.088389,-0.038892 
-0.199997,0.088388,-0.038891 -0.199997,0.063640,-0.063640 -0.199999,0.063642,-0.014143 
-0.199997,0.063640,-0.063640 -0.200000,0.038891,-0.038891 -0.199999,0.063642,-0.014143 
-0.164999,0.063640,-0.063640 -0.164999,0.088388,-0.038891 -0.164999,0.038892,-0.038890 
-0.164999,0.088388,-0.038891 -0.165000,0.063640,-0.014141 -0.164999,0.038892,-0.038890 
-0.200000,0.038891,-0.038891 -0.164999,0.038892,-0.038890 -0.199999,0.063642,-0.014143 
-0.164999,0.038892,-0.038890 -0.165000,0.063640,-0.014141 -0.199999,0.063642,-0.014143 
-0.164999,0.063640,-0.063640 -0.199997,0.063640,-0.063640 -0.164999,0.088388,-0.038891 
-0.199997,0.063640,-0.063640 -0.199997,0.088388,-0.038891 -0.164999,0.088388,-0.038891 
-0.219999,0.088389,-0.038892 -0.254999,0.088389,-0.038892 -0.254999,0.063640,-0.014143 
-0.254999,0.063640,-0.014143 -0.220000,0.063640,-0.014143 -0.219999,0.088389,-0.038892 
-0.254997,0.088388,-0.038891 -0.254997,0.063640,-0.063640 -0.254999,0.063642,-0.014143 
-0.254997,0.063640,-0.063640 -0.255000,0.038891,-0.038891 -0.254999,0.063642,-0.014143 
-0.219999,0.063640,-0.063640 -0.219999,0.088388,-0.038891 -0.219999,0.038892,-0.038890 
-0.219999,0.088388,-0.038891 -0.220000,0.063640,-0.014141 -0.219999,0.038892,-0.038890 
-0.255000,0.038891,-0.038891 -0.219999,0.038892,-0.038890 -0.254999,0.063642,-0.014143 
-0.219999,0.038892,-0.038890 -0.220000,0.063640,-0.014141 -0.254999,0.063642,-0.014143 
-0.219999,0.063640,-0.063640 -0.254997,0.063640,-0.063640 -0.219999,0.088388,-0.038891 
-0.254997,0.063640,-0.063640 -0.254997,0.088388,-0.038891 -0.219999,0.088388,-0.038891 
-0.164999,0.215668,-0.116673 -0.199999,0.215668,-0.116673 -0.199999,0.190920,-0.091925 
-0.199999,0.190920,-0.091925 -0.165000,0.190920,-0.091925 -0.164999,0.215668,-0.116673 
-0.199997,0.190919,-0.141421 -0.199997,0.166170,-0.166170 -0.199999,0.166172,-0.116673 
-0.199997,0.166170,-0.166170 -0.200000,0.141421,-0.141421 -0.199999,0.166172,-0.116673 
-0.164999,0.166170,-0.166170 -0.164999,0.190919,-0.141421 -0.164999,0.141422,-0.141421 
-0.164999,0.190919,-0.141421 -0.165000,0.166171,-0.116672 -0.164999,0.141422,-0.141421 
-0.200000,0.141421,-0.141421 -0.164999,0.141422,-0.141421 -0.199999,0.166172,-0.116673 
-0.164999,0.141422,-0.141421 -0.165000,0.166171,-0.116672 -0.199999,0.166172,-0.116673 
-0.164999,0.166170,-0.166170 -0.199997,0.166170,-0.166170 -0.164999,0.190919,-0.141421 
-0.199997,0.166170,-0.166170 -0.199997,0.190919,-0.141421 -0.164999,0.190919,-0.141421 
-0.199997,0.215668,-0.116673 -0.199997,0.190919,-0.141421 -0.199999,0.190921,-0.091925 
-0.199997,0.190919,-0.141421 -0.200000,0.166170,-0.116673 -0.199999,0.190921,-0.091925 
-0.164999,0.190919,-0.141421 -0.164999,0.215668,-0.116673 -0.164999,0.166171,-0.116672 
-0.164999,0.215668,-0.116673 -0.165000,0.190920,-0.091923 -0.164999,0.166171,-0.116672 
-0.200000,0.166170,-0.116673 -0.164999,0.166171,-0.116672 -0.199999,0.190921,-0.091925 
-0.164999,0.166171,-0.116672 -0.165000,0.190920,-0.091923 -0.199999,0.190921,-0.091925 
-0.164999,0.190919,-0.141421 -0.199997,0.190919,-0.141421 -0.164999,0.215668,-0.116673 
-0.199997,0.190919,-0.141421 -0.199997,0.215668,-0.116673 -0.164999,0.215668,-0.116673 
-0.219999,0.152029,-0.102531 -0.254999,0.152029,-0.102531 -0.254999,0.127280,-0.077782 
-0.254999,0.127280,-0.077782 -0.220000,0.127280,-0.077782 -0.219999,0.152029,-0.102531 
-0.254997,0.152028,-0.102530 -0.254997,0.127279,-0.127279 -0.254999,0.127281,-0.077782 
-0.254997,0.127279,-0.127279 -0.255000,0.102530,-0.102530 -0.254999,0.127281,-0.077782 
-0.219999,0.127279,-0.127279 -0.219999,0.152028,-0.102530 -0.219999,0.102531,-0.102530 
-0.219999,0.152028,-0.102530 -0.220000,0.127280,-0.077781 -0.219999,0.102531,-0.102530 
-0.255000,0.102530,-0.102530 -0.219999,0.102531,-0.102530 -0.254999,0.127281,-0.077782 
-0.219999,0.102531,-0.102530 -0.220000,0.127280,-0.077781 -0.254999,0.127281,-0.077782 
-0.219999,0.127279,-0.127279 -0.254997,0.127279,-0.127279 -0.219999,0.152028,-0.102530 
-0.254997,0.127279,-0.127279 -0.254997,0.152028,-0.102530 -0.219999,0.152028,-0.102530 
-0.219999,0.190920,-0.141422 -0.254999,0.190920,-0.141422 -0.254999,0.166171,-0.116673 
-0.254999,0.166171,-0.116673 -0.220000,0.166171,-0.116673 -0.219999,0.190920,-0.141422 
-0.254997,0.190919,-0.141421 -0.254997,0.166170,-0.166170 -0.254999,0.166172,-0.116673 
-0.254997,0.166170,-0.166170 -0.255000,0.141421,-0.141421 -0.254999,0.166172,-0.116673 
-0.219999,0.166170,-0.166170 -0.219999,0.190919,-0.141421 -0.219999,0.141422,-0.141421 
-0.219999,0.190919,-0.141421 -0.220000,0.166171,-0.116672 -0.219999,0.141422,-0.141421 
-0.255000,0.141421,-0.141421 -0.219999,0.141422,-0.141421 -0.254999,0.166172,-0.116673 
-0.219999,0.141422,-0.141421 -0.220000,0.166171,-0.116672 -0.254999,0.166172,-0.116673 
-0.219999,0.166170,-0.166170 -0.254997,0.166170,-0.166170 -0.219999,0.190919,-0.141421 
-0.254997,0.166170,-0.166170 -0.254997,0.190919,-0.141421 -0.219999,0.190919,-0.141421 
-0.164999,0.152029,-0.102531 -0.199999,0.152029,-0.102531 -0.199999,0.127280,-0.077782 
-0.199999,0.127280,-0.077782 -0.165000,0.127280,-0.077782 -0.164999,0.152029,-0.102531 
-0.199997,0.152028,-0.102530 -0.199997,0.127279,-0.127279 -0.199999,0.127281,-0.077782 
-0.199997,0.127279,-0.127279 -0.200000,0.102530,-0.102530 -0.199999,0.127281,-0.077782 
-0.164999,0.127279,-0.127279 -0.164999,0.152028,-0.102530 -0.164999,0.102531,-0.102530 
-0.164999,0.152028,-0.102530 -0.165000,0.127280,-0.077781 -0.164999,0.102531,-0.102530 
-0.200000,0.102530,-0.102530 -0.164999,0.102531,-0.102530 -0.199999,0.127281,-0.077782 
-0.164999,0.102531,-0.102530 -0.165000,0.127280,-0.077781 -0.199999,0.127281,-0.077782 
-0.164999,0.127279,-0.127279 -0.199997,0.127279,-0.127279 -0.164999,0.152028,-0.102530 
-0.199997,0.127279,-0.127279 -0.199997,0.152028,-0.102530 -0.164999,0.152028,-0.102530 
-0.109999,0.152029,-0.102531 -0.144999,0.152029,-0.102531 -0.144999,0.127280,-0.077782 
-0.144999,0.127280,-0.077782 -0.110000,0.127280,-0.077782 -0.109999,0.152029,-0.102531 
-0.144997,0.152028,-0.102530 -0.144997,0.127279,-0.127279 -0.144999,0.127281,-0.077782 
-0.144997,0.127279,-0.127279 -0.145000,0.102530,-0.102530 -0.144999,0.127281,-0.077782 
-0.109999,0.127279,-0.127279 -0.109999,0.152028,-0.102530 -0.109999,0.102531,-0.102530 
-0.109999,0.152028,-0.102530 -0.110000,0.127280,-0.077781 -0.109999,0.102531,-0.102530 
-0.145000,0.102530,-0.102530 -0.109999,0.102531,-0.102530 -0.144999,0.127281,-0.077782 
-0.109999,0.102531,-0.102530 -0.110000,0.127280,-0.077781 -0.144999,0.127281,-0.077782 
-0.109999,0.127279,-0.127279 -0.144997,0.127279,-0.127279 -0.109999,0.152028,-0.102530 
-0.144997,0.127279,-0.127279 -0.144997,0.152028,-0.102530 -0.109999,0.152028,-0.102530 
-0.109999,0.190920,-0.141422 -0.144999,0.190920,-0.141422 -0.144999,0.166171,-0.116673 
-0.144999,0.166171,-0.116673 -0.110000,0.166171,-0.116673 -0.109999,0.190920,-0.141422 
-0.144997,0.190919,-0.141421 -0.144997,0.166170,-0.166170 -0.144999,0.166172,-0.116673 
-0.144997,0.166170,-0.166170 -0.145000,0.141421,-0.141421 -0.144999,0.166172,-0.116673 
-0.109999,0.166170,-0.166170 -0.109999,0.190919,-0.141421 -0.109999,0.141422,-0.141421 
-0.109999,0.190919,-0.141421 -0.110000,0.166171,-0.116672 -0.109999,0.141422,-0.141421 
-0.145000,0.141421,-0.141421 -0.109999,0.141422,-0.141421 -0.144999,0.166172,-0.116673 
-0.109999,0.141422,-0.141421 -0.110000,0.166171,-0.116672 -0.144999,0.166172,-0.116673 
-0.109999,0.166170,-0.166170 -0.144997,0.166170,-0.166170 -0.109999,0.190919,-0.141421 
-0.144997,0.166170,-0.166170 -0.144997,0.190919,-0.141421 -0.109999,0.190919,-0.141421 
-0.109999,0.229810,-0.180313 -0.144999,0.229810,-0.180313 -0.144999,0.205062,-0.155564 
-0.144999,0.205062,-0.155564 -0.110000,0.205062,-0.155564 -0.109999,0.229810,-0.180313 
-0.144997,0.229810,-0.180312 -0.144997,0.205061,-0.205061 -0.144999,0.205063,-0.155564 
-0.144997,0.205061,-0.205061 -0.145000,0.180312,-0.180312 -0.144999,0.205063,-0.155564 
-0.109999,0.205061,-0.205061 -0.109999,0.229810,-0.180312 -0.109999,0.180313,-0.180312 
-0.109999,0.229810,-0.180312 -0.110000,0.205062,-0.155563 -0.109999,0.180313,-0.180312 
-0.145000,0.180312,-0.180312 -0.109999,0.180313,-0.180312 -0.144999,0.205063,-0.155564 
-0.109999,0.180313,-0.180312 -0.110000,0.205062,-0.155563 -0.144999,0.205063,-0.155564 
-0.109999,0.205061,-0.205061 -0.144997,0.205061,-0.205061 -0.109999,0.229810,-0.180312 
-0.144997,0.205061,-0.205061 -0.144997,0.229810,-0.180312 -0.109999,0.229810,-0.180312 
-0.164999,0.229810,-0.180313 -0.199999,0.229810,-0.180313 -0.199999,0.205062,-0.155564 
-0.199999,0.205062,-0.155564 -0.165000,0.205062,-0.155564 -0.164999,0.229810,-0.180313 
-0.199997,0.229810,-0.180312 -0.199997,0.205061,-0.205061 -0.199999,0.205063,-0.155564 
-0.199997,0.205061,-0.205061 -0.200000,0.180312,-0.180312 -0.199999,0.205063,-0.155564 
-0.164999,0.205061,-0.205061 -0.164999,0.229810,-0.180312 -0.164999,0.180313,-0.180312 
-0.164999,0.229810,-0.180312 -0.165000,0.205062,-0.155563 -0.164999,0.180313,-0.180312 
-0.200000,0.180312,-0.180312 -0.164999,0.180313,-0.180312 -0.199999,0.205063,-0.155564 
-0.164999,0.180313,-0.180312 -0.165000,0.205062,-0.155563 -0.199999,0.205063,-0.155564 
-0.164999,0.205061,-0.205061 -0.199997,0.205061,-0.205061 -0.164999,0.229810,-0.180312 
-0.199997,0.205061,-0.205061 -0.199997,0.229810,-0.180312 -0.164999,0.229810,-0.180312 
-0.219999,0.229810,-0.180313 -0.254999,0.229810,-0.180313 -0.254999,0.205062,-0.155564 
-0.254999,0.205062,-0.155564 -0.220000,0.205062,-0.155564 -0.219999,0.229810,-0.180313 
-0.254997,0.229810,-0.180312 -0.254997,0.205061,-0.205061 -0.254999,0.205063,-0.155564 
-0.254997,0.205061,-0.205061 -0.255000,0.180312,-0.180312 -0.254999,0.205063,-0.155564 
-0.219999,0.205061,-0.205061 -0.219999,0.229810,-0.180312 -0.219999,0.180313,-0.180312 
-0.219999,0.229810,-0.180312 -0.220000,0.205062,-0.155563 -0.219999,0.180313,-0.180312 
-0.255000,0.180312,-0.180312 -0.219999,0.180313,-0.180312 -0.254999,0.205063,-0.155564 
-0.219999,0.180313,-0.180312 -0.220000,0.205062,-0.155563 -0.254999,0.205063,-0.155564 
-0.219999,0.205061,-0.205061 -0.254997,0.205061,-0.205061 -0.219999,0.229810,-0.180312 
-0.254997,0.205061,-0.205061 -0.254997,0.229810,-0.180312 -0.219999,0.229810,-0.180312 
0.035001,-0.067174,0.166169 0.000001,-0.067174,0.166169 0.000001,-0.091923,0.190918 
0.000001,-0.091923,0.190918 0.035000,-0.091923,0.190918 0.035001,-0.067174,0.166169 
0.000003,-0.091924,0.141421 0.000003,-0.116673,0.116673 0.000001,-0.116670,0.166169 
0.000003,-0.116673,0.116673 0.000000,-0.141421,0.141421 0.000001,-0.116670,0.166169 
0.035001,-0.116673,0.116673 0.035001,-0.091924,0.141421 0.035001,-0.141421,0.141422 
0.035001,-0.091924,0.141421 0.035000,-0.116672,0.166171 0.035001,-0.141421,0.141422 
0.000000,-0.141421,0.141421 0.035001,-0.141421,0.141422 0.000001,-0.116670,0.166169 
0.035001,-0.141421,0.141422 0.035000,-0.116672,0.166171 0.000001,-0.116670,0.166169 
0.035001,-0.116673,0.116673 0.000003,-0.116673,0.116673 0.035001,-0.091924,0.141421 
0.000003,-0.116673,0.116673 0.000003,-0.091924,0.141421 0.035001,-0.091924,0.141421 
0.000003,-0.067175,0.166170 0.000003,-0.091924,0.141421 0.000001,-0.091922,0.190918 
0.000003,-0.091924,0.141421 0.000000,-0.116673,0.166170 0.000001,-0.091922,0.190918 
0.035001,-0.091924,0.141421 0.035001,-0.067175,0.166170 0.035001,-0.116672,0.166171 
0.035001,-0.067175,0.166170 0.035000,-0.091923,0.190920 0.035001,-0.116672,0.166171 
0.000000,-0.116673,0.166170 0.035001,-0.116672,0.166171 0.000001,-0.091922,0.190918 
0.035001,-0.116672,0.166171 0.035000,-0.091923,0.190920 0.000001,-0.091922,0.190918 
0.035001,-0.091924,0.141421 0.000003,-0.091924,0.141421 0.035001,-0.067175,0.166170 
0.000003,-0.091924,0.141421 0.000003,-0.067175,0.166170 0.035001,-0.067175,0.166170 
-0.019999,-0.130814,0.180312 -0.054999,-0.130814,0.180312 -0.054999,-0.155563,0.205060 
-0.054999,-0.155563,0.205060 -0.020000,-0.155563,0.205060 -0.019999,-0.130814,0.180312 
-0.054997,-0.130815,0.180312 -0.054997,-0.155563,0.155563 -0.054999,-0.155561,0.205060 
-0.054997,-0.155563,0.155563 -0.055000,-0.180312,0.180312 -0.054999,-0.155561,0.205060 
-0.019999,-0.155563,0.155563 -0.019999,-0.130815,0.180312 -0.019999,-0.180312,0.180313 
-0.019999,-0.130815,0.180312 -0.020000,-0.155563,0.205062 -0.019999,-0.180312,0.180313 
-0.055000,-0.180312,0.180312 -0.019999,-0.180312,0.180313 -0.054999,-0.155561,0.205060 
-0.019999,-0.180312,0.180313 -0.020000,-0.155563,0.205062 -0.054999,-0.155561,0.205060 
-0.019999,-0.155563,0.155563 -0.054997,-0.155563,0.155563 -0.019999,-0.130815,0.180312 
-0.054997,-0.155563,0.155563 -0.054997,-0.130815,0.180312 -0.019999,-0.130815,0.180312 
-0.019999,-0.091923,0.141421 -0.054999,-0.091923,0.141421 -0.054999,-0.116672,0.166169 
-0.054999,-0.116672,0.166169 -0.020000,-0.116672,0.166169 -0.019999,-0.091923,0.141421 
-0.054997,-0.091924,0.141421 -0.054997,-0.116673,0.116673 -0.054999,-0.116670,0.166169 
-0.054997,-0.116673,0.116673 -0.055000,-0.141421,0.141421 -0.054999,-0.116670,0.166169 
-0.019999,-0.116673,0.116673 -0.019999,-0.091924,0.141421 -0.019999,-0.141421,0.141422 
-0.019999,-0.091924,0.141421 -0.020000,-0.116672,0.166171 -0.019999,-0.141421,0.141422 
-0.055000,-0.141421,0.141421 -0.019999,-0.141421,0.141422 -0.054999,-0.116670,0.166169 
-0.019999,-0.141421,0.141422 -0.020000,-0.116672,0.166171 -0.054999,-0.116670,0.166169 
-0.019999,-0.116673,0.116673 -0.054997,-0.116673,0.116673 -0.019999,-0.091924,0.141421 
-0.054997,-0.116673,0.116673 -0.054997,-0.091924,0.141421 -0.019999,-0.091924,0.141421 
0.035001,-0.130814,0.180312 0.000001,-0.130814,0.180312 0.000001,-0.155563,0.205060 
0.000001,-0.155563,0.205060 0.035000,-0.155563,0.205060 0.035001,-0.130814,0.180312 
0.000003,-0.130815,0.180312 0.000003,-0.155563,0.155563 0.000001,-0.155561,0.205060 
0.000003,-0.155563,0.155563 0.000000,-0.180312,0.180312 0.000001,-0.155561,0.205060 
0.035001,-0.155563,0.155563 0.035001,-0.130815,0.180312 0.035001,-0.180312,0.180313 
0.035001,-0.130815,0.180312 0.035000,-0.155563,0.205062 0.035001,-0.180312,0.180313 
0.000000,-0.180312,0.180312 0.035001,-0.180312,0.180313 0.000001,-0.155561,0.205060 
0.035001,-0.180312,0.180313 0.035000,-0.155563,0.205062 0.000001,-0.155561,0.205060 
0.035001,-0.155563,0.155563 0.000003,-0.155563,0.155563 0.035001,-0.130815,0.180312 
0.000003,-0.155563,0.155563 0.000003,-0.130815,0.180312 0.035001,-0.130815,0.180312 
0.090001,-0.130814,0.180312 0.055001,-0.130814,0.180312 0.055001,-0.155563,0.205060 
0.055001,-0.155563,0.205060 0.090000,-0.155563,0.205060 0.090001,-0.130814,0.180312 
0.055003,-0.130815,0.180312 0.055003,-0.155563,0.155563 0.055001,-0.155561,0.205060 
0.055003,-0.155563,0.155563 0.055000,-0.180312,0.180312 0.055001,-0.155561,0.205060 
0.090001,-0.155563,0.155563 0.090001,-0.130815,0.180312 0.090001,-0.180312,0.180313 
0.090001,-0.130815,0.180312 0.090000,-0.155563,0.205062 0.090001,-0.180312,0.180313 
0.055000,-0.180312,0.180312 0.090001,-0.180312,0.180313 0.055001,-0.155561,0.205060 
0.090001,-0.180312,0.180313 0.090000,-0.155563,0.205062 0.055001,-0.155561,0.205060 
0.090001,-0.155563,0.155563 0.055003,-0.155563,0.155563 0.090001,-0.130815,0.180312 
0.055003,-0.155563,0.155563 0.055003,-0.130815,0.180312 0.090001,-0.130815,0.180312 
0.090001,-0.091923,0.141421 0.055001,-0.091923,0.141421 0.055001,-0.116672,0.166169 
0.055001,-0.116672,0.166169 0.090000,-0.116672,0.166169 0.090001,-0.091923,0.141421 
0.055003,-0.091924,0.141421 0.055003,-0.116673,0.116673 0.055001,-0.116670,0.166169 
0.055003,-0.116673,0.116673 0.055000,-0.141421,0.141421 0.055001,-0.116670,0.166169 
0.090001,-0.116673,0.116673 0.090001,-0.091924,0.141421 0.090001,-0.141421,0.141422 
0.090001,-0.091924,0.141421 0.090000,-0.116672,0.166171 0.090001,-0.141421,0.141422 
0.055000,-0.141421,0.141421 0.090001,-0.141421,0.141422 0.055001,-0.116670,0.166169 
0.090001,-0.141421,0.141422 0.090000,-0.116672,0.166171 0.055001,-0.116670,0.166169 
0.090001,-0.116673,0.116673 0.055003,-0.116673,0.116673 0.090001,-0.091924,0.141421 
0.055003,-0.116673,0.116673 0.055003,-0.091924,0.141421 0.090001,-0.091924,0.141421 
0.090001,-0.053032,0.102530 0.055001,-0.053032,0.102530 0.055001,-0.077781,0.127279 
0.055001,-0.077781,0.127279 0.090000,-0.077781,0.127279 0.090001,-0.053032,0.102530 
0.055003,-0.053033,0.102530 0.055003,-0.077782,0.077782 0.055001,-0.077780,0.127279 
0.055003,-0.077782,0.077782 0.055000,-0.102530,0.102530 0.055001,-0.077780,0.127279 
0.090001,-0.077782,0.077782 0.090001,-0.053033,0.102530 0.090001,-0.102530,0.102531 
0.090001,-0.053033,0.102530 0.090000,-0.077781,0.127280 0.090001,-0.102530,0.102531 
0.055000,-0.102530,0.102530 0.090001,-0.102530,0.102531 0.055001,-0.077780,0.127279 
0.090001,-0.102530,0.102531 0.090000,-0.077781,0.127280 0.055001,-0.077780,0.127279 
0.090001,-0.077782,0.077782 0.055003,-0.077782,0.077782 0.090001,-0.053033,0.102530 
0.055003,-0.077782,0.077782 0.055003,-0.053033,0.102530 0.090001,-0.053033,0.102530 
0.035001,-0.053032,0.102530 0.000001,-0.053032,0.102530 0.000001,-0.077781,0.127279 
0.000001,-0.077781,0.127279 0.035000,-0.077781,0.127279 0.035001,-0.053032,0.102530 
0.000003,-0.053033,0.102530 0.000003,-0.077782,0.077782 0.000001,-0.077780,0.127279 
0.000003,-0.077782,0.077782 0.000000,-0.102530,0.102530 0.000001,-0.077780,0.127279 
0.035001,-0.077782,0.077782 0.035001,-0.053033,0.102530 0.035001,-0.102530,0.102531 
0.035001,-0.053033,0.102530 0.035000,-0.077781,0.127280 0.035001,-0.102530,0.102531 
0.000000,-0.102530,0.102530 0.035001,-0.102530,0.102531 0.000001,-0.077780,0.127279 
0.035001,-0.102530,0.102531 0.035000,-0.077781,0.127280 0.000001,-0.077780,0.127279 
0.035001,-0.077782,0.077782 0.000003,-0.077782,0.077782 0.035001,-0.053033,0.102530 
0.000003,-0.077782,0.077782 0.000003,-0.053033,0.102530 0.035001,-0.053033,0.102530 
-0.019999,-0.053032,0.102530 -0.054999,-0.053032,0.102530 -0.054999,-0.077781,0.127279 
-0.054999,-0.077781,0.127279 -0.020000,-0.077781,0.127279 -0.019999,-0.053032,0.102530 
-0.054997,-0.053033,0.102530 -0.054997,-0.077782,0.077782 -0.054999,-0.077780,0.127279 
-0.054997,-0.077782,0.077782 -0.055000,-0.102530,0.102530 -0.054999,-0.077780,0.127279 
-0.019999,-0.077782,0.077782 -0.019999,-0.053033,0.102530 -0.019999,-0.102530,0.102531 
-0.019999,-0.053033,0.102530 -0.020000,-0.077781,0.127280 -0.019999,-0.102530,0.102531 
-0.055000,-0.102530,0.102530 -0.019999,-0.102530,0.102531 -0.054999,-0.077780,0.127279 
-0.019999,-0.102530,0.102531 -0.020000,-0.077781,0.127280 -0.054999,-0.077780,0.127279 
-0.019999,-0.077782,0.077782 -0.054997,-0.077782,0.077782 -0.019999,-0.053033,0.102530 
-0.054997,-0.077782,0.077782 -0.054997,-0.053033,0.102530 -0.019999,-0.053033,0.102530 
0.235001,-0.067174,0.166169 0.200001,-0.067174,0.166169 0.200001,-0.091923,0.190918 
0.200001,-0.091923,0.190918 0.235000,-0.091923,0.190918 0.235001,-0.067174,0.166169 
0.200003,-0.091924,0.141421 0.200003,-0.116673,0.116673 0.200001,-0.116670,0.166169 
0.200003,-0.116673,0.116673 0.200000,-0.141421,0.141421 0.200001,-0.116670,0.166169 
0.235001,-0.116673,0.116673 0.235001,-0.091924,0.141421 0.235001,-0.141421,0.141422 
0.235001,-0.091924,0.141421 0.235000,-0.116672,0.166171 0.235001,-0.141421,0.141422 
0.200000,-0.141421,0.141421 0.235001,-0.141421,0.141422 0.200001,-0.116670,0.166169 
0.235001,-0.141421,0.141422 0.235000,-0.116672,0.166171 0.200001,-0.116670,0.166169 
0.235001,-0.116673,0.116673 0.200003,-0.116673,0.116673 0.235001,-0.091924,0.141421 
0.200003,-0.116673,0.116673 0.200003,-0.091924,0.141421 0.235001,-0.091924,0.141421 
0.200003,-0.067175,0.166170 0.200003,-0.091924,0.141421 0.200001,-0.091922,0.190918 
0.200003,-0.091924,0.141421 0.200000,-0.116673,0.166170 0.200001,-0.091922,0.190918 
0.235001,-0.091924,0.141421 0.235001,-0.067175,0.166170 0.235001,-0.116672,0.166171 
0.235001,-0.067175,0.166170 0.235000,-0.091923,0.190920 0.235001,-0.116672,0.166171 
0.200000,-0.116673,0.166170 0.235001,-0.116672,0.166171 0.200001,-0.091922,0.190918 
0.235001,-0.116672,0.166171 0.235000,-0.091923,0.190920 0.200001,-0.091922,0.190918 
0.235001,-0.091924,0.141421 0.200003,-0.091924,0.141421 0.235001,-0.067175,0.166170 
0.200003,-0.091924,0.141421 0.200003,-0.067175,0.166170 0.235001,-0.067175,0.166170 
0.180001,-0.130814,0.180312 0.145001,-0.130814,0.180312 0.145001,-0.155563,0.205060 
0.145001,-0.155563,0.205060 0.180000,-0.155563,0.205060 0.180001,-0.130814,0.180312 
0.145003,-0.130815,0.180312 0.145003,-0.155563,0.155563 0.145001,-0.155561,0.205060 
0.145003,-0.155563,0.155563 0.145000,-0.180312,0.180312 0.145001,-0.155561,0.205060 
0.180001,-0.155563,0.155563 0.180001,-0.130815,0.180312 0.180001,-0.180312,0.180313 
0.180001,-0.130815,0.180312 0.180000,-0.155563,0.205062 0.180001,-0.180312,0.180313 
0.145000,-0.180312,0.180312 0.180001,-0.180312,0.180313 0.145001,-0.155561,0.205060 
0.180001,-0.180312,0.180313 0.180000,-0.155563,0.205062 0.145001,-0.155561,0.205060 
0.180001,-0.155563,0.155563 0.145003,-0.155563,0.155563 0.180001,-0.130815,0.180312 
0.145003,-0.155563,0.155563 0.145003,-0.130815,0.180312 0.180001,-0.130815,0.180312 
0.180001,-0.091923,0.141421 0.145001,-0.091923,0.141421 0.145001,-0.116672,0.166169 
0.145001,-0.116672,0.166169 0.180000,-0.116672,0.166169 0.180001,-0.091923,0.141421 
0.145003,-0.091924,0.141421 0.145003,-0.116673,0.116673 0.145001,-0.116670,0.166169 
0.145003,-0.116673,0.116673 0.145000,-0.141421,0.141421 0.145001,-0.116670,0.166169 
0.180001,-0.116673,0.116673 0.180001,-0.091924,0.141421 0.180001,-0.141421,0.141422 
0.180001,-0.091924,0.141421 0.180000,-0.116672,0.166171 0.180001,-0.141421,0.141422 
0.145000,-0.141421,0.141421 0.180001,-0.141421,0.141422 0.145001,-0.116670,0.166169 
0.180001,-0.141421,0.141422 0.180000,-0.116672,0.166171 0.145001,-0.116670,0.166169 
0.180001,-0.116673,0.116673 0.145003,-0.116673,0.116673 0.180001,-0.091924,0.141421 
0.145003,-0.116673,0.116673 0.145003,-0.091924,0.141421 0.180001,-0.091924,0.141421 
0.235001,-0.130814,0.180312 0.200001,-0.130814,0.180312 0.200001,-0.155563,0.205060 
0.200001,-0.155563,0.205060 0.235000,-0.155563,0.205060 0.235001,-0.130814,0.180312 
0.200003,-0.130815,0.180312 0.200003,-0.155563,0.155563 0.200001,-0.155561,0.205060 
0.200003,-0.155563,0.155563 0.200000,-0.180312,0.180312 0.200001,-0.155561,0.205060 
0.235001,-0.155563,0.155563 0.235001,-0.130815,0.180312 0.235001,-0.180312,0.180313 
0.235001,-0.130815,0.180312 0.235000,-0.155563,0.205062 0.235001,-0.180312,0.180313 
0.200000,-0.180312,0.180312 0.235001,-0.180312,0.180313 0.200001,-0.155561,0.205060 
0.235001,-0.180312,0.180313 0.235000,-0.155563,0.205062 0.200001,-0.155561,0.205060 
0.235001,-0.155563,0.155563 0.200003,-0.155563,0.155563 0.235001,-0.130815,0.180312 
0.200003,-0.155563,0.155563 0.200003,-0.130815,0.180312 0.235001,-0.130815,0.180312 
0.290001,-0.130814,0.180312 0.255001,-0.130814,0.180312 0.255001,-0.155563,0.205060 
0.255001,-0.155563,0.205060 0.290000,-0.155563,0.205060 0.290001,-0.130814,0.180312 
0.255003,-0.130815,0.180312 0.255003,-0.155563,0.155563 0.255001,-0.155561,0.205060 
0.255003,-0.155563,0.155563 0.255000,-0.180312,0.180312 0.255001,-0.155561,0.205060 
0.290001,-0.155563,0.155563 0.290001,-0.130815,0.180312 0.290001,-0.180312,0.180313 
0.290001,-0.130815,0.180312 0.290000,-0.155563,0.205062 0.290001,-0.180312,0.180313 
0.255000,-0.180312,0.180312 0.290001,-0.180312,0.180313 0.255001,-0.155561,0.205060 
0.290001,-0.180312,0.180313 0.290000,-0.155563,0.205062 0.255001,-0.155561,0.205060 
0.290001,-0.155563,0.155563 0.255003,-0.155563,0.155563 0.290001,-0.130815,0.180312 
0.255003,-0.155563,0.155563 0.255003,-0.130815,0.180312 0.290001,-0.130815,0.180312 
0.290001,-0.091923,0.141421 0.255001,-0.091923,0.141421 0.255001,-0.116672,0.166169 
0.255001,-0.116672,0.166169 0.290000,-0.116672,0.166169 0.290001,-0.091923,0.141421 
0.255003,-0.091924,0.141421 0.255003,-0.116673,0.116673 0.255001,-0.116670,0.166169 
0.255003,-0.116673,0.116673 0.255000,-0.141421,0.141421 0.255001,-0.116670,0.166169 
0.290001,-0.116673,0.116673 0.290001,-0.091924,0.141421 0.290001,-0.141421,0.141422 
0.290001,-0.091924,0.141421 0.290000,-0.116672,0.166171 0.290001,-0.141421,0.141422 
0.255000,-0.141421,0.141421 0.290001,-0.141421,0.141422 0.255001,-0.116670,0.166169 
0.290001,-0.141421,0.141422 0.290000,-0.116672,0.166171 0.255001,-0.116670,0.166169 
0.290001,-0.116673,0.116673 0.255003,-0.116673,0.116673 0.290001,-0.091924,0.141421 
0.255003,-0.116673,0.116673 0.255003,-0.091924,0.141421 0.290001,-0.091924,0.141421 
0.290001,-0.053032,0.102530 0.255001,-0.053032,0.102530 0.255001,-0.077781,0.127279 
0.255001,-0.077781,0.127279 0.290000,-0.077781,0.127279 0.290001,-0.053032,0.102530 
0.255003,-0.053033,0.102530 0.255003,-0.077782,0.077782 0.255001,-0.077780,0.127279 
0.255003,-0.077782,0.077782 0.255000,-0.102530,0.102530 0.255001,-0.077780,0.127279 
0.290001,-0.077782,0.077782 0.290001,-0.053033,0.102530 0.290001,-0.102530,0.102531 
0.290001,-0.053033,0.102530 0.290000,-0.077781,0.127280 0.290001,-0.102530,0.102531 
0.255000,-0.102530,0.102530 0.290001,-0.102530,0.102531 0.255001,-0.077780,0.127279 
0.290001,-0.102530,0.102531 0.290000,-0.077781,0.127280 0.255001,-0.077780,0.127279 
0.290001,-0.077782,0.077782 0.255003,-0.077782,0.077782 0.290001,-0.053033,0.102530 
0.255003,-0.077782,0.077782 0.255003,-0.053033,0.102530 0.290001,-0.053033,0.102530 
0.235001,-0.053032,0.102530 0.200001,-0.053032,0.102530 0.200001,-0.077781,0.127279 
0.200001,-0.077781,0.127279 0.235000,-0.077781,0.127279 0.235001,-0.053032,0.102530 
0.200003,-0.053033,0.102530 0.200003,-0.077782,0.077782 0.200001,-0.077780,0.127279 
0.200003,-0.077782,0.077782 0.200000,-0.102530,0.102530 0.200001,-0.077780,0.127279 
0.235001,-0.077782,0.077782 0.235001,-0.053033,0.102530 0.235001,-0.102530,0.102531 
0.235001,-0.053033,0.102530 0.235000,-0.077781,0.127280 0.235001,-0.102530,0.102531 
0.200000,-0.102530,0.102530 0.235001,-0.102530,0.102531 0.200001,-0.077780,0.127279 
0.235001,-0.102530,0.102531 0.235000,-0.077781,0.127280 0.200001,-0.077780,0.127279 
0.235001,-0.077782,0.077782 0.200003,-0.077782,0.077782 0.235001,-0.053033,0.102530 
0.200003,-0.077782,0.077782 0.200003,-0.053033,0.102530 0.235001,-0.053033,0.102530 
0.180001,-0.053032,0.102530 0.145001,-0.053032,0.102530 0.145001,-0.077781,0.127279 
0.145001,-0.077781,0.127279 0.180000,-0.077781,0.127279 0.180001,-0.053032,0.102530 
0.145003,-0.053033,0.102530 0.145003,-0.077782,0.077782 0.145001,-0.077780,0.127279 
0.145003,-0.077782,0.077782 0.145000,-0.102530,0.102530 0.145001,-0.077780,0.127279 
0.180001,-0.077782,0.077782 0.180001,-0.053033,0.102530 0.180001,-0.102530,0.102531 
0.180001,-0.053033,0.102530 0.180000,-0.077781,0.127280 0.180001,-0.102530,0.102531 
0.145000,-0.102530,0.102530 0.180001,-0.102530,0.102531 0.145001,-0.077780,0.127279 
0.180001,-0.102530,0.102531 0.180000,-0.077781,0.127280 0.145001,-0.077780,0.127279 
0.180001,-0.077782,0.077782 0.145003,-0.077782,0.077782 0.180001,-0.053033,0.102530 
0.145003,-0.077782,0.077782 0.145003,-0.053033,0.102530 0.180001,-0.053033,0.102530 
0.235001,0.074247,0.024748 0.200001,0.074247,0.024748 0.200001,0.049498,0.049497 
0.200001,0.049498,0.049497 0.235000,0.049498,0.049497 0.235001,0.074247,0.024748 
0.200003,0.049497,0.000000 0.200003,0.024749,-0.024749 0.200001,0.024751,0.024748 
0.200003,0.024749,-0.024749 0.200000,0.000000,0.000000 0.200001,0.024751,0.024748 
0.235001,0.024749,-0.024749 0.235001,0.049497,0.000000 0.235001,0.000001,0.000001 
0.235001,0.049497,0.000000 0.235000,0.024749,0.024749 0.235001,0.000001,0.000001 
0.200000,0.000000,0.000000 0.235001,0.000001,0.000001 0.200001,0.024751,0.024748 
0.235001,0.000001,0.000001 0.235000,0.024749,0.024749 0.200001,0.024751,0.024748 
0.235001,0.024749,-0.024749 0.200003,0.024749,-0.024749 0.235001,0.049497,0.000000 
0.200003,0.024749,-0.024749 0.200003,0.049497,0.000000 0.235001,0.049497,0.000000 
0.200003,0.074246,0.024749 0.200003,0.049497,0.000000 0.200001,0.049500,0.049497 
0.200003,0.049497,0.000000 0.200000,0.024749,0.024749 0.200001,0.049500,0.049497 
0.235001,0.049497,0.000000 0.235001,0.074246,0.024749 0.235001,0.024749,0.024749 
0.235001,0.074246,0.024749 0.235000,0.049498,0.049498 0.235001,0.024749,0.024749 
0.200000,0.024749,0.024749 0.235001,0.024749,0.024749 0.200001,0.049500,0.049497 
0.235001,0.024749,0.024749 0.235000,0.049498,0.049498 0.200001,0.049500,0.049497 
0.235001,0.049497,0.000000 0.200003,0.049497,0.000000 0.235001,0.074246,0.024749 
0.200003,0.049497,0.000000 0.200003,0.074246,0.024749 0.235001,0.074246,0.024749 
0.180001,0.010607,0.038890 0.145001,0.010607,0.038890 0.145001,-0.014141,0.063639 
0.145001,-0.014141,0.063639 0.180000,-0.014141,0.063639 0.180001,0.010607,0.038890 
0.145003,0.010607,0.038891 0.145003,-0.014142,0.014142 0.145001,-0.014140,0.063639 
0.145003,-0.014142,0.014142 0.145000,-0.038891,0.038891 0.145001,-0.014140,0.063639 
0.180001,-0.014142,0.014142 0.180001,0.010607,0.038891 0.180001,-0.038890,0.038892 
0.180001,0.010607,0.038891 0.180000,-0.014141,0.063640 0.180001,-0.038890,0.038892 
0.145000,-0.038891,0.038891 0.180001,-0.038890,0.038892 0.145001,-0.014140,0.063639 
0.180001,-0.038890,0.038892 0.180000,-0.014141,0.063640 0.145001,-0.014140,0.063639 
0.180001,-0.014142,0.014142 0.145003,-0.014142,0.014142 0.180001,0.010607,0.038891 
0.145003,-0.014142,0.014142 0.145003,0.010607,0.038891 0.180001,0.010607,0.038891 
0.180001,0.049498,-0.000001 0.145001,0.049498,-0.000001 0.145001,0.024749,0.024748 
0.145001,0.024749,0.024748 0.180000,0.024749,0.024748 0.180001,0.049498,-0.000001 
0.145003,0.049497,0.000000 0.145003,0.024749,-0.024749 0.145001,0.024751,0.024748 
0.145003,0.024749,-0.024749 0.145000,0.000000,0.000000 0.145001,0.024751,0.024748 
0.180001,0.024749,-0.024749 0.180001,0.049497,0.000000 0.180001,0.000001,0.000001 
0.180001,0.049497,0.000000 0.180000,0.024749,0.024749 0.180001,0.000001,0.000001 
0.145000,0.000000,0.000000 0.180001,0.000001,0.000001 0.145001,0.024751,0.024748 
0.180001,0.000001,0.000001 0.180000,0.024749,0.024749 0.145001,0.024751,0.024748 
0.180001,0.024749,-0.024749 0.145003,0.024749,-0.024749 0.180001,0.049497,0.000000 
0.145003,0.024749,-0.024749 0.145003,0.049497,0.000000 0.180001,0.049497,0.000000 
0.235001,0.010607,0.038890 0.200001,0.010607,0.038890 0.200001,-0.014141,0.063639 
0.200001,-0.014141,0.063639 0.235000,-0.014141,0.063639 0.235001,0.010607,0.038890 
0.200003,0.010607,0.038891 0.200003,-0.014142,0.014142 0.200001,-0.014140,0.063639 
0.200003,-0.014142,0.014142 0.200000,-0.038891,0.038891 0.200001,-0.014140,0.063639 
0.235001,-0.014142,0.014142 0.235001,0.010607,0.038891 0.235001,-0.038890,0.038892 
0.235001,0.010607,0.038891 0.235000,-0.014141,0.063640 0.235001,-0.038890,0.038892 
0.200000,-0.038891,0.038891 0.235001,-0.038890,0.038892 0.200001,-0.014140,0.063639 
0.235001,-0.038890,0.038892 0.235000,-0.014141,0.063640 0.200001,-0.014140,0.063639 
0.235001,-0.014142,0.014142 0.200003,-0.014142,0.014142 0.235001,0.010607,0.038891 
0.200003,-0.014142,0.014142 0.200003,0.010607,0.038891 0.235001,0.010607,0.038891 
0.290001,0.010607,0.038890 0.255001,0.010607,0.038890 0.255001,-0.014141,0.063639 
0.255001,-0.014141,0.063639 0.290000,-0.014141,0.063639 0.290001,0.010607,0.038890 
0.255003,0.010607,0.038891 0.255003,-0.014142,0.014142 0.255001,-0.014140,0.063639 
0.255003,-0.014142,0.014142 0.255000,-0.038891,0.038891 0.255001,-0.014140,0.063639 
0.290001,-0.014142,0.014142 0.290001,0.010607,0.038891 0.290001,-0.038890,0.038892 
0.290001,0.010607,0.038891 0.290000,-0.014141,0.063640 0.290001,-0.038890,0.038892 
0.255000,-0.038891,0.038891 0.290001,-0.038890,0.038892 0.255001,-0.014140,0.063639 
0.290001,-0.038890,0.038892 0.290000,-0.014141,0.063640 0.255001,-0.014140,0.063639 
0.290001,-0.014142,0.014142 0.255003,-0.014142,0.014142 0.290001,0.010607,0.038891 
0.255003,-0.014142,0.014142 0.255003,0.010607,0.038891 0.290001,0.010607,0.038891 
0.290001,0.049498,-0.000001 0.255001,0.049498,-0.000001 0.255001,0.024749,0.024748 
0.255001,0.024749,0.024748 0.290000,0.024749,0.024748 0.290001,0.049498,-0.000001 
0.255003,0.049497,0.000000 0.255003,0.024749,-0.024749 0.255001,0.024751,0.024748 
0.255003,0.024749,-0.024749 0.255000,0.000000,0.000000 0.255001,0.024751,0.024748 
0.290001,0.024749,-0.024749 0.290001,0.049497,0.000000 0.290001,0.000001,0.000001 
0.290001,0.049497,0.000000 0.290000,0.024749,0.024749 0.290001,0.000001,0.000001 
0.255000,0.000000,0.000000 0.290001,0.000001,0.000001 0.255001,0.024751,0.024748 
0.290001,0.000001,0.000001 0.290000,0.024749,0.024749 0.255001,0.024751,0.024748 
0.290001,0.024749,-0.024749 0.255003,0.024749,-0.024749 0.290001,0.049497,0.000000 
0.255003,0.024749,-0.024749 0.255003,0.049497,0.000000 0.290001,0.049497,0.000000 
0.290001,0.088389,-0.038892 0.255001,0.088389,-0.038892 0.255001,0.063640,-0.014143 
0.255001,0.063640,-0.014143 0.290000,0.063640,-0.014143 0.290001,0.088389,-0.038892 
0.255003,0.088388,-0.038891 0.255003,0.063640,-0.063640 0.255001,0.063642,-0.014143 
0.255003,0.063640,-0.063640 0.255000,0.038891,-0.038891 0.255001,0.063642,-0.014143 
0.290001,0.063640,-0.063640 0.290001,0.088388,-0.038891 0.290001,0.038892,-0.038890 
0.290001,0.088388,-0.038891 0.290000,0.063640,-0.014141 0.290001,0.038892,-0.038890 
0.255000,0.038891,-0.038891 0.290001,0.038892,-0.038890 0.255001,0.063642,-0.014143 
0.290001,0.038892,-0.038890 0.290000,0.063640,-0.014141 0.255001,0.063642,-0.014143 
0.290001,0.063640,-0.063640 0.255003,0.063640,-0.063640 0.290001,0.088388,-0.038891 
0.255003,0.063640,-0.063640 0.255003,0.088388,-0.038891 0.290001,0.088388,-0.038891 
0.235001,0.088389,-0.038892 0.200001,0.088389,-0.038892 0.200001,0.063640,-0.014143 
0.200001,0.063640,-0.014143 0.235000,0.063640,-0.014143 0.235001,0.088389,-0.038892 
0.200003,0.088388,-0.038891 0.200003,0.063640,-0.063640 0.200001,0.063642,-0.014143 
0.200003,0.063640,-0.063640 0.200000,0.038891,-0.038891 0.200001,0.063642,-0.014143 
0.235001,0.063640,-0.063640 0.235001,0.088388,-0.038891 0.235001,0.038892,-0.038890 
0.235001,0.088388,-0.038891 0.235000,0.063640,-0.014141 0.235001,0.038892,-0.038890 
0.200000,0.038891,-0.038891 0.235001,0.038892,-0.038890 0.200001,0.063642,-0.014143 
0.235001,0.038892,-0.038890 0.235000,0.063640,-0.014141 0.200001,0.063642,-0.014143 
0.235001,0.063640,-0.063640 0.200003,0.063640,-0.063640 0.235001,0.088388,-0.038891 
0.200003,0.063640,-0.063640 0.200003,0.088388,-0.038891 0.235001,0.088388,-0.038891 
0.180001,0.088389,-0.038892 0.145001,0.088389,-0.038892 0.145001,0.063640,-0.014143 
0.145001,0.063640,-0.014143 0.180000,0.063640,-0.014143 0.180001,0.088389,-0.038892 
0.145003,0.088388,-0.038891 0.145003,0.063640,-0.063640 0.145001,0.063642,-0.014143 
0.145003,0.063640,-0.063640 0.145000,0.038891,-0.038891 0.145001,0.063642,-0.014143 
0.180001,0.063640,-0.063640 0.180001,0.088388,-0.038891 0.180001,0.038892,-0.038890 
0.180001,0.088388,-0.038891 0.180000,0.063640,-0.014141 0.180001,0.038892,-0.038890 
0.145000,0.038891,-0.038891 0.180001,0.038892,-0.038890 0.145001,0.063642,-0.014143 
0.180001,0.038892,-0.038890 0.180000,0.063640,-0.014141 0.145001,0.063642,-0.014143 
0.180001,0.063640,-0.063640 0.145003,0.063640,-0.063640 0.180001,0.088388,-0.038891 
0.145003,0.063640,-0.063640 0.145003,0.088388,-0.038891 0.180001,0.088388,-0.038891 
0.235001,0.215668,-0.116673 0.200001,0.215668,-0.116673 0.200001,0.190920,-0.091925 
0.200001,0.190920,-0.091925 0.235000,0.190920,-0.091925 0.235001,0.215668,-0.116673 
0.200003,0.190919,-0.141421 0.200003,0.166170,-0.166170 0.200001,0.166172,-0.116673 
0.200003,0.166170,-0.166170 0.200000,0.141421,-0.141421 0.200001,0.166172,-0.116673 
0.235001,0.166170,-0.166170 0.235001,0.190919,-0.141421 0.235001,0.141422,-0.141421 
0.235001,0.190919,-0.141421 0.235000,0.166171,-0.116672 0.235001,0.141422,-0.141421 
0.200000,0.141421,-0.141421 0.235001,0.141422,-0.141421 0.200001,0.166172,-0.116673 
0.235001,0.141422,-0.141421 0.235000,0.166171,-0.116672 0.200001,0.166172,-0.116673 
0.235001,0.166170,-0.166170 0.200003,0.166170,-0.166170 0.235001,0.190919,-0.141421 
0.200003,0.166170,-0.166170 0.200003,0.190919,-0.141421 0.235001,0.190919,-0.141421 
0.200003,0.215668,-0.116673 0.200003,0.190919,-0.141421 0.200001,0.190921,-0.091925 
0.200003,0.190919,-0.141421 0.200000,0.166170,-0.116673 0.200001,0.190921,-0.091925 
0.235001,0.190919,-0.141421 0.235001,0.215668,-0.116673 0.235001,0.166171,-0.116672 
0.235001,0.215668,-0.116673 0.235000,0.190920,-0.091923 0.235001,0.166171,-0.116672 
0.200000,0.166170,-0.116673 0.235001,0.166171,-0.116672 0.200001,0.190921,-0.091925 
0.235001,0.166171,-0.116672 0.235000,0.190920,-0.091923 0.200001,0.190921,-0.091925 
0.235001,0.190919,-0.141421 0.200003,0.190919,-0.141421 0.235001,0.215668,-0.116673 
0.200003,0.190919,-0.141421 0.200003,0.215668,-0.116673 0.235001,0.215668,-0.116673 
0.180001,0.152029,-0.102531 0.145001,0.152029,-0.102531 0.145001,0.127280,-0.077782 
0.145001,0.127280,-0.077782 0.180000,0.127280,-0.077782 0.180001,0.152029,-0.102531 
0.145003,0.152028,-0.102530 0.145003,0.127279,-0.127279 0.145001,0.127281,-0.077782 
0.145003,0.127279,-0.127279 0.145000,0.102530,-0.102530 0.145001,0.127281,-0.077782 
0.180001,0.127279,-0.127279 0.180001,0.152028,-0.102530 0.180001,0.102531,-0.102530 
0.180001,0.152028,-0.102530 0.180000,0.127280,-0.077781 0.180001,0.102531,-0.102530 
0.145000,0.102530,-0.102530 0.180001,0.102531,-0.102530 0.145001,0.127281,-0.077782 
0.180001,0.102531,-0.102530 0.180000,0.127280,-0.077781 0.145001,0.127281,-0.077782 
0.180001,0.127279,-0.127279 0.145003,0.127279,-0.127279 0.180001,0.152028,-0.102530 
0.145003,0.127279,-0.127279 0.145003,0.152028,-0.102530 0.180001,0.152028,-0.102530 
0.180001,0.190920,-0.141422 0.145001,0.190920,-0.141422 0.145001,0.166171,-0.116673 
0.145001,0.166171,-0.116673 0.180000,0.166171,-0.116673 0.180001,0.190920,-0.141422 
0.145003,0.190919,-0.141421 0.145003,0.166170,-0.166170 0.145001,0.166172,-0.116673 
0.145003,0.166170,-0.166170 0.145000,0.141421,-0.141421 0.145001,0.166172,-0.116673 
0.180001,0.166170,-0.166170 0.180001,0.190919,-0.141421 0.180001,0.141422,-0.141421 
0.180001,0.190919,-0.141421 0.180000,0.166171,-0.116672 0.180001,0.141422,-0.141421 
0.145000,0.141421,-0.141421 0.180001,0.141422,-0.141421 0.145001,0.166172,-0.116673 
0.180001,0.141422,-0.141421 0.180000,0.166171,-0.116672 0.145001,0.166172,-0.116673 
0.180001,0.166170,-0.166170 0.145003,0.166170,-0.166170 0.180001,0.190919,-0.141421 
0.145003,0.166170,-0.166170 0.145003,0.190919,-0.141421 0.180001,0.190919,-0.141421 
0.235001,0.152029,-0.102531 0.200001,0.152029,-0.102531 0.200001,0.127280,-0.077782 
0.200001,0.127280,-0.077782 0.235000,0.127280,-0.077782 0.235001,0.152029,-0.102531 
0.200003,0.152028,-0.102530 0.200003,0.127279,-0.127279 0.200001,0.127281,-0.077782 
0.200003,0.127279,-0.127279 0.200000,0.102530,-0.102530 0.200001,0.127281,-0.077782 
0.235001,0.127279,-0.127279 0.235001,0.152028,-0.102530 0.235001,0.102531,-0.102530 
0.235001,0.152028,-0.102530 0.235000,0.127280,-0.077781 0.235001,0.102531,-0.102530 
0.200000,0.102530,-0.102530 0.235001,0.102531,-0.102530 0.200001,0.127281,-0.077782 
0.235001,0.102531,-0.102530 0.235000,0.127280,-0.077781 0.200001,0.127281,-0.077782 
0.235001,0.127279,-0.127279 0.200003,0.127279,-0.127279 0.235001,0.152028,-0.102530 
0.200003,0.127279,-0.127279 0.200003,0.152028,-0.102530 0.235001,0.152028,-0.102530 
0.290001,0.152029,-0.102531 0.255001,0.152029,-0.102531 0.255001,0.127280,-0.077782 
0.255001,0.127280,-0.077782 0.290000,0.127280,-0.077782 0.290001,0.152029,-0.102531 
0.255003,0.152028,-0.102530 0.255003,0.127279,-0.127279 0.255001,0.127281,-0.077782 
0.255003,0.127279,-0.127279 0.255000,0.102530,-0.102530 0.255001,0.127281,-0.077782 
0.290001,0.127279,-0.127279 0.290001,0.152028,-0.102530 0.290001,0.102531,-0.102530 
0.290001,0.152028,-0.102530 0.290000,0.127280,-0.077781 0.290001,0.102531,-0.102530 
0.255000,0.102530,-0.102530 0.290001,0.102531,-0.102530 0.255001,0.127281,-0.077782 
0.290001,0.102531,-0.102530 0.290000,0.127280,-0.077781 0.255001,0.127281,-0.077782 
0.290001,0.127279,-0.127279 0.255003,0.127279,-0.127279 0.290001,0.152028,-0.102530 
0.255003,0.127279,-0.127279 0.255003,0.152028,-0.102530 0.290001,0.152028,-0.102530 
0.290001,0.190920,-0.141422 0.255001,0.190920,-0.141422 0.255001,0.166171,-0.116673 
0.255001,0.166171,-0.116673 0.290000,0.166171,-0.116673 0.290001,0.190920,-0.141422 
0.255003,0.190919,-0.141421 0.255003,0.166170,-0.166170 0.255001,0.166172,-0.116673 
0.255003,0.166170,-0.166170 0.255000,0.141421,-0.141421 0.255001,0.166172,-0.116673 
0.290001,0.166170,-0.166170 0.290001,0.190919,-0.141421 0.290001,0.141422,-0.141421 
0.290001,0.190919,-0.141421 0.290000,0.166171,-0.116672 0.290001,0.141422,-0.141421 
0.255000,0.141421,-0.141421 0.290001,0.141422,-0.141421 0.255001,0.166172,-0.116673 
0.290001,0.141422,-0.141421 0.290000,0.166171,-0.116672 0.255001,0.166172,-0.116673 
0.290001,0.166170,-0.166170 0.255003,0.166170,-0.166170 0.290001,0.190919,-0.141421 
0.255003,0.166170,-0.166170 0.255003,0.190919,-0.141421 0.290001,0.190919,-0.141421 
0.290001,0.229810,-0.180313 0.255001,0.229810,-0.180313 0.255001,0.205062,-0.155564 
0.255001,0.205062,-0.155564 0.290000,0.205062,-0.155564 0.290001,0.229810,-0.180313 
0.255003,0.229810,-0.180312 0.255003,0.205061,-0.205061 0.255001,0.205063,-0.155564 
0.255003,0.205061,-0.205061 0.255000,0.180312,-0.180312 0.255001,0.205063,-0.155564 
0.290001,0.205061,-0.205061 0.290001,0.229810,-0.180312 0.290001,0.180313,-0.180312 
0.290001,0.229810,-0.180312 0.290000,0.205062,-0.155563 0.290001,0.180313,-0.180312 
0.255000,0.180312,-0.180312 0.290001,0.180313,-0.180312 0.255001,0.205063,-0.155564 
0.290001,0.180313,-0.180312 0.290000,0.205062,-0.155563 0.255001,0.205063,-0.155564 
0.290001,0.205061,-0.205061 0.255003,0.205061,-0.205061 0.290001,0.229810,-0.180312 
0.255003,0.205061,-0.205061 0.255003,0.229810,-0.180312 0.290001,0.229810,-0.180312 
0.235001,0.229810,-0.180313 0.200001,0.229810,-0.180313 0.200001,0.205062,-0.155564 
0.200001,0.205062,-0.155564 0.235000,0.205062,-0.155564 0.235001,0.229810,-0.180313 
0.200003,0.229810,-0.180312 0.200003,0.205061,-0.205061 0.200001,0.205063,-0.155564 
0.200003,0.205061,-0.205061 0.200000,0.180312,-0.180312 0.200001,0.205063,-0.155564 
0.235001,0.205061,-0.205061 0.235001,0.229810,-0.180312 0.235001,0.180313,-0.180312 
0.235001,0.229810,-0.180312 0.235000,0.205062,-0.155563 0.235001,0.180313,-0.180312 
0.200000,0.180312,-0.180312 0.235001,0.180313,-0.180312 0.200001,0.205063,-0.155564 
0.235001,0.180313,-0.180312 0.235000,0.205062,-0.155563 0.200001,0.205063,-0.155564 
0.235001,0.205061,-0.205061 0.200003,0.205061,-0.205061 0.235001,0.229810,-0.180312 
0.200003,0.205061,-0.205061 0.200003,0.229810,-0.180312 0.235001,0.229810,-0.180312 
0.180001,0.229810,-0.180313 0.145001,0.229810,-0.180313 0.145001,0.205062,-0.155564 
0.145001,0.205062,-0.155564 0.180000,0.205062,-0.155564 0.180001,0.229810,-0.180313 
0.145003,0.229810,-0.180312 0.145003,0.205061,-0.205061 0.145001,0.205063,-0.155564 
0.145003,0.205061,-0.205061 0.145000,0.180312,-0.180312 0.145001,0.205063,-0.155564 
0.180001,0.205061,-0.205061 0.180001,0.229810,-0.180312 0.180001,0.180313,-0.180312 
0.180001,0.229810,-0.180312 0.180000,0.205062,-0.155563 0.180001,0.180313,-0.180312 
0.145000,0.180312,-0.180312 0.180001,0.180313,-0.180312 0.145001,0.205063,-0.155564 
0.180001,0.180313,-0.180312 0.180000,0.205062,-0.155563 0.145001,0.205063,-0.155564 
0.180001,0.205061,-0.205061 0.145003,0.205061,-0.205061 0.180001,0.229810,-0.180312 
0.145003,0.205061,-0.205061 0.145003,0.229810,-0.180312 0.180001,0.229810,-0.180312 
0.035001,0.215668,-0.116673 0.000001,0.215668,-0.116673 0.000001,0.190920,-0.091925 
0.000001,0.190920,-0.091925 0.035000,0.190920,-0.091925 0.035001,0.215668,-0.116673 
0.000003,0.190919,-0.141421 0.000003,0.166170,-0.166170 0.000001,0.166172,-0.116673 
0.000003,0.166170,-0.166170 0.000000,0.141421,-0.141421 0.000001,0.166172,-0.116673 
0.035001,0.166170,-0.166170 0.035001,0.190919,-0.141421 0.035001,0.141422,-0.141421 
0.035001,0.190919,-0.141421 0.035000,0.166171,-0.116672 0.035001,0.141422,-0.141421 
0.000000,0.141421,-0.141421 0.035001,0.141422,-0.141421 0.000001,0.166172,-0.116673 
0.035001,0.141422,-0.141421 0.035000,0.166171,-0.116672 0.000001,0.166172,-0.116673 
0.035001,0.166170,-0.166170 0.000003,0.166170,-0.166170 0.035001,0.190919,-0.141421 
0.000003,0.166170,-0.166170 0.000003,0.190919,-0.141421 0.035001,0.190919,-0.141421 
0.000003,0.215668,-0.116673 0.000003,0.190919,-0.141421 0.000001,0.190921,-0.091925 
0.000003,0.190919,-0.141421 0.000000,0.166170,-0.116673 0.000001,0.190921,-0.091925 
0.035001,0.190919,-0.141421 0.035001,0.215668,-0.116673 0.035001,0.166171,-0.116672 
0.035001,0.215668,-0.116673 0.035000,0.190920,-0.091923 0.035001,0.166171,-0.116672 
0.000000,0.166170,-0.116673 0.035001,0.166171,-0.116672 0.000001,0.190921,-0.091925 
0.035001,0.166171,-0.116672 0.035000,0.190920,-0.091923 0.000001,0.190921,-0.091925 
0.035001,0.190919,-0.141421 0.000003,0.190919,-0.141421 0.035001,0.215668,-0.116673 
0.000003,0.190919,-0.141421 0.000003,0.215668,-0.116673 0.035001,0.215668,-0.116673 
-0.019999,0.152029,-0.102531 -0.054999,0.152029,-0.102531 -0.054999,0.127280,-0.077782 
-0.054999,0.127280,-0.077782 -0.020000,0.127280,-0.077782 -0.019999,0.152029,-0.102531 
-0.054997,0.152028,-0.102530 -0.054997,0.127279,-0.127279 -0.054999,0.127281,-0.077782 
-0.054997,0.127279,-0.127279 -0.055000,0.102530,-0.102530 -0.054999,0.127281,-0.077782 
-0.019999,0.127279,-0.127279 -0.019999,0.152028,-0.102530 -0.019999,0.102531,-0.102530 
-0.019999,0.152028,-0.102530 -0.020000,0.127280,-0.077781 -0.019999,0.102531,-0.102530 
-0.055000,0.102530,-0.102530 -0.019999,0.102531,-0.102530 -0.054999,0.127281,-0.077782 
-0.019999,0.102531,-0.102530 -0.020000,0.127280,-0.077781 -0.054999,0.127281,-0.077782 
-0.019999,0.127279,-0.127279 -0.054997,0.127279,-0.127279 -0.019999,0.152028,-0.102530 
-0.054997,0.127279,-0.127279 -0.054997,0.152028,-0.102530 -0.019999,0.152028,-0.102530 
-0.019999,0.190920,-0.141422 -0.054999,0.190920,-0.141422 -0.054999,0.166171,-0.116673 
-0.054999,0.166171,-0.116673 -0.020000,0.166171,-0.116673 -0.019999,0.190920,-0.141422 
-0.054997,0.190919,-0.141421 -0.054997,0.166170,-0.166170 -0.054999,0.166172,-0.116673 
-0.054997,0.166170,-0.166170 -0.055000,0.141421,-0.141421 -0.054999,0.166172,-0.116673 
-0.019999,0.166170,-0.166170 -0.019999,0.190919,-0.141421 -0.019999,0.141422,-0.141421 
-0.019999,0.190919,-0.141421 -0.020000,0.166171,-0.116672 -0.019999,0.141422,-0.141421 
-0.055000,0.141421,-0.141421 -0.019999,0.141422,-0.141421 -0.054999,0.166172,-0.116673 
-0.019999,0.141422,-0.141421 -0.020000,0.166171,-0.116672 -0.054999,0.166172,-0.116673 
-0.019999,0.166170,-0.166170 -0.054997,0.166170,-0.166170 -0.019999,0.190919,-0.141421 
-0.054997,0.166170,-0.166170 -0.054997,0.190919,-0.141421 -0.019999,0.190919,-0.141421 
0.035001,0.152029,-0.102531 0.000001,0.152029,-0.102531 0.000001,0.127280,-0.077782 
0.000001,0.127280,-0.077782 0.035000,0.127280,-0.077782 0.035001,0.152029,-0.102531 
0.000003,0.152028,-0.102530 0.000003,0.127279,-0.127279 0.000001,0.127281,-0.077782 
0.000003,0.127279,-0.127279 0.000000,0.102530,-0.102530 0.000001,0.127281,-0.077782 
0.035001,0.127279,-0.127279 0.035001,0.152028,-0.102530 0.035001,0.102531,-0.102530 
0.035001,0.152028,-0.102530 0.035000,0.127280,-0.077781 0.035001,0.102531,-0.102530 
0.000000,0.102530,-0.102530 0.035001,0.102531,-0.102530 0.000001,0.127281,-0.077782 
0.035001,0.102531,-0.102530 0.035000,0.127280,-0.077781 0.000001,0.127281,-0.077782 
0.035001,0.127279,-0.127279 0.000003,0.127279,-0.127279 0.035001,0.152028,-0.102530 
0.000003,0.127279,-0.127279 0.000003,0.152028,-0.102530 0.035001,0.152028,-0.102530 
0.090001,0.152029,-0.102531 0.055001,0.152029,-0.102531 0.055001,0.127280,-0.077782 
0.055001,0.127280,-0.077782 0.090000,0.127280,-0.077782 0.090001,0.152029,-0.102531 
0.055003,0.152028,-0.102530 0.055003,0.127279,-0.127279 0.055001,0.127281,-0.077782 
0.055003,0.127279,-0.127279 0.055000,0.102530,-0.102530 0.055001,0.127281,-0.077782 
0.090001,0.127279,-0.127279 0.090001,0.152028,-0.102530 0.090001,0.102531,-0.102530 
0.090001,0.152028,-0.102530 0.090000,0.127280,-0.077781 0.090001,0.102531,-0.102530 
0.055000,0.102530,-0.102530 0.090001,0.102531,-0.102530 0.055001,0.127281,-0.077782 
0.090001,0.102531,-0.102530 0.090000,0.127280,-0.077781 0.055001,0.127281,-0.077782 
0.090001,0.127279,-0.127279 0.055003,0.127279,-0.127279 0.090001,0.152028,-0.102530 
0.055003,0.127279,-0.127279 0.055003,0.152028,-0.102530 0.090001,0.152028,-0.102530 
0.090001,0.190920,-0.141422 0.055001,0.190920,-0.141422 0.055001,0.166171,-0.116673 
0.055001,0.166171,-0.116673 0.090000,0.166171,-0.116673 0.090001,0.190920,-0.141422 
0.055003,0.190919,-0.141421 0.055003,0.166170,-0.166170 0.055001,0.166172,-0.116673 
0.055003,0.166170,-0.166170 0.055000,0.141421,-0.141421 0.055001,0.166172,-0.116673 
0.090001,0.166170,-0.166170 0.090001,0.190919,-0.141421 0.090001,0.141422,-0.141421 
0.090001,0.190919,-0.141421 0.090000,0.166171,-0.116672 0.090001,0.141422,-0.141421 
0.055000,0.141421,-0.141421 0.090001,0.141422,-0.141421 0.055001,0.166172,-0.116673 
0.090001,0.141422,-0.141421 0.090000,0.166171,-0.116672 0.055001,0.166172,-0.116673 
0.090001,0.166170,-0.166170 0.055003,0.166170,-0.166170 0.090001,0.190919,-0.141421 
0.055003,0.166170,-0.166170 0.055003,0.190919,-0.141421 0.090001,0.190919,-0.141421 
0.090001,0.229810,-0.180313 0.055001,0.229810,-0.180313 0.055001,0.205062,-0.155564 
0.055001,0.205062,-0.155564 0.090000,0.205062,-0.155564 0.090001,0.229810,-0.180313 
0.055003,0.229810,-0.180312 0.055003,0.205061,-0.205061 0.055001,0.205063,-0.155564 
0.055003,0.205061,-0.205061 0.055000,0.180312,-0.180312 0.055001,0.205063,-0.155564 
0.090001,0.205061,-0.205061 0.090001,0.229810,-0.180312 0.090001,0.180313,-0.180312 
0.090001,0.229810,-0.180312 0.090000,0.205062,-0.155563 0.090001,0.180313,-0.180312 
0.055000,0.180312,-0.180312 0.090001,0.180313,-0.180312 0.055001,0.205063,-0.155564 
0.090001,0.180313,-0.180312 0.090000,0.205062,-0.155563 0.055001,0.205063,-0.155564 
0.090001,0.205061,-0.205061 0.055003,0.205061,-0.205061 0.090001,0.229810,-0.180312 
0.055003,0.205061,-0.205061 0.055003,0.229810,-0.180312 0.090001,0.229810,-0.180312 
0.035001,0.229810,-0.180313 0.000001,0.229810,-0.180313 0.000001,0.205062,-0.155564 
0.000001,0.205062,-0.155564 0.035000,0.205062,-0.155564 0.035001,0.229810,-0.180313 
0.000003,0.229810,-0.180312 0.000003,0.205061,-0.205061 0.000001,0.205063,-0.155564 
0.000003,0.205061,-0.205061 0.000000,0.180312,-0.180312 0.000001,0.205063,-0.155564 
0.035001,0.205061,-0.205061 0.035001,0.229810,-0.180312 0.035001,0.180313,-0.180312 
0.035001,0.229810,-0.180312 0.035000,0.205062,-0.155563 0.035001,0.180313,-0.180312 
0.000000,0.180312,-0.180312 0.035001,0.180313,-0.180312 0.000001,0.205063,-0.155564 
0.035001,0.180313,-0.180312 0.035000,0.205062,-0.155563 0.000001,0.205063,-0.155564 
0.035001,0.205061,-0.205061 0.000003,0.205061,-0.205061 0.035001,0.229810,-0.180312 
0.000003,0.205061,-0.205061 0.000003,0.229810,-0.180312 0.035001,0.229810,-0.180312 
-0.019999,0.229810,-0.180313 -0.054999,0.229810,-0.180313 -0.054999,0.205062,-0.155564 
-0.054999,0.205062,-0.155564 -0.020000,0.205062,-0.155564 -0.019999,0.229810,-0.180313 
-0.054997,0.229810,-0.180312 -0.054997,0.205061,-0.205061 -0.054999,0.205063,-0.155564 
-0.054997,0.205061,-0.205061 -0.055000,0.180312,-0.180312 -0.054999,0.205063,-0.155564 
-0.019999,0.205061,-0.205061 -0.019999,0.229810,-0.180312 -0.019999,0.180313,-0.180312 
-0.019999,0.229810,-0.180312 -0.020000,0.205062,-0.155563 -0.019999,0.180313,-0.180312 
-0.055000,0.180312,-0.180312 -0.019999,0.180313,-0.180312 -0.054999,0.205063,-0.155564 
-0.019999,0.180313,-0.180312 -0.020000,0.205062,-0.155563 -0.054999,0.205063,-0.155564 
-0.019999,0.205061,-0.205061 -0.054997,0.205061,-0.205061 -0.019999,0.229810,-0.180312 
-0.054997,0.205061,-0.205061 -0.054997,0.229810,-0.180312 -0.019999,0.229810,-0.180312 
