0.035001,0.035001,0.070000 0.000001,0.035001,0.070000 0.000001,0.000001,0.070000 
0.000001,0.000001,0.070000 0.035000,0.000001,0.070000 0.035001,0.035001,0.070000 
0.000003,0.035000,0.035000 0.000003,0.035000,0.000000 0.000001,0.000002,0.035001 
0.000003,0.035000,0.000000 0.000000,0.000000,0.000000 0.000001,0.000002,0.035001 
0.035001,0.035000,0.000000 0.035001,0.035000,0.035000 0.035001,0.000000,0.000001 
0.035001,0.035000,0.035000 0.035000,0.000000,0.035001 0.035001,0.000000,0.000001 
0.000000,0.000000,0.000000 0.035001,0.000000,0.000001 0.000001,0.000002,0.035001 
0.035001,0.000000,0.000001 0.035000,0.000000,0.035001 0.000001,0.000002,0.035001 
0.035001,0.035000,0.000000 0.000003,0.035000,0.000000 0.035001,0.035000,0.035000 
0.000003,0.035000,0.000000 0.000003,0.035000,0.035000 0.035001,0.035000,0.035000 
0.000003,0.035000,0.070000 0.000003,0.035000,0.035000 0.000001,0.000002,0.070001 
0.000003,0.035000,0.035000 0.000000,0.000000,0.035000 0.000001,0.000002,0.070001 
0.035001,0.035000,0.035000 0.035001,0.035000,0.070000 0.035001,0.000000,0.035001 
0.035001,0.035000,0.070000 0.035000,0.000000,0.070001 0.035001,0.000000,0.035001 
0.000000,0.000000,0.035000 0.035001,0.000000,0.035001 0.000001,0.000002,0.070001 
0.035001,0.000000,0.035001 0.035000,0.000000,0.070001 0.000001,0.000002,0.070001 
0.035001,0.035000,0.035000 0.000003,0.035000,0.035000 0.035001,0.035000,0.070000 
0.000003,0.035000,0.035000 0.000003,0.035000,0.070000 0.035001,0.035000,0.070000  
-0.019999,-0.019999,0.035000 -0.054999,-0.019999,0.035000 -0.054999,-0.054999,0.035000 
-0.054999,-0.054999,0.035000 -0.020000,-0.054999,0.035000 -0.019999,-0.019999,0.035000 
-0.054997,-0.020000,0.035000 -0.054997,-0.020000,0.000000 -0.054999,-0.054998,0.035001 
-0.054997,-0.020000,0.000000 -0.055000,-0.055000,0.000000 -0.054999,-0.054998,0.035001 
-0.019999,-0.020000,0.000000 -0.019999,-0.020000,0.035000 -0.019999,-0.055000,0.000001 
-0.019999,-0.020000,0.035000 -0.020000,-0.055000,0.035001 -0.019999,-0.055000,0.000001 
-0.055000,-0.055000,0.000000 -0.019999,-0.055000,0.000001 -0.054999,-0.054998,0.035001 
-0.019999,-0.055000,0.000001 -0.020000,-0.055000,0.035001 -0.054999,-0.054998,0.035001 
-0.019999,-0.020000,0.000000 -0.054997,-0.020000,0.000000 -0.019999,-0.020000,0.035000 
-0.054997,-0.020000,0.000000 -0.054997,-0.020000,0.035000 -0.019999,-0.020000,0.035000 
-0.019999,0.035001,0.035000 -0.054999,0.035001,0.035000 -0.054999,0.000001,0.035000 
-0.054999,0.000001,0.035000 -0.020000,0.000001,0.035000 -0.019999,0.035001,0.035000 
-0.054997,0.035000,0.035000 -0.054997,0.035000,0.000000 -0.054999,0.000002,0.035001 
-0.054997,0.035000,0.000000 -0.055000,0.000000,0.000000 -0.054999,0.000002,0.035001 
-0.019999,0.035000,0.000000 -0.019999,0.035000,0.035000 -0.019999,0.000000,0.000001 
-0.019999,0.035000,0.035000 -0.020000,0.000000,0.035001 -0.019999,0.000000,0.000001 
-0.055000,0.000000,0.000000 -0.019999,0.000000,0.000001 -0.054999,0.000002,0.035001 
-0.019999,0.000000,0.000001 -0.020000,0.000000,0.035001 -0.054999,0.000002,0.035001 
-0.019999,0.035000,0.000000 -0.054997,0.035000,0.000000 -0.019999,0.035000,0.035000 
-0.054997,0.035000,0.000000 -0.054997,0.035000,0.035000 -0.019999,0.035000,0.035000 
0.035001,-0.019999,0.035000 0.000001,-0.019999,0.035000 0.000001,-0.054999,0.035000 
0.000001,-0.054999,0.035000 0.035000,-0.054999,0.035000 0.035001,-0.019999,0.035000 
0.000003,-0.020000,0.035000 0.000003,-0.020000,0.000000 0.000001,-0.054998,0.035001 
0.000003,-0.020000,0.000000 0.000000,-0.055000,0.000000 0.000001,-0.054998,0.035001 
0.035001,-0.020000,0.000000 0.035001,-0.020000,0.035000 0.035001,-0.055000,0.000001 
0.035001,-0.020000,0.035000 0.035000,-0.055000,0.035001 0.035001,-0.055000,0.000001 
0.000000,-0.055000,0.000000 0.035001,-0.055000,0.000001 0.000001,-0.054998,0.035001 
0.035001,-0.055000,0.000001 0.035000,-0.055000,0.035001 0.000001,-0.054998,0.035001 
0.035001,-0.020000,0.000000 0.000003,-0.020000,0.000000 0.035001,-0.020000,0.035000 
0.000003,-0.020000,0.000000 0.000003,-0.020000,0.035000 0.035001,-0.020000,0.035000 
0.090001,-0.019999,0.035000 0.055001,-0.019999,0.035000 0.055001,-0.054999,0.035000 
0.055001,-0.054999,0.035000 0.090000,-0.054999,0.035000 0.090001,-0.019999,0.035000 
0.055003,-0.020000,0.035000 0.055003,-0.020000,0.000000 0.055001,-0.054998,0.035001 
0.055003,-0.020000,0.000000 0.055000,-0.055000,0.000000 0.055001,-0.054998,0.035001 
0.090001,-0.020000,0.000000 0.090001,-0.020000,0.035000 0.090001,-0.055000,0.000001 
0.090001,-0.020000,0.035000 0.090000,-0.055000,0.035001 0.090001,-0.055000,0.000001 
0.055000,-0.055000,0.000000 0.090001,-0.055000,0.000001 0.055001,-0.054998,0.035001 
0.090001,-0.055000,0.000001 0.090000,-0.055000,0.035001 0.055001,-0.054998,0.035001 
0.090001,-0.020000,0.000000 0.055003,-0.020000,0.000000 0.090001,-0.020000,0.035000 
0.055003,-0.020000,0.000000 0.055003,-0.020000,0.035000 0.090001,-0.020000,0.035000 
0.090001,0.035001,0.035000 0.055001,0.035001,0.035000 0.055001,0.000001,0.035000 
0.055001,0.000001,0.035000 0.090000,0.000001,0.035000 0.090001,0.035001,0.035000 
0.055003,0.035000,0.035000 0.055003,0.035000,0.000000 0.055001,0.000002,0.035001 
0.055003,0.035000,0.000000 0.055000,0.000000,0.000000 0.055001,0.000002,0.035001 
0.090001,0.035000,0.000000 0.090001,0.035000,0.035000 0.090001,0.000000,0.000001 
0.090001,0.035000,0.035000 0.090000,0.000000,0.035001 0.090001,0.000000,0.000001 
0.055000,0.000000,0.000000 0.090001,0.000000,0.000001 0.055001,0.000002,0.035001 
0.090001,0.000000,0.000001 0.090000,0.000000,0.035001 0.055001,0.000002,0.035001 
0.090001,0.035000,0.000000 0.055003,0.035000,0.000000 0.090001,0.035000,0.035000 
0.055003,0.035000,0.000000 0.055003,0.035000,0.035000 0.090001,0.035000,0.035000 
0.090001,0.090001,0.035000 0.055001,0.090001,0.035000 0.055001,0.055001,0.035000 
0.055001,0.055001,0.035000 0.090000,0.055001,0.035000 0.090001,0.090001,0.035000 
0.055003,0.090000,0.035000 0.055003,0.090000,0.000000 0.055001,0.055002,0.035001 
0.055003,0.090000,0.000000 0.055000,0.055000,0.000000 0.055001,0.055002,0.035001 
0.090001,0.090000,0.000000 0.090001,0.090000,0.035000 0.090001,0.055000,0.000001 
0.090001,0.090000,0.035000 0.090000,0.055000,0.035001 0.090001,0.055000,0.000001 
0.055000,0.055000,0.000000 0.090001,0.055000,0.000001 0.055001,0.055002,0.035001 
0.090001,0.055000,0.000001 0.090000,0.055000,0.035001 0.055001,0.055002,0.035001 
0.090001,0.090000,0.000000 0.055003,0.090000,0.000000 0.090001,0.090000,0.035000 
0.055003,0.090000,0.000000 0.055003,0.090000,0.035000 0.090001,0.090000,0.035000 
0.035001,0.090001,0.035000 0.000001,0.090001,0.035000 0.000001,0.055001,0.035000 
0.000001,0.055001,0.035000 0.035000,0.055001,0.035000 0.035001,0.090001,0.035000 
0.000003,0.090000,0.035000 0.000003,0.090000,0.000000 0.000001,0.055002,0.035001 
0.000003,0.090000,0.000000 0.000000,0.055000,0.000000 0.000001,0.055002,0.035001 
0.035001,0.090000,0.000000 0.035001,0.090000,0.035000 0.035001,0.055000,0.000001 
0.035001,0.090000,0.035000 0.035000,0.055000,0.035001 0.035001,0.055000,0.000001 
0.000000,0.055000,0.000000 0.035001,0.055000,0.000001 0.000001,0.055002,0.035001 
0.035001,0.055000,0.000001 0.035000,0.055000,0.035001 0.000001,0.055002,0.035001 
0.035001,0.090000,0.000000 0.000003,0.090000,0.000000 0.035001,0.090000,0.035000 
0.000003,0.090000,0.000000 0.000003,0.090000,0.035000 0.035001,0.090000,0.035000 
-0.019999,0.090001,0.035000 -0.054999,0.090001,0.035000 -0.054999,0.055001,0.035000 
-0.054999,0.055001,0.035000 -0.020000,0.055001,0.035000 -0.019999,0.090001,0.035000 
-0.054997,0.090000,0.035000 -0.054997,0.090000,0.000000 -0.054999,0.055002,0.035001 
-0.054997,0.090000,0.000000 -0.055000,0.055000,0.000000 -0.054999,0.055002,0.035001 
-0.019999,0.090000,0.000000 -0.019999,0.090000,0.035000 -0.019999,0.055000,0.000001 
-0.019999,0.090000,0.035000 -0.020000,0.055000,0.035001 -0.019999,0.055000,0.000001 
-0.055000,0.055000,0.000000 -0.019999,0.055000,0.000001 -0.054999,0.055002,0.035001 
-0.019999,0.055000,0.000001 -0.020000,0.055000,0.035001 -0.054999,0.055002,0.035001 
-0.019999,0.090000,0.000000 -0.054997,0.090000,0.000000 -0.019999,0.090000,0.035000 
-0.054997,0.090000,0.000000 -0.054997,0.090000,0.035000 -0.019999,0.090000,0.035000 
-0.164999,-0.164999,0.070000 -0.199999,-0.164999,0.070000 -0.199999,-0.199999,0.070000 
-0.199999,-0.199999,0.070000 -0.165000,-0.199999,0.070000 -0.164999,-0.164999,0.070000 
-0.199997,-0.165000,0.035000 -0.199997,-0.165000,0.000000 -0.199999,-0.199998,0.035001 
-0.199997,-0.165000,0.000000 -0.200000,-0.200000,0.000000 -0.199999,-0.199998,0.035001 
-0.164999,-0.165000,0.000000 -0.164999,-0.165000,0.035000 -0.164999,-0.200000,0.000001 
-0.164999,-0.165000,0.035000 -0.165000,-0.200000,0.035001 -0.164999,-0.200000,0.000001 
-0.200000,-0.200000,0.000000 -0.164999,-0.200000,0.000001 -0.199999,-0.199998,0.035001 
-0.164999,-0.200000,0.000001 -0.165000,-0.200000,0.035001 -0.199999,-0.199998,0.035001 
-0.164999,-0.165000,0.000000 -0.199997,-0.165000,0.000000 -0.164999,-0.165000,0.035000 
-0.199997,-0.165000,0.000000 -0.199997,-0.165000,0.035000 -0.164999,-0.165000,0.035000 
-0.199997,-0.165000,0.070000 -0.199997,-0.165000,0.035000 -0.199999,-0.199998,0.070001 
-0.199997,-0.165000,0.035000 -0.200000,-0.200000,0.035000 -0.199999,-0.199998,0.070001 
-0.164999,-0.165000,0.035000 -0.164999,-0.165000,0.070000 -0.164999,-0.200000,0.035001 
-0.164999,-0.165000,0.070000 -0.165000,-0.200000,0.070001 -0.164999,-0.200000,0.035001 
-0.200000,-0.200000,0.035000 -0.164999,-0.200000,0.035001 -0.199999,-0.199998,0.070001 
-0.164999,-0.200000,0.035001 -0.165000,-0.200000,0.070001 -0.199999,-0.199998,0.070001 
-0.164999,-0.165000,0.035000 -0.199997,-0.165000,0.035000 -0.164999,-0.165000,0.070000 
-0.199997,-0.165000,0.035000 -0.199997,-0.165000,0.070000 -0.164999,-0.165000,0.070000 
-0.219999,-0.219999,0.035000 -0.254999,-0.219999,0.035000 -0.254999,-0.254999,0.035000 
-0.254999,-0.254999,0.035000 -0.220000,-0.254999,0.035000 -0.219999,-0.219999,0.035000 
-0.254997,-0.220000,0.035000 -0.254997,-0.220000,0.000000 -0.254999,-0.254998,0.035001 
-0.254997,-0.220000,0.000000 -0.255000,-0.255000,0.000000 -0.254999,-0.254998,0.035001 
-0.219999,-0.220000,0.000000 -0.219999,-0.220000,0.035000 -0.219999,-0.255000,0.000001 
-0.219999,-0.220000,0.035000 -0.220000,-0.255000,0.035001 -0.219999,-0.255000,0.000001 
-0.255000,-0.255000,0.000000 -0.219999,-0.255000,0.000001 -0.254999,-0.254998,0.035001 
-0.219999,-0.255000,0.000001 -0.220000,-0.255000,0.035001 -0.254999,-0.254998,0.035001 
-0.219999,-0.220000,0.000000 -0.254997,-0.220000,0.000000 -0.219999,-0.220000,0.035000 
-0.254997,-0.220000,0.000000 -0.254997,-0.220000,0.035000 -0.219999,-0.220000,0.035000 
-0.219999,-0.164999,0.035000 -0.254999,-0.164999,0.035000 -0.254999,-0.199999,0.035000 
-0.254999,-0.199999,0.035000 -0.220000,-0.199999,0.035000 -0.219999,-0.164999,0.035000 
-0.254997,-0.165000,0.035000 -0.254997,-0.165000,0.000000 -0.254999,-0.199998,0.035001 
-0.254997,-0.165000,0.000000 -0.255000,-0.200000,0.000000 -0.254999,-0.199998,0.035001 
-0.219999,-0.165000,0.000000 -0.219999,-0.165000,0.035000 -0.219999,-0.200000,0.000001 
-0.219999,-0.165000,0.035000 -0.220000,-0.200000,0.035001 -0.219999,-0.200000,0.000001 
-0.255000,-0.200000,0.000000 -0.219999,-0.200000,0.000001 -0.254999,-0.199998,0.035001 
-0.219999,-0.200000,0.000001 -0.220000,-0.200000,0.035001 -0.254999,-0.199998,0.035001 
-0.219999,-0.165000,0.000000 -0.254997,-0.165000,0.000000 -0.219999,-0.165000,0.035000 
-0.254997,-0.165000,0.000000 -0.254997,-0.165000,0.035000 -0.219999,-0.165000,0.035000 
-0.164999,-0.219999,0.035000 -0.199999,-0.219999,0.035000 -0.199999,-0.254999,0.035000 
-0.199999,-0.254999,0.035000 -0.165000,-0.254999,0.035000 -0.164999,-0.219999,0.035000 
-0.199997,-0.220000,0.035000 -0.199997,-0.220000,0.000000 -0.199999,-0.254998,0.035001 
-0.199997,-0.220000,0.000000 -0.200000,-0.255000,0.000000 -0.199999,-0.254998,0.035001 
-0.164999,-0.220000,0.000000 -0.164999,-0.220000,0.035000 -0.164999,-0.255000,0.000001 
-0.164999,-0.220000,0.035000 -0.165000,-0.255000,0.035001 -0.164999,-0.255000,0.000001 
-0.200000,-0.255000,0.000000 -0.164999,-0.255000,0.000001 -0.199999,-0.254998,0.035001 
-0.164999,-0.255000,0.000001 -0.165000,-0.255000,0.035001 -0.199999,-0.254998,0.035001 
-0.164999,-0.220000,0.000000 -0.199997,-0.220000,0.000000 -0.164999,-0.220000,0.035000 
-0.199997,-0.220000,0.000000 -0.199997,-0.220000,0.035000 -0.164999,-0.220000,0.035000 
-0.109999,-0.219999,0.035000 -0.144999,-0.219999,0.035000 -0.144999,-0.254999,0.035000 
-0.144999,-0.254999,0.035000 -0.110000,-0.254999,0.035000 -0.109999,-0.219999,0.035000 
-0.144997,-0.220000,0.035000 -0.144997,-0.220000,0.000000 -0.144999,-0.254998,0.035001 
-0.144997,-0.220000,0.000000 -0.145000,-0.255000,0.000000 -0.144999,-0.254998,0.035001 
-0.109999,-0.220000,0.000000 -0.109999,-0.220000,0.035000 -0.109999,-0.255000,0.000001 
-0.109999,-0.220000,0.035000 -0.110000,-0.255000,0.035001 -0.109999,-0.255000,0.000001 
-0.145000,-0.255000,0.000000 -0.109999,-0.255000,0.000001 -0.144999,-0.254998,0.035001 
-0.109999,-0.255000,0.000001 -0.110000,-0.255000,0.035001 -0.144999,-0.254998,0.035001 
-0.109999,-0.220000,0.000000 -0.144997,-0.220000,0.000000 -0.109999,-0.220000,0.035000 
-0.144997,-0.220000,0.000000 -0.144997,-0.220000,0.035000 -0.109999,-0.220000,0.035000 
-0.109999,-0.164999,0.035000 -0.144999,-0.164999,0.035000 -0.144999,-0.199999,0.035000 
-0.144999,-0.199999,0.035000 -0.110000,-0.199999,0.035000 -0.109999,-0.164999,0.035000 
-0.144997,-0.165000,0.035000 -0.144997,-0.165000,0.000000 -0.144999,-0.199998,0.035001 
-0.144997,-0.165000,0.000000 -0.145000,-0.200000,0.000000 -0.144999,-0.199998,0.035001 
-0.109999,-0.165000,0.000000 -0.109999,-0.165000,0.035000 -0.109999,-0.200000,0.000001 
-0.109999,-0.165000,0.035000 -0.110000,-0.200000,0.035001 -0.109999,-0.200000,0.000001 
-0.145000,-0.200000,0.000000 -0.109999,-0.200000,0.000001 -0.144999,-0.199998,0.035001 
-0.109999,-0.200000,0.000001 -0.110000,-0.200000,0.035001 -0.144999,-0.199998,0.035001 
-0.109999,-0.165000,0.000000 -0.144997,-0.165000,0.000000 -0.109999,-0.165000,0.035000 
-0.144997,-0.165000,0.000000 -0.144997,-0.165000,0.035000 -0.109999,-0.165000,0.035000 
-0.109999,-0.109999,0.035000 -0.144999,-0.109999,0.035000 -0.144999,-0.144999,0.035000 
-0.144999,-0.144999,0.035000 -0.110000,-0.144999,0.035000 -0.109999,-0.109999,0.035000 
-0.144997,-0.110000,0.035000 -0.144997,-0.110000,0.000000 -0.144999,-0.144998,0.035001 
-0.144997,-0.110000,0.000000 -0.145000,-0.145000,0.000000 -0.144999,-0.144998,0.035001 
-0.109999,-0.110000,0.000000 -0.109999,-0.110000,0.035000 -0.109999,-0.145000,0.000001 
-0.109999,-0.110000,0.035000 -0.110000,-0.145000,0.035001 -0.109999,-0.145000,0.000001 
-0.145000,-0.145000,0.000000 -0.109999,-0.145000,0.000001 -0.144999,-0.144998,0.035001 
-0.109999,-0.145000,0.000001 -0.110000,-0.145000,0.035001 -0.144999,-0.144998,0.035001 
-0.109999,-0.110000,0.000000 -0.144997,-0.110000,0.000000 -0.109999,-0.110000,0.035000 
-0.144997,-0.110000,0.000000 -0.144997,-0.110000,0.035000 -0.109999,-0.110000,0.035000 
-0.164999,-0.109999,0.035000 -0.199999,-0.109999,0.035000 -0.199999,-0.144999,0.035000 
-0.199999,-0.144999,0.035000 -0.165000,-0.144999,0.035000 -0.164999,-0.109999,0.035000 
-0.199997,-0.110000,0.035000 -0.199997,-0.110000,0.000000 -0.199999,-0.144998,0.035001 
-0.199997,-0.110000,0.000000 -0.200000,-0.145000,0.000000 -0.199999,-0.144998,0.035001 
-0.164999,-0.110000,0.000000 -0.164999,-0.110000,0.035000 -0.164999,-0.145000,0.000001 
-0.164999,-0.110000,0.035000 -0.165000,-0.145000,0.035001 -0.164999,-0.145000,0.000001 
-0.200000,-0.145000,0.000000 -0.164999,-0.145000,0.000001 -0.199999,-0.144998,0.035001 
-0.164999,-0.145000,0.000001 -0.165000,-0.145000,0.035001 -0.199999,-0.144998,0.035001 
-0.164999,-0.110000,0.000000 -0.199997,-0.110000,0.000000 -0.164999,-0.110000,0.035000 
-0.199997,-0.110000,0.000000 -0.199997,-0.110000,0.035000 -0.164999,-0.110000,0.035000 
-0.219999,-0.109999,0.035000 -0.254999,-0.109999,0.035000 -0.254999,-0.144999,0.035000 
-0.254999,-0.144999,0.035000 -0.220000,-0.144999,0.035000 -0.219999,-0.109999,0.035000 
-0.254997,-0.110000,0.035000 -0.254997,-0.110000,0.000000 -0.254999,-0.144998,0.035001 
-0.254997,-0.110000,0.000000 -0.255000,-0.145000,0.000000 -0.254999,-0.144998,0.035001 
-0.219999,-0.110000,0.000000 -0.219999,-0.110000,0.035000 -0.219999,-0.145000,0.000001 
-0.219999,-0.110000,0.035000 -0.220000,-0.145000,0.035001 -0.219999,-0.145000,0.000001 
-0.255000,-0.145000,0.000000 -0.219999,-0.145000,0.000001 -0.254999,-0.144998,0.035001 
-0.219999,-0.145000,0.000001 -0.220000,-0.145000,0.035001 -0.254999,-0.144998,0.035001 
-0.219999,-0.110000,0.000000 -0.254997,-0.110000,0.000000 -0.219999,-0.110000,0.035000 
-0.254997,-0.110000,0.000000 -0.254997,-0.110000,0.035000 -0.219999,-0.110000,0.035000 
-0.164999,0.035001,0.070000 -0.199999,0.035001,0.070000 -0.199999,0.000001,0.070000 
-0.199999,0.000001,0.070000 -0.165000,0.000001,0.070000 -0.164999,0.035001,0.070000 
-0.199997,0.035000,0.035000 -0.199997,0.035000,0.000000 -0.199999,0.000002,0.035001 
-0.199997,0.035000,0.000000 -0.200000,0.000000,0.000000 -0.199999,0.000002,0.035001 
-0.164999,0.035000,0.000000 -0.164999,0.035000,0.035000 -0.164999,0.000000,0.000001 
-0.164999,0.035000,0.035000 -0.165000,0.000000,0.035001 -0.164999,0.000000,0.000001 
-0.200000,0.000000,0.000000 -0.164999,0.000000,0.000001 -0.199999,0.000002,0.035001 
-0.164999,0.000000,0.000001 -0.165000,0.000000,0.035001 -0.199999,0.000002,0.035001 
-0.164999,0.035000,0.000000 -0.199997,0.035000,0.000000 -0.164999,0.035000,0.035000 
-0.199997,0.035000,0.000000 -0.199997,0.035000,0.035000 -0.164999,0.035000,0.035000 
-0.199997,0.035000,0.070000 -0.199997,0.035000,0.035000 -0.199999,0.000002,0.070001 
-0.199997,0.035000,0.035000 -0.200000,0.000000,0.035000 -0.199999,0.000002,0.070001 
-0.164999,0.035000,0.035000 -0.164999,0.035000,0.070000 -0.164999,0.000000,0.035001 
-0.164999,0.035000,0.070000 -0.165000,0.000000,0.070001 -0.164999,0.000000,0.035001 
-0.200000,0.000000,0.035000 -0.164999,0.000000,0.035001 -0.199999,0.000002,0.070001 
-0.164999,0.000000,0.035001 -0.165000,0.000000,0.070001 -0.199999,0.000002,0.070001 
-0.164999,0.035000,0.035000 -0.199997,0.035000,0.035000 -0.164999,0.035000,0.070000 
-0.199997,0.035000,0.035000 -0.199997,0.035000,0.070000 -0.164999,0.035000,0.070000 
-0.219999,-0.019999,0.035000 -0.254999,-0.019999,0.035000 -0.254999,-0.054999,0.035000 
-0.254999,-0.054999,0.035000 -0.220000,-0.054999,0.035000 -0.219999,-0.019999,0.035000 
-0.254997,-0.020000,0.035000 -0.254997,-0.020000,0.000000 -0.254999,-0.054998,0.035001 
-0.254997,-0.020000,0.000000 -0.255000,-0.055000,0.000000 -0.254999,-0.054998,0.035001 
-0.219999,-0.020000,0.000000 -0.219999,-0.020000,0.035000 -0.219999,-0.055000,0.000001 
-0.219999,-0.020000,0.035000 -0.220000,-0.055000,0.035001 -0.219999,-0.055000,0.000001 
-0.255000,-0.055000,0.000000 -0.219999,-0.055000,0.000001 -0.254999,-0.054998,0.035001 
-0.219999,-0.055000,0.000001 -0.220000,-0.055000,0.035001 -0.254999,-0.054998,0.035001 
-0.219999,-0.020000,0.000000 -0.254997,-0.020000,0.000000 -0.219999,-0.020000,0.035000 
-0.254997,-0.020000,0.000000 -0.254997,-0.020000,0.035000 -0.219999,-0.020000,0.035000 
-0.219999,0.035001,0.035000 -0.254999,0.035001,0.035000 -0.254999,0.000001,0.035000 
-0.254999,0.000001,0.035000 -0.220000,0.000001,0.035000 -0.219999,0.035001,0.035000 
-0.254997,0.035000,0.035000 -0.254997,0.035000,0.000000 -0.254999,0.000002,0.035001 
-0.254997,0.035000,0.000000 -0.255000,0.000000,0.000000 -0.254999,0.000002,0.035001 
-0.219999,0.035000,0.000000 -0.219999,0.035000,0.035000 -0.219999,0.000000,0.000001 
-0.219999,0.035000,0.035000 -0.220000,0.000000,0.035001 -0.219999,0.000000,0.000001 
-0.255000,0.000000,0.000000 -0.219999,0.000000,0.000001 -0.254999,0.000002,0.035001 
-0.219999,0.000000,0.000001 -0.220000,0.000000,0.035001 -0.254999,0.000002,0.035001 
-0.219999,0.035000,0.000000 -0.254997,0.035000,0.000000 -0.219999,0.035000,0.035000 
-0.254997,0.035000,0.000000 -0.254997,0.035000,0.035000 -0.219999,0.035000,0.035000 
-0.164999,-0.019999,0.035000 -0.199999,-0.019999,0.035000 -0.199999,-0.054999,0.035000 
-0.199999,-0.054999,0.035000 -0.165000,-0.054999,0.035000 -0.164999,-0.019999,0.035000 
-0.199997,-0.020000,0.035000 -0.199997,-0.020000,0.000000 -0.199999,-0.054998,0.035001 
-0.199997,-0.020000,0.000000 -0.200000,-0.055000,0.000000 -0.199999,-0.054998,0.035001 
-0.164999,-0.020000,0.000000 -0.164999,-0.020000,0.035000 -0.164999,-0.055000,0.000001 
-0.164999,-0.020000,0.035000 -0.165000,-0.055000,0.035001 -0.164999,-0.055000,0.000001 
-0.200000,-0.055000,0.000000 -0.164999,-0.055000,0.000001 -0.199999,-0.054998,0.035001 
-0.164999,-0.055000,0.000001 -0.165000,-0.055000,0.035001 -0.199999,-0.054998,0.035001 
-0.164999,-0.020000,0.000000 -0.199997,-0.020000,0.000000 -0.164999,-0.020000,0.035000 
-0.199997,-0.020000,0.000000 -0.199997,-0.020000,0.035000 -0.164999,-0.020000,0.035000 
-0.109999,-0.019999,0.035000 -0.144999,-0.019999,0.035000 -0.144999,-0.054999,0.035000 
-0.144999,-0.054999,0.035000 -0.110000,-0.054999,0.035000 -0.109999,-0.019999,0.035000 
-0.144997,-0.020000,0.035000 -0.144997,-0.020000,0.000000 -0.144999,-0.054998,0.035001 
-0.144997,-0.020000,0.000000 -0.145000,-0.055000,0.000000 -0.144999,-0.054998,0.035001 
-0.109999,-0.020000,0.000000 -0.109999,-0.020000,0.035000 -0.109999,-0.055000,0.000001 
-0.109999,-0.020000,0.035000 -0.110000,-0.055000,0.035001 -0.109999,-0.055000,0.000001 
-0.145000,-0.055000,0.000000 -0.109999,-0.055000,0.000001 -0.144999,-0.054998,0.035001 
-0.109999,-0.055000,0.000001 -0.110000,-0.055000,0.035001 -0.144999,-0.054998,0.035001 
-0.109999,-0.020000,0.000000 -0.144997,-0.020000,0.000000 -0.109999,-0.020000,0.035000 
-0.144997,-0.020000,0.000000 -0.144997,-0.020000,0.035000 -0.109999,-0.020000,0.035000 
-0.109999,0.035001,0.035000 -0.144999,0.035001,0.035000 -0.144999,0.000001,0.035000 
-0.144999,0.000001,0.035000 -0.110000,0.000001,0.035000 -0.109999,0.035001,0.035000 
-0.144997,0.035000,0.035000 -0.144997,0.035000,0.000000 -0.144999,0.000002,0.035001 
-0.144997,0.035000,0.000000 -0.145000,0.000000,0.000000 -0.144999,0.000002,0.035001 
-0.109999,0.035000,0.000000 -0.109999,0.035000,0.035000 -0.109999,0.000000,0.000001 
-0.109999,0.035000,0.035000 -0.110000,0.000000,0.035001 -0.109999,0.000000,0.000001 
-0.145000,0.000000,0.000000 -0.109999,0.000000,0.000001 -0.144999,0.000002,0.035001 
-0.109999,0.000000,0.000001 -0.110000,0.000000,0.035001 -0.144999,0.000002,0.035001 
-0.109999,0.035000,0.000000 -0.144997,0.035000,0.000000 -0.109999,0.035000,0.035000 
-0.144997,0.035000,0.000000 -0.144997,0.035000,0.035000 -0.109999,0.035000,0.035000 
-0.109999,0.090001,0.035000 -0.144999,0.090001,0.035000 -0.144999,0.055001,0.035000 
-0.144999,0.055001,0.035000 -0.110000,0.055001,0.035000 -0.109999,0.090001,0.035000 
-0.144997,0.090000,0.035000 -0.144997,0.090000,0.000000 -0.144999,0.055002,0.035001 
-0.144997,0.090000,0.000000 -0.145000,0.055000,0.000000 -0.144999,0.055002,0.035001 
-0.109999,0.090000,0.000000 -0.109999,0.090000,0.035000 -0.109999,0.055000,0.000001 
-0.109999,0.090000,0.035000 -0.110000,0.055000,0.035001 -0.109999,0.055000,0.000001 
-0.145000,0.055000,0.000000 -0.109999,0.055000,0.000001 -0.144999,0.055002,0.035001 
-0.109999,0.055000,0.000001 -0.110000,0.055000,0.035001 -0.144999,0.055002,0.035001 
-0.109999,0.090000,0.000000 -0.144997,0.090000,0.000000 -0.109999,0.090000,0.035000 
-0.144997,0.090000,0.000000 -0.144997,0.090000,0.035000 -0.109999,0.090000,0.035000 
-0.164999,0.090001,0.035000 -0.199999,0.090001,0.035000 -0.199999,0.055001,0.035000 
-0.199999,0.055001,0.035000 -0.165000,0.055001,0.035000 -0.164999,0.090001,0.035000 
-0.199997,0.090000,0.035000 -0.199997,0.090000,0.000000 -0.199999,0.055002,0.035001 
-0.199997,0.090000,0.000000 -0.200000,0.055000,0.000000 -0.199999,0.055002,0.035001 
-0.164999,0.090000,0.000000 -0.164999,0.090000,0.035000 -0.164999,0.055000,0.000001 
-0.164999,0.090000,0.035000 -0.165000,0.055000,0.035001 -0.164999,0.055000,0.000001 
-0.200000,0.055000,0.000000 -0.164999,0.055000,0.000001 -0.199999,0.055002,0.035001 
-0.164999,0.055000,0.000001 -0.165000,0.055000,0.035001 -0.199999,0.055002,0.035001 
-0.164999,0.090000,0.000000 -0.199997,0.090000,0.000000 -0.164999,0.090000,0.035000 
-0.199997,0.090000,0.000000 -0.199997,0.090000,0.035000 -0.164999,0.090000,0.035000 
-0.219999,0.090001,0.035000 -0.254999,0.090001,0.035000 -0.254999,0.055001,0.035000 
-0.254999,0.055001,0.035000 -0.220000,0.055001,0.035000 -0.219999,0.090001,0.035000 
-0.254997,0.090000,0.035000 -0.254997,0.090000,0.000000 -0.254999,0.055002,0.035001 
-0.254997,0.090000,0.000000 -0.255000,0.055000,0.000000 -0.254999,0.055002,0.035001 
-0.219999,0.090000,0.000000 -0.219999,0.090000,0.035000 -0.219999,0.055000,0.000001 
-0.219999,0.090000,0.035000 -0.220000,0.055000,0.035001 -0.219999,0.055000,0.000001 
-0.255000,0.055000,0.000000 -0.219999,0.055000,0.000001 -0.254999,0.055002,0.035001 
-0.219999,0.055000,0.000001 -0.220000,0.055000,0.035001 -0.254999,0.055002,0.035001 
-0.219999,0.090000,0.000000 -0.254997,0.090000,0.000000 -0.219999,0.090000,0.035000 
-0.254997,0.090000,0.000000 -0.254997,0.090000,0.035000 -0.219999,0.090000,0.035000 
-0.164999,0.235001,0.070000 -0.199999,0.235001,0.070000 -0.199999,0.200001,0.070000 
-0.199999,0.200001,0.070000 -0.165000,0.200001,0.070000 -0.164999,0.235001,0.070000 
-0.199997,0.235000,0.035000 -0.199997,0.235000,0.000000 -0.199999,0.200002,0.035001 
-0.199997,0.235000,0.000000 -0.200000,0.200000,0.000000 -0.199999,0.200002,0.035001 
-0.164999,0.235000,0.000000 -0.164999,0.235000,0.035000 -0.164999,0.200000,0.000001 
-0.164999,0.235000,0.035000 -0.165000,0.200000,0.035001 -0.164999,0.200000,0.000001 
-0.200000,0.200000,0.000000 -0.164999,0.200000,0.000001 -0.199999,0.200002,0.035001 
-0.164999,0.200000,0.000001 -0.165000,0.200000,0.035001 -0.199999,0.200002,0.035001 
-0.164999,0.235000,0.000000 -0.199997,0.235000,0.000000 -0.164999,0.235000,0.035000 
-0.199997,0.235000,0.000000 -0.199997,0.235000,0.035000 -0.164999,0.235000,0.035000 
-0.199997,0.235000,0.070000 -0.199997,0.235000,0.035000 -0.199999,0.200002,0.070001 
-0.199997,0.235000,0.035000 -0.200000,0.200000,0.035000 -0.199999,0.200002,0.070001 
-0.164999,0.235000,0.035000 -0.164999,0.235000,0.070000 -0.164999,0.200000,0.035001 
-0.164999,0.235000,0.070000 -0.165000,0.200000,0.070001 -0.164999,0.200000,0.035001 
-0.200000,0.200000,0.035000 -0.164999,0.200000,0.035001 -0.199999,0.200002,0.070001 
-0.164999,0.200000,0.035001 -0.165000,0.200000,0.070001 -0.199999,0.200002,0.070001 
-0.164999,0.235000,0.035000 -0.199997,0.235000,0.035000 -0.164999,0.235000,0.070000 
-0.199997,0.235000,0.035000 -0.199997,0.235000,0.070000 -0.164999,0.235000,0.070000 
-0.219999,0.180001,0.035000 -0.254999,0.180001,0.035000 -0.254999,0.145001,0.035000 
-0.254999,0.145001,0.035000 -0.220000,0.145001,0.035000 -0.219999,0.180001,0.035000 
-0.254997,0.180000,0.035000 -0.254997,0.180000,0.000000 -0.254999,0.145002,0.035001 
-0.254997,0.180000,0.000000 -0.255000,0.145000,0.000000 -0.254999,0.145002,0.035001 
-0.219999,0.180000,0.000000 -0.219999,0.180000,0.035000 -0.219999,0.145000,0.000001 
-0.219999,0.180000,0.035000 -0.220000,0.145000,0.035001 -0.219999,0.145000,0.000001 
-0.255000,0.145000,0.000000 -0.219999,0.145000,0.000001 -0.254999,0.145002,0.035001 
-0.219999,0.145000,0.000001 -0.220000,0.145000,0.035001 -0.254999,0.145002,0.035001 
-0.219999,0.180000,0.000000 -0.254997,0.180000,0.000000 -0.219999,0.180000,0.035000 
-0.254997,0.180000,0.000000 -0.254997,0.180000,0.035000 -0.219999,0.180000,0.035000 
-0.219999,0.235001,0.035000 -0.254999,0.235001,0.035000 -0.254999,0.200001,0.035000 
-0.254999,0.200001,0.035000 -0.220000,0.200001,0.035000 -0.219999,0.235001,0.035000 
-0.254997,0.235000,0.035000 -0.254997,0.235000,0.000000 -0.254999,0.200002,0.035001 
-0.254997,0.235000,0.000000 -0.255000,0.200000,0.000000 -0.254999,0.200002,0.035001 
-0.219999,0.235000,0.000000 -0.219999,0.235000,0.035000 -0.219999,0.200000,0.000001 
-0.219999,0.235000,0.035000 -0.220000,0.200000,0.035001 -0.219999,0.200000,0.000001 
-0.255000,0.200000,0.000000 -0.219999,0.200000,0.000001 -0.254999,0.200002,0.035001 
-0.219999,0.200000,0.000001 -0.220000,0.200000,0.035001 -0.254999,0.200002,0.035001 
-0.219999,0.235000,0.000000 -0.254997,0.235000,0.000000 -0.219999,0.235000,0.035000 
-0.254997,0.235000,0.000000 -0.254997,0.235000,0.035000 -0.219999,0.235000,0.035000 
-0.164999,0.180001,0.035000 -0.199999,0.180001,0.035000 -0.199999,0.145001,0.035000 
-0.199999,0.145001,0.035000 -0.165000,0.145001,0.035000 -0.164999,0.180001,0.035000 
-0.199997,0.180000,0.035000 -0.199997,0.180000,0.000000 -0.199999,0.145002,0.035001 
-0.199997,0.180000,0.000000 -0.200000,0.145000,0.000000 -0.199999,0.145002,0.035001 
-0.164999,0.180000,0.000000 -0.164999,0.180000,0.035000 -0.164999,0.145000,0.000001 
-0.164999,0.180000,0.035000 -0.165000,0.145000,0.035001 -0.164999,0.145000,0.000001 
-0.200000,0.145000,0.000000 -0.164999,0.145000,0.000001 -0.199999,0.145002,0.035001 
-0.164999,0.145000,0.000001 -0.165000,0.145000,0.035001 -0.199999,0.145002,0.035001 
-0.164999,0.180000,0.000000 -0.199997,0.180000,0.000000 -0.164999,0.180000,0.035000 
-0.199997,0.180000,0.000000 -0.199997,0.180000,0.035000 -0.164999,0.180000,0.035000 
-0.109999,0.180001,0.035000 -0.144999,0.180001,0.035000 -0.144999,0.145001,0.035000 
-0.144999,0.145001,0.035000 -0.110000,0.145001,0.035000 -0.109999,0.180001,0.035000 
-0.144997,0.180000,0.035000 -0.144997,0.180000,0.000000 -0.144999,0.145002,0.035001 
-0.144997,0.180000,0.000000 -0.145000,0.145000,0.000000 -0.144999,0.145002,0.035001 
-0.109999,0.180000,0.000000 -0.109999,0.180000,0.035000 -0.109999,0.145000,0.000001 
-0.109999,0.180000,0.035000 -0.110000,0.145000,0.035001 -0.109999,0.145000,0.000001 
-0.145000,0.145000,0.000000 -0.109999,0.145000,0.000001 -0.144999,0.145002,0.035001 
-0.109999,0.145000,0.000001 -0.110000,0.145000,0.035001 -0.144999,0.145002,0.035001 
-0.109999,0.180000,0.000000 -0.144997,0.180000,0.000000 -0.109999,0.180000,0.035000 
-0.144997,0.180000,0.000000 -0.144997,0.180000,0.035000 -0.109999,0.180000,0.035000 
-0.109999,0.235001,0.035000 -0.144999,0.235001,0.035000 -0.144999,0.200001,0.035000 
-0.144999,0.200001,0.035000 -0.110000,0.200001,0.035000 -0.109999,0.235001,0.035000 
-0.144997,0.235000,0.035000 -0.144997,0.235000,0.000000 -0.144999,0.200002,0.035001 
-0.144997,0.235000,0.000000 -0.145000,0.200000,0.000000 -0.144999,0.200002,0.035001 
-0.109999,0.235000,0.000000 -0.109999,0.235000,0.035000 -0.109999,0.200000,0.000001 
-0.109999,0.235000,0.035000 -0.110000,0.200000,0.035001 -0.109999,0.200000,0.000001 
-0.145000,0.200000,0.000000 -0.109999,0.200000,0.000001 -0.144999,0.200002,0.035001 
-0.109999,0.200000,0.000001 -0.110000,0.200000,0.035001 -0.144999,0.200002,0.035001 
-0.109999,0.235000,0.000000 -0.144997,0.235000,0.000000 -0.109999,0.235000,0.035000 
-0.144997,0.235000,0.000000 -0.144997,0.235000,0.035000 -0.109999,0.235000,0.035000 
-0.109999,0.290001,0.035000 -0.144999,0.290001,0.035000 -0.144999,0.255001,0.035000 
-0.144999,0.255001,0.035000 -0.110000,0.255001,0.035000 -0.109999,0.290001,0.035000 
-0.144997,0.290000,0.035000 -0.144997,0.290000,0.000000 -0.144999,0.255002,0.035001 
-0.144997,0.290000,0.000000 -0.145000,0.255000,0.000000 -0.144999,0.255002,0.035001 
-0.109999,0.290000,0.000000 -0.109999,0.290000,0.035000 -0.109999,0.255000,0.000001 
-0.109999,0.290000,0.035000 -0.110000,0.255000,0.035001 -0.109999,0.255000,0.000001 
-0.145000,0.255000,0.000000 -0.109999,0.255000,0.000001 -0.144999,0.255002,0.035001 
-0.109999,0.255000,0.000001 -0.110000,0.255000,0.035001 -0.144999,0.255002,0.035001 
-0.109999,0.290000,0.000000 -0.144997,0.290000,0.000000 -0.109999,0.290000,0.035000 
-0.144997,0.290000,0.000000 -0.144997,0.290000,0.035000 -0.109999,0.290000,0.035000 
-0.164999,0.290001,0.035000 -0.199999,0.290001,0.035000 -0.199999,0.255001,0.035000 
-0.199999,0.255001,0.035000 -0.165000,0.255001,0.035000 -0.164999,0.290001,0.035000 
-0.199997,0.290000,0.035000 -0.199997,0.290000,0.000000 -0.199999,0.255002,0.035001 
-0.199997,0.290000,0.000000 -0.200000,0.255000,0.000000 -0.199999,0.255002,0.035001 
-0.164999,0.290000,0.000000 -0.164999,0.290000,0.035000 -0.164999,0.255000,0.000001 
-0.164999,0.290000,0.035000 -0.165000,0.255000,0.035001 -0.164999,0.255000,0.000001 
-0.200000,0.255000,0.000000 -0.164999,0.255000,0.000001 -0.199999,0.255002,0.035001 
-0.164999,0.255000,0.000001 -0.165000,0.255000,0.035001 -0.199999,0.255002,0.035001 
-0.164999,0.290000,0.000000 -0.199997,0.290000,0.000000 -0.164999,0.290000,0.035000 
-0.199997,0.290000,0.000000 -0.199997,0.290000,0.035000 -0.164999,0.290000,0.035000 
-0.219999,0.290001,0.035000 -0.254999,0.290001,0.035000 -0.254999,0.255001,0.035000 
-0.254999,0.255001,0.035000 -0.220000,0.255001,0.035000 -0.219999,0.290001,0.035000 
-0.254997,0.290000,0.035000 -0.254997,0.290000,0.000000 -0.254999,0.255002,0.035001 
-0.254997,0.290000,0.000000 -0.255000,0.255000,0.000000 -0.254999,0.255002,0.035001 
-0.219999,0.290000,0.000000 -0.219999,0.290000,0.035000 -0.219999,0.255000,0.000001 
-0.219999,0.290000,0.035000 -0.220000,0.255000,0.035001 -0.219999,0.255000,0.000001 
-0.255000,0.255000,0.000000 -0.219999,0.255000,0.000001 -0.254999,0.255002,0.035001 
-0.219999,0.255000,0.000001 -0.220000,0.255000,0.035001 -0.254999,0.255002,0.035001 
-0.219999,0.290000,0.000000 -0.254997,0.290000,0.000000 -0.219999,0.290000,0.035000 
-0.254997,0.290000,0.000000 -0.254997,0.290000,0.035000 -0.219999,0.290000,0.035000 
0.035001,-0.164999,0.070000 0.000001,-0.164999,0.070000 0.000001,-0.199999,0.070000 
0.000001,-0.199999,0.070000 0.035000,-0.199999,0.070000 0.035001,-0.164999,0.070000 
0.000003,-0.165000,0.035000 0.000003,-0.165000,0.000000 0.000001,-0.199998,0.035001 
0.000003,-0.165000,0.000000 0.000000,-0.200000,0.000000 0.000001,-0.199998,0.035001 
0.035001,-0.165000,0.000000 0.035001,-0.165000,0.035000 0.035001,-0.200000,0.000001 
0.035001,-0.165000,0.035000 0.035000,-0.200000,0.035001 0.035001,-0.200000,0.000001 
0.000000,-0.200000,0.000000 0.035001,-0.200000,0.000001 0.000001,-0.199998,0.035001 
0.035001,-0.200000,0.000001 0.035000,-0.200000,0.035001 0.000001,-0.199998,0.035001 
0.035001,-0.165000,0.000000 0.000003,-0.165000,0.000000 0.035001,-0.165000,0.035000 
0.000003,-0.165000,0.000000 0.000003,-0.165000,0.035000 0.035001,-0.165000,0.035000 
0.000003,-0.165000,0.070000 0.000003,-0.165000,0.035000 0.000001,-0.199998,0.070001 
0.000003,-0.165000,0.035000 0.000000,-0.200000,0.035000 0.000001,-0.199998,0.070001 
0.035001,-0.165000,0.035000 0.035001,-0.165000,0.070000 0.035001,-0.200000,0.035001 
0.035001,-0.165000,0.070000 0.035000,-0.200000,0.070001 0.035001,-0.200000,0.035001 
0.000000,-0.200000,0.035000 0.035001,-0.200000,0.035001 0.000001,-0.199998,0.070001 
0.035001,-0.200000,0.035001 0.035000,-0.200000,0.070001 0.000001,-0.199998,0.070001 
0.035001,-0.165000,0.035000 0.000003,-0.165000,0.035000 0.035001,-0.165000,0.070000 
0.000003,-0.165000,0.035000 0.000003,-0.165000,0.070000 0.035001,-0.165000,0.070000 
-0.019999,-0.219999,0.035000 -0.054999,-0.219999,0.035000 -0.054999,-0.254999,0.035000 
-0.054999,-0.254999,0.035000 -0.020000,-0.254999,0.035000 -0.019999,-0.219999,0.035000 
-0.054997,-0.220000,0.035000 -0.054997,-0.220000,0.000000 -0.054999,-0.254998,0.035001 
-0.054997,-0.220000,0.000000 -0.055000,-0.255000,0.000000 -0.054999,-0.254998,0.035001 
-0.019999,-0.220000,0.000000 -0.019999,-0.220000,0.035000 -0.019999,-0.255000,0.000001 
-0.019999,-0.220000,0.035000 -0.020000,-0.255000,0.035001 -0.019999,-0.255000,0.000001 
-0.055000,-0.255000,0.000000 -0.019999,-0.255000,0.000001 -0.054999,-0.254998,0.035001 
-0.019999,-0.255000,0.000001 -0.020000,-0.255000,0.035001 -0.054999,-0.254998,0.035001 
-0.019999,-0.220000,0.000000 -0.054997,-0.220000,0.000000 -0.019999,-0.220000,0.035000 
-0.054997,-0.220000,0.000000 -0.054997,-0.220000,0.035000 -0.019999,-0.220000,0.035000 
-0.019999,-0.164999,0.035000 -0.054999,-0.164999,0.035000 -0.054999,-0.199999,0.035000 
-0.054999,-0.199999,0.035000 -0.020000,-0.199999,0.035000 -0.019999,-0.164999,0.035000 
-0.054997,-0.165000,0.035000 -0.054997,-0.165000,0.000000 -0.054999,-0.199998,0.035001 
-0.054997,-0.165000,0.000000 -0.055000,-0.200000,0.000000 -0.054999,-0.199998,0.035001 
-0.019999,-0.165000,0.000000 -0.019999,-0.165000,0.035000 -0.019999,-0.200000,0.000001 
-0.019999,-0.165000,0.035000 -0.020000,-0.200000,0.035001 -0.019999,-0.200000,0.000001 
-0.055000,-0.200000,0.000000 -0.019999,-0.200000,0.000001 -0.054999,-0.199998,0.035001 
-0.019999,-0.200000,0.000001 -0.020000,-0.200000,0.035001 -0.054999,-0.199998,0.035001 
-0.019999,-0.165000,0.000000 -0.054997,-0.165000,0.000000 -0.019999,-0.165000,0.035000 
-0.054997,-0.165000,0.000000 -0.054997,-0.165000,0.035000 -0.019999,-0.165000,0.035000 
0.035001,-0.219999,0.035000 0.000001,-0.219999,0.035000 0.000001,-0.254999,0.035000 
0.000001,-0.254999,0.035000 0.035000,-0.254999,0.035000 0.035001,-0.219999,0.035000 
0.000003,-0.220000,0.035000 0.000003,-0.220000,0.000000 0.000001,-0.254998,0.035001 
0.000003,-0.220000,0.000000 0.000000,-0.255000,0.000000 0.000001,-0.254998,0.035001 
0.035001,-0.220000,0.000000 0.035001,-0.220000,0.035000 0.035001,-0.255000,0.000001 
0.035001,-0.220000,0.035000 0.035000,-0.255000,0.035001 0.035001,-0.255000,0.000001 
0.000000,-0.255000,0.000000 0.035001,-0.255000,0.000001 0.000001,-0.254998,0.035001 
0.035001,-0.255000,0.000001 0.035000,-0.255000,0.035001 0.000001,-0.254998,0.035001 
0.035001,-0.220000,0.000000 0.000003,-0.220000,0.000000 0.035001,-0.220000,0.035000 
0.000003,-0.220000,0.000000 0.000003,-0.220000,0.035000 0.035001,-0.220000,0.035000 
0.090001,-0.219999,0.035000 0.055001,-0.219999,0.035000 0.055001,-0.254999,0.035000 
0.055001,-0.254999,0.035000 0.090000,-0.254999,0.035000 0.090001,-0.219999,0.035000 
0.055003,-0.220000,0.035000 0.055003,-0.220000,0.000000 0.055001,-0.254998,0.035001 
0.055003,-0.220000,0.000000 0.055000,-0.255000,0.000000 0.055001,-0.254998,0.035001 
0.090001,-0.220000,0.000000 0.090001,-0.220000,0.035000 0.090001,-0.255000,0.000001 
0.090001,-0.220000,0.035000 0.090000,-0.255000,0.035001 0.090001,-0.255000,0.000001 
0.055000,-0.255000,0.000000 0.090001,-0.255000,0.000001 0.055001,-0.254998,0.035001 
0.090001,-0.255000,0.000001 0.090000,-0.255000,0.035001 0.055001,-0.254998,0.035001 
0.090001,-0.220000,0.000000 0.055003,-0.220000,0.000000 0.090001,-0.220000,0.035000 
0.055003,-0.220000,0.000000 0.055003,-0.220000,0.035000 0.090001,-0.220000,0.035000 
0.090001,-0.164999,0.035000 0.055001,-0.164999,0.035000 0.055001,-0.199999,0.035000 
0.055001,-0.199999,0.035000 0.090000,-0.199999,0.035000 0.090001,-0.164999,0.035000 
0.055003,-0.165000,0.035000 0.055003,-0.165000,0.000000 0.055001,-0.199998,0.035001 
0.055003,-0.165000,0.000000 0.055000,-0.200000,0.000000 0.055001,-0.199998,0.035001 
0.090001,-0.165000,0.000000 0.090001,-0.165000,0.035000 0.090001,-0.200000,0.000001 
0.090001,-0.165000,0.035000 0.090000,-0.200000,0.035001 0.090001,-0.200000,0.000001 
0.055000,-0.200000,0.000000 0.090001,-0.200000,0.000001 0.055001,-0.199998,0.035001 
0.090001,-0.200000,0.000001 0.090000,-0.200000,0.035001 0.055001,-0.199998,0.035001 
0.090001,-0.165000,0.000000 0.055003,-0.165000,0.000000 0.090001,-0.165000,0.035000 
0.055003,-0.165000,0.000000 0.055003,-0.165000,0.035000 0.090001,-0.165000,0.035000 
0.090001,-0.109999,0.035000 0.055001,-0.109999,0.035000 0.055001,-0.144999,0.035000 
0.055001,-0.144999,0.035000 0.090000,-0.144999,0.035000 0.090001,-0.109999,0.035000 
0.055003,-0.110000,0.035000 0.055003,-0.110000,0.000000 0.055001,-0.144998,0.035001 
0.055003,-0.110000,0.000000 0.055000,-0.145000,0.000000 0.055001,-0.144998,0.035001 
0.090001,-0.110000,0.000000 0.090001,-0.110000,0.035000 0.090001,-0.145000,0.000001 
0.090001,-0.110000,0.035000 0.090000,-0.145000,0.035001 0.090001,-0.145000,0.000001 
0.055000,-0.145000,0.000000 0.090001,-0.145000,0.000001 0.055001,-0.144998,0.035001 
0.090001,-0.145000,0.000001 0.090000,-0.145000,0.035001 0.055001,-0.144998,0.035001 
0.090001,-0.110000,0.000000 0.055003,-0.110000,0.000000 0.090001,-0.110000,0.035000 
0.055003,-0.110000,0.000000 0.055003,-0.110000,0.035000 0.090001,-0.110000,0.035000 
0.035001,-0.109999,0.035000 0.000001,-0.109999,0.035000 0.000001,-0.144999,0.035000 
0.000001,-0.144999,0.035000 0.035000,-0.144999,0.035000 0.035001,-0.109999,0.035000 
0.000003,-0.110000,0.035000 0.000003,-0.110000,0.000000 0.000001,-0.144998,0.035001 
0.000003,-0.110000,0.000000 0.000000,-0.145000,0.000000 0.000001,-0.144998,0.035001 
0.035001,-0.110000,0.000000 0.035001,-0.110000,0.035000 0.035001,-0.145000,0.000001 
0.035001,-0.110000,0.035000 0.035000,-0.145000,0.035001 0.035001,-0.145000,0.000001 
0.000000,-0.145000,0.000000 0.035001,-0.145000,0.000001 0.000001,-0.144998,0.035001 
0.035001,-0.145000,0.000001 0.035000,-0.145000,0.035001 0.000001,-0.144998,0.035001 
0.035001,-0.110000,0.000000 0.000003,-0.110000,0.000000 0.035001,-0.110000,0.035000 
0.000003,-0.110000,0.000000 0.000003,-0.110000,0.035000 0.035001,-0.110000,0.035000 
-0.019999,-0.109999,0.035000 -0.054999,-0.109999,0.035000 -0.054999,-0.144999,0.035000 
-0.054999,-0.144999,0.035000 -0.020000,-0.144999,0.035000 -0.019999,-0.109999,0.035000 
-0.054997,-0.110000,0.035000 -0.054997,-0.110000,0.000000 -0.054999,-0.144998,0.035001 
-0.054997,-0.110000,0.000000 -0.055000,-0.145000,0.000000 -0.054999,-0.144998,0.035001 
-0.019999,-0.110000,0.000000 -0.019999,-0.110000,0.035000 -0.019999,-0.145000,0.000001 
-0.019999,-0.110000,0.035000 -0.020000,-0.145000,0.035001 -0.019999,-0.145000,0.000001 
-0.055000,-0.145000,0.000000 -0.019999,-0.145000,0.000001 -0.054999,-0.144998,0.035001 
-0.019999,-0.145000,0.000001 -0.020000,-0.145000,0.035001 -0.054999,-0.144998,0.035001 
-0.019999,-0.110000,0.000000 -0.054997,-0.110000,0.000000 -0.019999,-0.110000,0.035000 
-0.054997,-0.110000,0.000000 -0.054997,-0.110000,0.035000 -0.019999,-0.110000,0.035000 
0.235001,-0.164999,0.070000 0.200001,-0.164999,0.070000 0.200001,-0.199999,0.070000 
0.200001,-0.199999,0.070000 0.235000,-0.199999,0.070000 0.235001,-0.164999,0.070000 
0.200003,-0.165000,0.035000 0.200003,-0.165000,0.000000 0.200001,-0.199998,0.035001 
0.200003,-0.165000,0.000000 0.200000,-0.200000,0.000000 0.200001,-0.199998,0.035001 
0.235001,-0.165000,0.000000 0.235001,-0.165000,0.035000 0.235001,-0.200000,0.000001 
0.235001,-0.165000,0.035000 0.235000,-0.200000,0.035001 0.235001,-0.200000,0.000001 
0.200000,-0.200000,0.000000 0.235001,-0.200000,0.000001 0.200001,-0.199998,0.035001 
0.235001,-0.200000,0.000001 0.235000,-0.200000,0.035001 0.200001,-0.199998,0.035001 
0.235001,-0.165000,0.000000 0.200003,-0.165000,0.000000 0.235001,-0.165000,0.035000 
0.200003,-0.165000,0.000000 0.200003,-0.165000,0.035000 0.235001,-0.165000,0.035000 
0.200003,-0.165000,0.070000 0.200003,-0.165000,0.035000 0.200001,-0.199998,0.070001 
0.200003,-0.165000,0.035000 0.200000,-0.200000,0.035000 0.200001,-0.199998,0.070001 
0.235001,-0.165000,0.035000 0.235001,-0.165000,0.070000 0.235001,-0.200000,0.035001 
0.235001,-0.165000,0.070000 0.235000,-0.200000,0.070001 0.235001,-0.200000,0.035001 
0.200000,-0.200000,0.035000 0.235001,-0.200000,0.035001 0.200001,-0.199998,0.070001 
0.235001,-0.200000,0.035001 0.235000,-0.200000,0.070001 0.200001,-0.199998,0.070001 
0.235001,-0.165000,0.035000 0.200003,-0.165000,0.035000 0.235001,-0.165000,0.070000 
0.200003,-0.165000,0.035000 0.200003,-0.165000,0.070000 0.235001,-0.165000,0.070000 
0.180001,-0.219999,0.035000 0.145001,-0.219999,0.035000 0.145001,-0.254999,0.035000 
0.145001,-0.254999,0.035000 0.180000,-0.254999,0.035000 0.180001,-0.219999,0.035000 
0.145003,-0.220000,0.035000 0.145003,-0.220000,0.000000 0.145001,-0.254998,0.035001 
0.145003,-0.220000,0.000000 0.145000,-0.255000,0.000000 0.145001,-0.254998,0.035001 
0.180001,-0.220000,0.000000 0.180001,-0.220000,0.035000 0.180001,-0.255000,0.000001 
0.180001,-0.220000,0.035000 0.180000,-0.255000,0.035001 0.180001,-0.255000,0.000001 
0.145000,-0.255000,0.000000 0.180001,-0.255000,0.000001 0.145001,-0.254998,0.035001 
0.180001,-0.255000,0.000001 0.180000,-0.255000,0.035001 0.145001,-0.254998,0.035001 
0.180001,-0.220000,0.000000 0.145003,-0.220000,0.000000 0.180001,-0.220000,0.035000 
0.145003,-0.220000,0.000000 0.145003,-0.220000,0.035000 0.180001,-0.220000,0.035000 
0.180001,-0.164999,0.035000 0.145001,-0.164999,0.035000 0.145001,-0.199999,0.035000 
0.145001,-0.199999,0.035000 0.180000,-0.199999,0.035000 0.180001,-0.164999,0.035000 
0.145003,-0.165000,0.035000 0.145003,-0.165000,0.000000 0.145001,-0.199998,0.035001 
0.145003,-0.165000,0.000000 0.145000,-0.200000,0.000000 0.145001,-0.199998,0.035001 
0.180001,-0.165000,0.000000 0.180001,-0.165000,0.035000 0.180001,-0.200000,0.000001 
0.180001,-0.165000,0.035000 0.180000,-0.200000,0.035001 0.180001,-0.200000,0.000001 
0.145000,-0.200000,0.000000 0.180001,-0.200000,0.000001 0.145001,-0.199998,0.035001 
0.180001,-0.200000,0.000001 0.180000,-0.200000,0.035001 0.145001,-0.199998,0.035001 
0.180001,-0.165000,0.000000 0.145003,-0.165000,0.000000 0.180001,-0.165000,0.035000 
0.145003,-0.165000,0.000000 0.145003,-0.165000,0.035000 0.180001,-0.165000,0.035000 
0.235001,-0.219999,0.035000 0.200001,-0.219999,0.035000 0.200001,-0.254999,0.035000 
0.200001,-0.254999,0.035000 0.235000,-0.254999,0.035000 0.235001,-0.219999,0.035000 
0.200003,-0.220000,0.035000 0.200003,-0.220000,0.000000 0.200001,-0.254998,0.035001 
0.200003,-0.220000,0.000000 0.200000,-0.255000,0.000000 0.200001,-0.254998,0.035001 
0.235001,-0.220000,0.000000 0.235001,-0.220000,0.035000 0.235001,-0.255000,0.000001 
0.235001,-0.220000,0.035000 0.235000,-0.255000,0.035001 0.235001,-0.255000,0.000001 
0.200000,-0.255000,0.000000 0.235001,-0.255000,0.000001 0.200001,-0.254998,0.035001 
0.235001,-0.255000,0.000001 0.235000,-0.255000,0.035001 0.200001,-0.254998,0.035001 
0.235001,-0.220000,0.000000 0.200003,-0.220000,0.000000 0.235001,-0.220000,0.035000 
0.200003,-0.220000,0.000000 0.200003,-0.220000,0.035000 0.235001,-0.220000,0.035000 
0.290001,-0.219999,0.035000 0.255001,-0.219999,0.035000 0.255001,-0.254999,0.035000 
0.255001,-0.254999,0.035000 0.290000,-0.254999,0.035000 0.290001,-0.219999,0.035000 
0.255003,-0.220000,0.035000 0.255003,-0.220000,0.000000 0.255001,-0.254998,0.035001 
0.255003,-0.220000,0.000000 0.255000,-0.255000,0.000000 0.255001,-0.254998,0.035001 
0.290001,-0.220000,0.000000 0.290001,-0.220000,0.035000 0.290001,-0.255000,0.000001 
0.290001,-0.220000,0.035000 0.290000,-0.255000,0.035001 0.290001,-0.255000,0.000001 
0.255000,-0.255000,0.000000 0.290001,-0.255000,0.000001 0.255001,-0.254998,0.035001 
0.290001,-0.255000,0.000001 0.290000,-0.255000,0.035001 0.255001,-0.254998,0.035001 
0.290001,-0.220000,0.000000 0.255003,-0.220000,0.000000 0.290001,-0.220000,0.035000 
0.255003,-0.220000,0.000000 0.255003,-0.220000,0.035000 0.290001,-0.220000,0.035000 
0.290001,-0.164999,0.035000 0.255001,-0.164999,0.035000 0.255001,-0.199999,0.035000 
0.255001,-0.199999,0.035000 0.290000,-0.199999,0.035000 0.290001,-0.164999,0.035000 
0.255003,-0.165000,0.035000 0.255003,-0.165000,0.000000 0.255001,-0.199998,0.035001 
0.255003,-0.165000,0.000000 0.255000,-0.200000,0.000000 0.255001,-0.199998,0.035001 
0.290001,-0.165000,0.000000 0.290001,-0.165000,0.035000 0.290001,-0.200000,0.000001 
0.290001,-0.165000,0.035000 0.290000,-0.200000,0.035001 0.290001,-0.200000,0.000001 
0.255000,-0.200000,0.000000 0.290001,-0.200000,0.000001 0.255001,-0.199998,0.035001 
0.290001,-0.200000,0.000001 0.290000,-0.200000,0.035001 0.255001,-0.199998,0.035001 
0.290001,-0.165000,0.000000 0.255003,-0.165000,0.000000 0.290001,-0.165000,0.035000 
0.255003,-0.165000,0.000000 0.255003,-0.165000,0.035000 0.290001,-0.165000,0.035000 
0.290001,-0.109999,0.035000 0.255001,-0.109999,0.035000 0.255001,-0.144999,0.035000 
0.255001,-0.144999,0.035000 0.290000,-0.144999,0.035000 0.290001,-0.109999,0.035000 
0.255003,-0.110000,0.035000 0.255003,-0.110000,0.000000 0.255001,-0.144998,0.035001 
0.255003,-0.110000,0.000000 0.255000,-0.145000,0.000000 0.255001,-0.144998,0.035001 
0.290001,-0.110000,0.000000 0.290001,-0.110000,0.035000 0.290001,-0.145000,0.000001 
0.290001,-0.110000,0.035000 0.290000,-0.145000,0.035001 0.290001,-0.145000,0.000001 
0.255000,-0.145000,0.000000 0.290001,-0.145000,0.000001 0.255001,-0.144998,0.035001 
0.290001,-0.145000,0.000001 0.290000,-0.145000,0.035001 0.255001,-0.144998,0.035001 
0.290001,-0.110000,0.000000 0.255003,-0.110000,0.000000 0.290001,-0.110000,0.035000 
0.255003,-0.110000,0.000000 0.255003,-0.110000,0.035000 0.290001,-0.110000,0.035000 
0.235001,-0.109999,0.035000 0.200001,-0.109999,0.035000 0.200001,-0.144999,0.035000 
0.200001,-0.144999,0.035000 0.235000,-0.144999,0.035000 0.235001,-0.109999,0.035000 
0.200003,-0.110000,0.035000 0.200003,-0.110000,0.000000 0.200001,-0.144998,0.035001 
0.200003,-0.110000,0.000000 0.200000,-0.145000,0.000000 0.200001,-0.144998,0.035001 
0.235001,-0.110000,0.000000 0.235001,-0.110000,0.035000 0.235001,-0.145000,0.000001 
0.235001,-0.110000,0.035000 0.235000,-0.145000,0.035001 0.235001,-0.145000,0.000001 
0.200000,-0.145000,0.000000 0.235001,-0.145000,0.000001 0.200001,-0.144998,0.035001 
0.235001,-0.145000,0.000001 0.235000,-0.145000,0.035001 0.200001,-0.144998,0.035001 
0.235001,-0.110000,0.000000 0.200003,-0.110000,0.000000 0.235001,-0.110000,0.035000 
0.200003,-0.110000,0.000000 0.200003,-0.110000,0.035000 0.235001,-0.110000,0.035000 
0.180001,-0.109999,0.035000 0.145001,-0.109999,0.035000 0.145001,-0.144999,0.035000 
0.145001,-0.144999,0.035000 0.180000,-0.144999,0.035000 0.180001,-0.109999,0.035000 
0.145003,-0.110000,0.035000 0.145003,-0.110000,0.000000 0.145001,-0.144998,0.035001 
0.145003,-0.110000,0.000000 0.145000,-0.145000,0.000000 0.145001,-0.144998,0.035001 
0.180001,-0.110000,0.000000 0.180001,-0.110000,0.035000 0.180001,-0.145000,0.000001 
0.180001,-0.110000,0.035000 0.180000,-0.145000,0.035001 0.180001,-0.145000,0.000001 
0.145000,-0.145000,0.000000 0.180001,-0.145000,0.000001 0.145001,-0.144998,0.035001 
0.180001,-0.145000,0.000001 0.180000,-0.145000,0.035001 0.145001,-0.144998,0.035001 
0.180001,-0.110000,0.000000 0.145003,-0.110000,0.000000 0.180001,-0.110000,0.035000 
0.145003,-0.110000,0.000000 0.145003,-0.110000,0.035000 0.180001,-0.110000,0.035000 
0.235001,0.035001,0.070000 0.200001,0.035001,0.070000 0.200001,0.000001,0.070000 
0.200001,0.000001,0.070000 0.235000,0.000001,0.070000 0.235001,0.035001,0.070000 
0.200003,0.035000,0.035000 0.200003,0.035000,0.000000 0.200001,0.000002,0.035001 
0.200003,0.035000,0.000000 0.200000,0.000000,0.000000 0.200001,0.000002,0.035001 
0.235001,0.035000,0.000000 0.235001,0.035000,0.035000 0.235001,0.000000,0.000001 
0.235001,0.035000,0.035000 0.235000,0.000000,0.035001 0.235001,0.000000,0.000001 
0.200000,0.000000,0.000000 0.235001,0.000000,0.000001 0.200001,0.000002,0.035001 
0.235001,0.000000,0.000001 0.235000,0.000000,0.035001 0.200001,0.000002,0.035001 
0.235001,0.035000,0.000000 0.200003,0.035000,0.000000 0.235001,0.035000,0.035000 
0.200003,0.035000,0.000000 0.200003,0.035000,0.035000 0.235001,0.035000,0.035000 
0.200003,0.035000,0.070000 0.200003,0.035000,0.035000 0.200001,0.000002,0.070001 
0.200003,0.035000,0.035000 0.200000,0.000000,0.035000 0.200001,0.000002,0.070001 
0.235001,0.035000,0.035000 0.235001,0.035000,0.070000 0.235001,0.000000,0.035001 
0.235001,0.035000,0.070000 0.235000,0.000000,0.070001 0.235001,0.000000,0.035001 
0.200000,0.000000,0.035000 0.235001,0.000000,0.035001 0.200001,0.000002,0.070001 
0.235001,0.000000,0.035001 0.235000,0.000000,0.070001 0.200001,0.000002,0.070001 
0.235001,0.035000,0.035000 0.200003,0.035000,0.035000 0.235001,0.035000,0.070000 
0.200003,0.035000,0.035000 0.200003,0.035000,0.070000 0.235001,0.035000,0.070000 
0.180001,-0.019999,0.035000 0.145001,-0.019999,0.035000 0.145001,-0.054999,0.035000 
0.145001,-0.054999,0.035000 0.180000,-0.054999,0.035000 0.180001,-0.019999,0.035000 
0.145003,-0.020000,0.035000 0.145003,-0.020000,0.000000 0.145001,-0.054998,0.035001 
0.145003,-0.020000,0.000000 0.145000,-0.055000,0.000000 0.145001,-0.054998,0.035001 
0.180001,-0.020000,0.000000 0.180001,-0.020000,0.035000 0.180001,-0.055000,0.000001 
0.180001,-0.020000,0.035000 0.180000,-0.055000,0.035001 0.180001,-0.055000,0.000001 
0.145000,-0.055000,0.000000 0.180001,-0.055000,0.000001 0.145001,-0.054998,0.035001 
0.180001,-0.055000,0.000001 0.180000,-0.055000,0.035001 0.145001,-0.054998,0.035001 
0.180001,-0.020000,0.000000 0.145003,-0.020000,0.000000 0.180001,-0.020000,0.035000 
0.145003,-0.020000,0.000000 0.145003,-0.020000,0.035000 0.180001,-0.020000,0.035000 
0.180001,0.035001,0.035000 0.145001,0.035001,0.035000 0.145001,0.000001,0.035000 
0.145001,0.000001,0.035000 0.180000,0.000001,0.035000 0.180001,0.035001,0.035000 
0.145003,0.035000,0.035000 0.145003,0.035000,0.000000 0.145001,0.000002,0.035001 
0.145003,0.035000,0.000000 0.145000,0.000000,0.000000 0.145001,0.000002,0.035001 
0.180001,0.035000,0.000000 0.180001,0.035000,0.035000 0.180001,0.000000,0.000001 
0.180001,0.035000,0.035000 0.180000,0.000000,0.035001 0.180001,0.000000,0.000001 
0.145000,0.000000,0.000000 0.180001,0.000000,0.000001 0.145001,0.000002,0.035001 
0.180001,0.000000,0.000001 0.180000,0.000000,0.035001 0.145001,0.000002,0.035001 
0.180001,0.035000,0.000000 0.145003,0.035000,0.000000 0.180001,0.035000,0.035000 
0.145003,0.035000,0.000000 0.145003,0.035000,0.035000 0.180001,0.035000,0.035000 
0.235001,-0.019999,0.035000 0.200001,-0.019999,0.035000 0.200001,-0.054999,0.035000 
0.200001,-0.054999,0.035000 0.235000,-0.054999,0.035000 0.235001,-0.019999,0.035000 
0.200003,-0.020000,0.035000 0.200003,-0.020000,0.000000 0.200001,-0.054998,0.035001 
0.200003,-0.020000,0.000000 0.200000,-0.055000,0.000000 0.200001,-0.054998,0.035001 
0.235001,-0.020000,0.000000 0.235001,-0.020000,0.035000 0.235001,-0.055000,0.000001 
0.235001,-0.020000,0.035000 0.235000,-0.055000,0.035001 0.235001,-0.055000,0.000001 
0.200000,-0.055000,0.000000 0.235001,-0.055000,0.000001 0.200001,-0.054998,0.035001 
0.235001,-0.055000,0.000001 0.235000,-0.055000,0.035001 0.200001,-0.054998,0.035001 
0.235001,-0.020000,0.000000 0.200003,-0.020000,0.000000 0.235001,-0.020000,0.035000 
0.200003,-0.020000,0.000000 0.200003,-0.020000,0.035000 0.235001,-0.020000,0.035000 
0.290001,-0.019999,0.035000 0.255001,-0.019999,0.035000 0.255001,-0.054999,0.035000 
0.255001,-0.054999,0.035000 0.290000,-0.054999,0.035000 0.290001,-0.019999,0.035000 
0.255003,-0.020000,0.035000 0.255003,-0.020000,0.000000 0.255001,-0.054998,0.035001 
0.255003,-0.020000,0.000000 0.255000,-0.055000,0.000000 0.255001,-0.054998,0.035001 
0.290001,-0.020000,0.000000 0.290001,-0.020000,0.035000 0.290001,-0.055000,0.000001 
0.290001,-0.020000,0.035000 0.290000,-0.055000,0.035001 0.290001,-0.055000,0.000001 
0.255000,-0.055000,0.000000 0.290001,-0.055000,0.000001 0.255001,-0.054998,0.035001 
0.290001,-0.055000,0.000001 0.290000,-0.055000,0.035001 0.255001,-0.054998,0.035001 
0.290001,-0.020000,0.000000 0.255003,-0.020000,0.000000 0.290001,-0.020000,0.035000 
0.255003,-0.020000,0.000000 0.255003,-0.020000,0.035000 0.290001,-0.020000,0.035000 
0.290001,0.035001,0.035000 0.255001,0.035001,0.035000 0.255001,0.000001,0.035000 
0.255001,0.000001,0.035000 0.290000,0.000001,0.035000 0.290001,0.035001,0.035000 
0.255003,0.035000,0.035000 0.255003,0.035000,0.000000 0.255001,0.000002,0.035001 
0.255003,0.035000,0.000000 0.255000,0.000000,0.000000 0.255001,0.000002,0.035001 
0.290001,0.035000,0.000000 0.290001,0.035000,0.035000 0.290001,0.000000,0.000001 
0.290001,0.035000,0.035000 0.290000,0.000000,0.035001 0.290001,0.000000,0.000001 
0.255000,0.000000,0.000000 0.290001,0.000000,0.000001 0.255001,0.000002,0.035001 
0.290001,0.000000,0.000001 0.290000,0.000000,0.035001 0.255001,0.000002,0.035001 
0.290001,0.035000,0.000000 0.255003,0.035000,0.000000 0.290001,0.035000,0.035000 
0.255003,0.035000,0.000000 0.255003,0.035000,0.035000 0.290001,0.035000,0.035000 
0.290001,0.090001,0.035000 0.255001,0.090001,0.035000 0.255001,0.055001,0.035000 
0.255001,0.055001,0.035000 0.290000,0.055001,0.035000 0.290001,0.090001,0.035000 
0.255003,0.090000,0.035000 0.255003,0.090000,0.000000 0.255001,0.055002,0.035001 
0.255003,0.090000,0.000000 0.255000,0.055000,0.000000 0.255001,0.055002,0.035001 
0.290001,0.090000,0.000000 0.290001,0.090000,0.035000 0.290001,0.055000,0.000001 
0.290001,0.090000,0.035000 0.290000,0.055000,0.035001 0.290001,0.055000,0.000001 
0.255000,0.055000,0.000000 0.290001,0.055000,0.000001 0.255001,0.055002,0.035001 
0.290001,0.055000,0.000001 0.290000,0.055000,0.035001 0.255001,0.055002,0.035001 
0.290001,0.090000,0.000000 0.255003,0.090000,0.000000 0.290001,0.090000,0.035000 
0.255003,0.090000,0.000000 0.255003,0.090000,0.035000 0.290001,0.090000,0.035000 
0.235001,0.090001,0.035000 0.200001,0.090001,0.035000 0.200001,0.055001,0.035000 
0.200001,0.055001,0.035000 0.235000,0.055001,0.035000 0.235001,0.090001,0.035000 
0.200003,0.090000,0.035000 0.200003,0.090000,0.000000 0.200001,0.055002,0.035001 
0.200003,0.090000,0.000000 0.200000,0.055000,0.000000 0.200001,0.055002,0.035001 
0.235001,0.090000,0.000000 0.235001,0.090000,0.035000 0.235001,0.055000,0.000001 
0.235001,0.090000,0.035000 0.235000,0.055000,0.035001 0.235001,0.055000,0.000001 
0.200000,0.055000,0.000000 0.235001,0.055000,0.000001 0.200001,0.055002,0.035001 
0.235001,0.055000,0.000001 0.235000,0.055000,0.035001 0.200001,0.055002,0.035001 
0.235001,0.090000,0.000000 0.200003,0.090000,0.000000 0.235001,0.090000,0.035000 
0.200003,0.090000,0.000000 0.200003,0.090000,0.035000 0.235001,0.090000,0.035000 
0.180001,0.090001,0.035000 0.145001,0.090001,0.035000 0.145001,0.055001,0.035000 
0.145001,0.055001,0.035000 0.180000,0.055001,0.035000 0.180001,0.090001,0.035000 
0.145003,0.090000,0.035000 0.145003,0.090000,0.000000 0.145001,0.055002,0.035001 
0.145003,0.090000,0.000000 0.145000,0.055000,0.000000 0.145001,0.055002,0.035001 
0.180001,0.090000,0.000000 0.180001,0.090000,0.035000 0.180001,0.055000,0.000001 
0.180001,0.090000,0.035000 0.180000,0.055000,0.035001 0.180001,0.055000,0.000001 
0.145000,0.055000,0.000000 0.180001,0.055000,0.000001 0.145001,0.055002,0.035001 
0.180001,0.055000,0.000001 0.180000,0.055000,0.035001 0.145001,0.055002,0.035001 
0.180001,0.090000,0.000000 0.145003,0.090000,0.000000 0.180001,0.090000,0.035000 
0.145003,0.090000,0.000000 0.145003,0.090000,0.035000 0.180001,0.090000,0.035000 
0.235001,0.235001,0.070000 0.200001,0.235001,0.070000 0.200001,0.200001,0.070000 
0.200001,0.200001,0.070000 0.235000,0.200001,0.070000 0.235001,0.235001,0.070000 
0.200003,0.235000,0.035000 0.200003,0.235000,0.000000 0.200001,0.200002,0.035001 
0.200003,0.235000,0.000000 0.200000,0.200000,0.000000 0.200001,0.200002,0.035001 
0.235001,0.235000,0.000000 0.235001,0.235000,0.035000 0.235001,0.200000,0.000001 
0.235001,0.235000,0.035000 0.235000,0.200000,0.035001 0.235001,0.200000,0.000001 
0.200000,0.200000,0.000000 0.235001,0.200000,0.000001 0.200001,0.200002,0.035001 
0.235001,0.200000,0.000001 0.235000,0.200000,0.035001 0.200001,0.200002,0.035001 
0.235001,0.235000,0.000000 0.200003,0.235000,0.000000 0.235001,0.235000,0.035000 
0.200003,0.235000,0.000000 0.200003,0.235000,0.035000 0.235001,0.235000,0.035000 
0.200003,0.235000,0.070000 0.200003,0.235000,0.035000 0.200001,0.200002,0.070001 
0.200003,0.235000,0.035000 0.200000,0.200000,0.035000 0.200001,0.200002,0.070001 
0.235001,0.235000,0.035000 0.235001,0.235000,0.070000 0.235001,0.200000,0.035001 
0.235001,0.235000,0.070000 0.235000,0.200000,0.070001 0.235001,0.200000,0.035001 
0.200000,0.200000,0.035000 0.235001,0.200000,0.035001 0.200001,0.200002,0.070001 
0.235001,0.200000,0.035001 0.235000,0.200000,0.070001 0.200001,0.200002,0.070001 
0.235001,0.235000,0.035000 0.200003,0.235000,0.035000 0.235001,0.235000,0.070000 
0.200003,0.235000,0.035000 0.200003,0.235000,0.070000 0.235001,0.235000,0.070000 
0.180001,0.180001,0.035000 0.145001,0.180001,0.035000 0.145001,0.145001,0.035000 
0.145001,0.145001,0.035000 0.180000,0.145001,0.035000 0.180001,0.180001,0.035000 
0.145003,0.180000,0.035000 0.145003,0.180000,0.000000 0.145001,0.145002,0.035001 
0.145003,0.180000,0.000000 0.145000,0.145000,0.000000 0.145001,0.145002,0.035001 
0.180001,0.180000,0.000000 0.180001,0.180000,0.035000 0.180001,0.145000,0.000001 
0.180001,0.180000,0.035000 0.180000,0.145000,0.035001 0.180001,0.145000,0.000001 
0.145000,0.145000,0.000000 0.180001,0.145000,0.000001 0.145001,0.145002,0.035001 
0.180001,0.145000,0.000001 0.180000,0.145000,0.035001 0.145001,0.145002,0.035001 
0.180001,0.180000,0.000000 0.145003,0.180000,0.000000 0.180001,0.180000,0.035000 
0.145003,0.180000,0.000000 0.145003,0.180000,0.035000 0.180001,0.180000,0.035000 
0.180001,0.235001,0.035000 0.145001,0.235001,0.035000 0.145001,0.200001,0.035000 
0.145001,0.200001,0.035000 0.180000,0.200001,0.035000 0.180001,0.235001,0.035000 
0.145003,0.235000,0.035000 0.145003,0.235000,0.000000 0.145001,0.200002,0.035001 
0.145003,0.235000,0.000000 0.145000,0.200000,0.000000 0.145001,0.200002,0.035001 
0.180001,0.235000,0.000000 0.180001,0.235000,0.035000 0.180001,0.200000,0.000001 
0.180001,0.235000,0.035000 0.180000,0.200000,0.035001 0.180001,0.200000,0.000001 
0.145000,0.200000,0.000000 0.180001,0.200000,0.000001 0.145001,0.200002,0.035001 
0.180001,0.200000,0.000001 0.180000,0.200000,0.035001 0.145001,0.200002,0.035001 
0.180001,0.235000,0.000000 0.145003,0.235000,0.000000 0.180001,0.235000,0.035000 
0.145003,0.235000,0.000000 0.145003,0.235000,0.035000 0.180001,0.235000,0.035000 
0.235001,0.180001,0.035000 0.200001,0.180001,0.035000 0.200001,0.145001,0.035000 
0.200001,0.145001,0.035000 0.235000,0.145001,0.035000 0.235001,0.180001,0.035000 
0.200003,0.180000,0.035000 0.200003,0.180000,0.000000 0.200001,0.145002,0.035001 
0.200003,0.180000,0.000000 0.200000,0.145000,0.000000 0.200001,0.145002,0.035001 
0.235001,0.180000,0.000000 0.235001,0.180000,0.035000 0.235001,0.145000,0.000001 
0.235001,0.180000,0.035000 0.235000,0.145000,0.035001 0.235001,0.145000,0.000001 
0.200000,0.145000,0.000000 0.235001,0.145000,0.000001 0.200001,0.145002,0.035001 
0.235001,0.145000,0.000001 0.235000,0.145000,0.035001 0.200001,0.145002,0.035001 
0.235001,0.180000,0.000000 0.200003,0.180000,0.000000 0.235001,0.180000,0.035000 
0.200003,0.180000,0.000000 0.200003,0.180000,0.035000 0.235001,0.180000,0.035000 
0.290001,0.180001,0.035000 0.255001,0.180001,0.035000 0.255001,0.145001,0.035000 
0.255001,0.145001,0.035000 0.290000,0.145001,0.035000 0.290001,0.180001,0.035000 
0.255003,0.180000,0.035000 0.255003,0.180000,0.000000 0.255001,0.145002,0.035001 
0.255003,0.180000,0.000000 0.255000,0.145000,0.000000 0.255001,0.145002,0.035001 
0.290001,0.180000,0.000000 0.290001,0.180000,0.035000 0.290001,0.145000,0.000001 
0.290001,0.180000,0.035000 0.290000,0.145000,0.035001 0.290001,0.145000,0.000001 
0.255000,0.145000,0.000000 0.290001,0.145000,0.000001 0.255001,0.145002,0.035001 
0.290001,0.145000,0.000001 0.290000,0.145000,0.035001 0.255001,0.145002,0.035001 
0.290001,0.180000,0.000000 0.255003,0.180000,0.000000 0.290001,0.180000,0.035000 
0.255003,0.180000,0.000000 0.255003,0.180000,0.035000 0.290001,0.180000,0.035000 
0.290001,0.235001,0.035000 0.255001,0.235001,0.035000 0.255001,0.200001,0.035000 
0.255001,0.200001,0.035000 0.290000,0.200001,0.035000 0.290001,0.235001,0.035000 
0.255003,0.235000,0.035000 0.255003,0.235000,0.000000 0.255001,0.200002,0.035001 
0.255003,0.235000,0.000000 0.255000,0.200000,0.000000 0.255001,0.200002,0.035001 
0.290001,0.235000,0.000000 0.290001,0.235000,0.035000 0.290001,0.200000,0.000001 
0.290001,0.235000,0.035000 0.290000,0.200000,0.035001 0.290001,0.200000,0.000001 
0.255000,0.200000,0.000000 0.290001,0.200000,0.000001 0.255001,0.200002,0.035001 
0.290001,0.200000,0.000001 0.290000,0.200000,0.035001 0.255001,0.200002,0.035001 
0.290001,0.235000,0.000000 0.255003,0.235000,0.000000 0.290001,0.235000,0.035000 
0.255003,0.235000,0.000000 0.255003,0.235000,0.035000 0.290001,0.235000,0.035000 
0.290001,0.290001,0.035000 0.255001,0.290001,0.035000 0.255001,0.255001,0.035000 
0.255001,0.255001,0.035000 0.290000,0.255001,0.035000 0.290001,0.290001,0.035000 
0.255003,0.290000,0.035000 0.255003,0.290000,0.000000 0.255001,0.255002,0.035001 
0.255003,0.290000,0.000000 0.255000,0.255000,0.000000 0.255001,0.255002,0.035001 
0.290001,0.290000,0.000000 0.290001,0.290000,0.035000 0.290001,0.255000,0.000001 
0.290001,0.290000,0.035000 0.290000,0.255000,0.035001 0.290001,0.255000,0.000001 
0.255000,0.255000,0.000000 0.290001,0.255000,0.000001 0.255001,0.255002,0.035001 
0.290001,0.255000,0.000001 0.290000,0.255000,0.035001 0.255001,0.255002,0.035001 
0.290001,0.290000,0.000000 0.255003,0.290000,0.000000 0.290001,0.290000,0.035000 
0.255003,0.290000,0.000000 0.255003,0.290000,0.035000 0.290001,0.290000,0.035000 
0.235001,0.290001,0.035000 0.200001,0.290001,0.035000 0.200001,0.255001,0.035000 
0.200001,0.255001,0.035000 0.235000,0.255001,0.035000 0.235001,0.290001,0.035000 
0.200003,0.290000,0.035000 0.200003,0.290000,0.000000 0.200001,0.255002,0.035001 
0.200003,0.290000,0.000000 0.200000,0.255000,0.000000 0.200001,0.255002,0.035001 
0.235001,0.290000,0.000000 0.235001,0.290000,0.035000 0.235001,0.255000,0.000001 
0.235001,0.290000,0.035000 0.235000,0.255000,0.035001 0.235001,0.255000,0.000001 
0.200000,0.255000,0.000000 0.235001,0.255000,0.000001 0.200001,0.255002,0.035001 
0.235001,0.255000,0.000001 0.235000,0.255000,0.035001 0.200001,0.255002,0.035001 
0.235001,0.290000,0.000000 0.200003,0.290000,0.000000 0.235001,0.290000,0.035000 
0.200003,0.290000,0.000000 0.200003,0.290000,0.035000 0.235001,0.290000,0.035000 
0.180001,0.290001,0.035000 0.145001,0.290001,0.035000 0.145001,0.255001,0.035000 
0.145001,0.255001,0.035000 0.180000,0.255001,0.035000 0.180001,0.290001,0.035000 
0.145003,0.290000,0.035000 0.145003,0.290000,0.000000 0.145001,0.255002,0.035001 
0.145003,0.290000,0.000000 0.145000,0.255000,0.000000 0.145001,0.255002,0.035001 
0.180001,0.290000,0.000000 0.180001,0.290000,0.035000 0.180001,0.255000,0.000001 
0.180001,0.290000,0.035000 0.180000,0.255000,0.035001 0.180001,0.255000,0.000001 
0.145000,0.255000,0.000000 0.180001,0.255000,0.000001 0.145001,0.255002,0.035001 
0.180001,0.255000,0.000001 0.180000,0.255000,0.035001 0.145001,0.255002,0.035001 
0.180001,0.290000,0.000000 0.145003,0.290000,0.000000 0.180001,0.290000,0.035000 
0.145003,0.290000,0.000000 0.145003,0.290000,0.035000 0.180001,0.290000,0.035000 
0.035001,0.235001,0.070000 0.000001,0.235001,0.070000 0.000001,0.200001,0.070000 
0.000001,0.200001,0.070000 0.035000,0.200001,0.070000 0.035001,0.235001,0.070000 
0.000003,0.235000,0.035000 0.000003,0.235000,0.000000 0.000001,0.200002,0.035001 
0.000003,0.235000,0.000000 0.000000,0.200000,0.000000 0.000001,0.200002,0.035001 
0.035001,0.235000,0.000000 0.035001,0.235000,0.035000 0.035001,0.200000,0.000001 
0.035001,0.235000,0.035000 0.035000,0.200000,0.035001 0.035001,0.200000,0.000001 
0.000000,0.200000,0.000000 0.035001,0.200000,0.000001 0.000001,0.200002,0.035001 
0.035001,0.200000,0.000001 0.035000,0.200000,0.035001 0.000001,0.200002,0.035001 
0.035001,0.235000,0.000000 0.000003,0.235000,0.000000 0.035001,0.235000,0.035000 
0.000003,0.235000,0.000000 0.000003,0.235000,0.035000 0.035001,0.235000,0.035000 
0.000003,0.235000,0.070000 0.000003,0.235000,0.035000 0.000001,0.200002,0.070001 
0.000003,0.235000,0.035000 0.000000,0.200000,0.035000 0.000001,0.200002,0.070001 
0.035001,0.235000,0.035000 0.035001,0.235000,0.070000 0.035001,0.200000,0.035001 
0.035001,0.235000,0.070000 0.035000,0.200000,0.070001 0.035001,0.200000,0.035001 
0.000000,0.200000,0.035000 0.035001,0.200000,0.035001 0.000001,0.200002,0.070001 
0.035001,0.200000,0.035001 0.035000,0.200000,0.070001 0.000001,0.200002,0.070001 
0.035001,0.235000,0.035000 0.000003,0.235000,0.035000 0.035001,0.235000,0.070000 
0.000003,0.235000,0.035000 0.000003,0.235000,0.070000 0.035001,0.235000,0.070000 
-0.019999,0.180001,0.035000 -0.054999,0.180001,0.035000 -0.054999,0.145001,0.035000 
-0.054999,0.145001,0.035000 -0.020000,0.145001,0.035000 -0.019999,0.180001,0.035000 
-0.054997,0.180000,0.035000 -0.054997,0.180000,0.000000 -0.054999,0.145002,0.035001 
-0.054997,0.180000,0.000000 -0.055000,0.145000,0.000000 -0.054999,0.145002,0.035001 
-0.019999,0.180000,0.000000 -0.019999,0.180000,0.035000 -0.019999,0.145000,0.000001 
-0.019999,0.180000,0.035000 -0.020000,0.145000,0.035001 -0.019999,0.145000,0.000001 
-0.055000,0.145000,0.000000 -0.019999,0.145000,0.000001 -0.054999,0.145002,0.035001 
-0.019999,0.145000,0.000001 -0.020000,0.145000,0.035001 -0.054999,0.145002,0.035001 
-0.019999,0.180000,0.000000 -0.054997,0.180000,0.000000 -0.019999,0.180000,0.035000 
-0.054997,0.180000,0.000000 -0.054997,0.180000,0.035000 -0.019999,0.180000,0.035000 
-0.019999,0.235001,0.035000 -0.054999,0.235001,0.035000 -0.054999,0.200001,0.035000 
-0.054999,0.200001,0.035000 -0.020000,0.200001,0.035000 -0.019999,0.235001,0.035000 
-0.054997,0.235000,0.035000 -0.054997,0.235000,0.000000 -0.054999,0.200002,0.035001 
-0.054997,0.235000,0.000000 -0.055000,0.200000,0.000000 -0.054999,0.200002,0.035001 
-0.019999,0.235000,0.000000 -0.019999,0.235000,0.035000 -0.019999,0.200000,0.000001 
-0.019999,0.235000,0.035000 -0.020000,0.200000,0.035001 -0.019999,0.200000,0.000001 
-0.055000,0.200000,0.000000 -0.019999,0.200000,0.000001 -0.054999,0.200002,0.035001 
-0.019999,0.200000,0.000001 -0.020000,0.200000,0.035001 -0.054999,0.200002,0.035001 
-0.019999,0.235000,0.000000 -0.054997,0.235000,0.000000 -0.019999,0.235000,0.035000 
-0.054997,0.235000,0.000000 -0.054997,0.235000,0.035000 -0.019999,0.235000,0.035000 
0.035001,0.180001,0.035000 0.000001,0.180001,0.035000 0.000001,0.145001,0.035000 
0.000001,0.145001,0.035000 0.035000,0.145001,0.035000 0.035001,0.180001,0.035000 
0.000003,0.180000,0.035000 0.000003,0.180000,0.000000 0.000001,0.145002,0.035001 
0.000003,0.180000,0.000000 0.000000,0.145000,0.000000 0.000001,0.145002,0.035001 
0.035001,0.180000,0.000000 0.035001,0.180000,0.035000 0.035001,0.145000,0.000001 
0.035001,0.180000,0.035000 0.035000,0.145000,0.035001 0.035001,0.145000,0.000001 
0.000000,0.145000,0.000000 0.035001,0.145000,0.000001 0.000001,0.145002,0.035001 
0.035001,0.145000,0.000001 0.035000,0.145000,0.035001 0.000001,0.145002,0.035001 
0.035001,0.180000,0.000000 0.000003,0.180000,0.000000 0.035001,0.180000,0.035000 
0.000003,0.180000,0.000000 0.000003,0.180000,0.035000 0.035001,0.180000,0.035000 
0.090001,0.180001,0.035000 0.055001,0.180001,0.035000 0.055001,0.145001,0.035000 
0.055001,0.145001,0.035000 0.090000,0.145001,0.035000 0.090001,0.180001,0.035000 
0.055003,0.180000,0.035000 0.055003,0.180000,0.000000 0.055001,0.145002,0.035001 
0.055003,0.180000,0.000000 0.055000,0.145000,0.000000 0.055001,0.145002,0.035001 
0.090001,0.180000,0.000000 0.090001,0.180000,0.035000 0.090001,0.145000,0.000001 
0.090001,0.180000,0.035000 0.090000,0.145000,0.035001 0.090001,0.145000,0.000001 
0.055000,0.145000,0.000000 0.090001,0.145000,0.000001 0.055001,0.145002,0.035001 
0.090001,0.145000,0.000001 0.090000,0.145000,0.035001 0.055001,0.145002,0.035001 
0.090001,0.180000,0.000000 0.055003,0.180000,0.000000 0.090001,0.180000,0.035000 
0.055003,0.180000,0.000000 0.055003,0.180000,0.035000 0.090001,0.180000,0.035000 
0.090001,0.235001,0.035000 0.055001,0.235001,0.035000 0.055001,0.200001,0.035000 
0.055001,0.200001,0.035000 0.090000,0.200001,0.035000 0.090001,0.235001,0.035000 
0.055003,0.235000,0.035000 0.055003,0.235000,0.000000 0.055001,0.200002,0.035001 
0.055003,0.235000,0.000000 0.055000,0.200000,0.000000 0.055001,0.200002,0.035001 
0.090001,0.235000,0.000000 0.090001,0.235000,0.035000 0.090001,0.200000,0.000001 
0.090001,0.235000,0.035000 0.090000,0.200000,0.035001 0.090001,0.200000,0.000001 
0.055000,0.200000,0.000000 0.090001,0.200000,0.000001 0.055001,0.200002,0.035001 
0.090001,0.200000,0.000001 0.090000,0.200000,0.035001 0.055001,0.200002,0.035001 
0.090001,0.235000,0.000000 0.055003,0.235000,0.000000 0.090001,0.235000,0.035000 
0.055003,0.235000,0.000000 0.055003,0.235000,0.035000 0.090001,0.235000,0.035000 
0.090001,0.290001,0.035000 0.055001,0.290001,0.035000 0.055001,0.255001,0.035000 
0.055001,0.255001,0.035000 0.090000,0.255001,0.035000 0.090001,0.290001,0.035000 
0.055003,0.290000,0.035000 0.055003,0.290000,0.000000 0.055001,0.255002,0.035001 
0.055003,0.290000,0.000000 0.055000,0.255000,0.000000 0.055001,0.255002,0.035001 
0.090001,0.290000,0.000000 0.090001,0.290000,0.035000 0.090001,0.255000,0.000001 
0.090001,0.290000,0.035000 0.090000,0.255000,0.035001 0.090001,0.255000,0.000001 
0.055000,0.255000,0.000000 0.090001,0.255000,0.000001 0.055001,0.255002,0.035001 
0.090001,0.255000,0.000001 0.090000,0.255000,0.035001 0.055001,0.255002,0.035001 
0.090001,0.290000,0.000000 0.055003,0.290000,0.000000 0.090001,0.290000,0.035000 
0.055003,0.290000,0.000000 0.055003,0.290000,0.035000 0.090001,0.290000,0.035000 
0.035001,0.290001,0.035000 0.000001,0.290001,0.035000 0.000001,0.255001,0.035000 
0.000001,0.255001,0.035000 0.035000,0.255001,0.035000 0.035001,0.290001,0.035000 
0.000003,0.290000,0.035000 0.000003,0.290000,0.000000 0.000001,0.255002,0.035001 
0.000003,0.290000,0.000000 0.000000,0.255000,0.000000 0.000001,0.255002,0.035001 
0.035001,0.290000,0.000000 0.035001,0.290000,0.035000 0.035001,0.255000,0.000001 
0.035001,0.290000,0.035000 0.035000,0.255000,0.035001 0.035001,0.255000,0.000001 
0.000000,0.255000,0.000000 0.035001,0.255000,0.000001 0.000001,0.255002,0.035001 
0.035001,0.255000,0.000001 0.035000,0.255000,0.035001 0.000001,0.255002,0.035001 
0.035001,0.290000,0.000000 0.000003,0.290000,0.000000 0.035001,0.290000,0.035000 
0.000003,0.290000,0.000000 0.000003,0.290000,0.035000 0.035001,0.290000,0.035000 
-0.019999,0.290001,0.035000 -0.054999,0.290001,0.035000 -0.054999,0.255001,0.035000 
-0.054999,0.255001,0.035000 -0.020000,0.255001,0.035000 -0.019999,0.290001,0.035000 
-0.054997,0.290000,0.035000 -0.054997,0.290000,0.000000 -0.054999,0.255002,0.035001 
-0.054997,0.290000,0.000000 -0.055000,0.255000,0.000000 -0.054999,0.255002,0.035001 
-0.019999,0.290000,0.000000 -0.019999,0.290000,0.035000 -0.019999,0.255000,0.000001 
-0.019999,0.290000,0.035000 -0.020000,0.255000,0.035001 -0.019999,0.255000,0.000001 
-0.055000,0.255000,0.000000 -0.019999,0.255000,0.000001 -0.054999,0.255002,0.035001 
-0.019999,0.255000,0.000001 -0.020000,0.255000,0.035001 -0.054999,0.255002,0.035001 
-0.019999,0.290000,0.000000 -0.054997,0.290000,0.000000 -0.019999,0.290000,0.035000 
-0.054997,0.290000,0.000000 -0.054997,0.290000,0.035000 -0.019999,0.290000,0.035000 
