0.035001,0.035001,0.000001 0.000001,0.035001,0.000001 0.000001,0.000001,0.000000 
0.000001,0.000001,0.000000 0.035000,0.000001,0.000001 0.035001,0.035001,0.000001 
-0.019999,0.035001,0.000001 -0.054999,0.035001,0.000001 -0.054999,0.000001,0.000000 
-0.054999,0.000001,0.000000 -0.020000,0.000001,0.000001 -0.019999,0.035001,0.000001 
0.035001,-0.019999,0.000001 0.000001,-0.019999,0.000001 0.000001,-0.054999,0.000000 
0.000001,-0.054999,0.000000 0.035000,-0.054999,0.000001 0.035001,-0.019999,0.000001 
0.090001,0.035001,0.000001 0.055001,0.035001,0.000001 0.055001,0.000001,0.000000 
0.055001,0.000001,0.000000 0.090000,0.000001,0.000001 0.090001,0.035001,0.000001 
0.035001,0.090001,0.000001 0.000001,0.090001,0.000001 0.000001,0.055001,0.000000 
0.000001,0.055001,0.000000 0.035000,0.055001,0.000001 0.035001,0.090001,0.000001 
-0.019999,0.090001,0.000001 -0.054999,0.090001,0.000001 -0.054999,0.055001,0.000000 
-0.054999,0.055001,0.000000 -0.020000,0.055001,0.000001 -0.019999,0.090001,0.000001 
0.090001,-0.019999,0.000001 0.055001,-0.019999,0.000001 0.055001,-0.054999,0.000000 
0.055001,-0.054999,0.000000 0.090000,-0.054999,0.000001 0.090001,-0.019999,0.000001 
0.090001,0.090001,0.000001 0.055001,0.090001,0.000001 0.055001,0.055001,0.000000 
0.055001,0.055001,0.000000 0.090000,0.055001,0.000001 0.090001,0.090001,0.000001 
-0.019999,-0.019999,0.000001 -0.054999,-0.019999,0.000001 -0.054999,-0.054999,0.000000 
-0.054999,-0.054999,0.000000 -0.020000,-0.054999,0.000001 -0.019999,-0.019999,0.000001 
-0.074999,-0.074999,0.000001 -0.109999,-0.074999,0.000001 -0.109999,-0.109999,0.000000 
-0.109999,-0.109999,0.000000 -0.075000,-0.109999,0.000001 -0.074999,-0.074999,0.000001 
-0.129999,-0.074999,0.000001 -0.164999,-0.074999,0.000001 -0.164999,-0.109999,0.000000 
-0.164999,-0.109999,0.000000 -0.130000,-0.109999,0.000001 -0.129999,-0.074999,0.000001 
-0.074999,-0.129999,0.000001 -0.109999,-0.129999,0.000001 -0.109999,-0.164999,0.000000 
-0.109999,-0.164999,0.000000 -0.075000,-0.164999,0.000001 -0.074999,-0.129999,0.000001 
-0.019999,-0.074999,0.000001 -0.054999,-0.074999,0.000001 -0.054999,-0.109999,0.000000 
-0.054999,-0.109999,0.000000 -0.020000,-0.109999,0.000001 -0.019999,-0.074999,0.000001 
-0.074999,-0.019999,0.000001 -0.109999,-0.019999,0.000001 -0.109999,-0.054999,0.000000 
-0.109999,-0.054999,0.000000 -0.075000,-0.054999,0.000001 -0.074999,-0.019999,0.000001 
-0.129999,-0.019999,0.000001 -0.164999,-0.019999,0.000001 -0.164999,-0.054999,0.000000 
-0.164999,-0.054999,0.000000 -0.130000,-0.054999,0.000001 -0.129999,-0.019999,0.000001 
-0.019999,-0.129999,0.000001 -0.054999,-0.129999,0.000001 -0.054999,-0.164999,0.000000 
-0.054999,-0.164999,0.000000 -0.020000,-0.164999,0.000001 -0.019999,-0.129999,0.000001 
-0.019999,-0.019999,0.000001 -0.054999,-0.019999,0.000001 -0.054999,-0.054999,0.000000 
-0.054999,-0.054999,0.000000 -0.020000,-0.054999,0.000001 -0.019999,-0.019999,0.000001 
-0.129999,-0.129999,0.000001 -0.164999,-0.129999,0.000001 -0.164999,-0.164999,0.000000 
-0.164999,-0.164999,0.000000 -0.130000,-0.164999,0.000001 -0.129999,-0.129999,0.000001 
-0.074999,0.035001,0.000001 -0.109999,0.035001,0.000001 -0.109999,0.000001,0.000000 
-0.109999,0.000001,0.000000 -0.075000,0.000001,0.000001 -0.074999,0.035001,0.000001 
-0.129999,0.035001,0.000001 -0.164999,0.035001,0.000001 -0.164999,0.000001,0.000000 
-0.164999,0.000001,0.000000 -0.130000,0.000001,0.000001 -0.129999,0.035001,0.000001 
-0.074999,-0.019999,0.000001 -0.109999,-0.019999,0.000001 -0.109999,-0.054999,0.000000 
-0.109999,-0.054999,0.000000 -0.075000,-0.054999,0.000001 -0.074999,-0.019999,0.000001 
-0.019999,0.035001,0.000001 -0.054999,0.035001,0.000001 -0.054999,0.000001,0.000000 
-0.054999,0.000001,0.000000 -0.020000,0.000001,0.000001 -0.019999,0.035001,0.000001 
-0.074999,0.090001,0.000001 -0.109999,0.090001,0.000001 -0.109999,0.055001,0.000000 
-0.109999,0.055001,0.000000 -0.075000,0.055001,0.000001 -0.074999,0.090001,0.000001 
-0.129999,0.090001,0.000001 -0.164999,0.090001,0.000001 -0.164999,0.055001,0.000000 
-0.164999,0.055001,0.000000 -0.130000,0.055001,0.000001 -0.129999,0.090001,0.000001 
-0.019999,-0.019999,0.000001 -0.054999,-0.019999,0.000001 -0.054999,-0.054999,0.000000 
-0.054999,-0.054999,0.000000 -0.020000,-0.054999,0.000001 -0.019999,-0.019999,0.000001 
-0.019999,0.090001,0.000001 -0.054999,0.090001,0.000001 -0.054999,0.055001,0.000000 
-0.054999,0.055001,0.000000 -0.020000,0.055001,0.000001 -0.019999,0.090001,0.000001 
-0.129999,-0.019999,0.000001 -0.164999,-0.019999,0.000001 -0.164999,-0.054999,0.000000 
-0.164999,-0.054999,0.000000 -0.130000,-0.054999,0.000001 -0.129999,-0.019999,0.000001 
-0.074999,0.145001,0.000001 -0.109999,0.145001,0.000001 -0.109999,0.110001,0.000000 
-0.109999,0.110001,0.000000 -0.075000,0.110001,0.000001 -0.074999,0.145001,0.000001 
-0.129999,0.145001,0.000001 -0.164999,0.145001,0.000001 -0.164999,0.110001,0.000000 
-0.164999,0.110001,0.000000 -0.130000,0.110001,0.000001 -0.129999,0.145001,0.000001 
-0.074999,0.090001,0.000001 -0.109999,0.090001,0.000001 -0.109999,0.055001,0.000000 
-0.109999,0.055001,0.000000 -0.075000,0.055001,0.000001 -0.074999,0.090001,0.000001 
-0.019999,0.145001,0.000001 -0.054999,0.145001,0.000001 -0.054999,0.110001,0.000000 
-0.054999,0.110001,0.000000 -0.020000,0.110001,0.000001 -0.019999,0.145001,0.000001 
-0.074999,0.200001,0.000001 -0.109999,0.200001,0.000001 -0.109999,0.165001,0.000000 
-0.109999,0.165001,0.000000 -0.075000,0.165001,0.000001 -0.074999,0.200001,0.000001 
-0.129999,0.200001,0.000001 -0.164999,0.200001,0.000001 -0.164999,0.165001,0.000000 
-0.164999,0.165001,0.000000 -0.130000,0.165001,0.000001 -0.129999,0.200001,0.000001 
-0.019999,0.090001,0.000001 -0.054999,0.090001,0.000001 -0.054999,0.055001,0.000000 
-0.054999,0.055001,0.000000 -0.020000,0.055001,0.000001 -0.019999,0.090001,0.000001 
-0.019999,0.200001,0.000001 -0.054999,0.200001,0.000001 -0.054999,0.165001,0.000000 
-0.054999,0.165001,0.000000 -0.020000,0.165001,0.000001 -0.019999,0.200001,0.000001 
-0.129999,0.090001,0.000001 -0.164999,0.090001,0.000001 -0.164999,0.055001,0.000000 
-0.164999,0.055001,0.000000 -0.130000,0.055001,0.000001 -0.129999,0.090001,0.000001 
0.035001,-0.074999,0.000001 0.000001,-0.074999,0.000001 0.000001,-0.109999,0.000000 
0.000001,-0.109999,0.000000 0.035000,-0.109999,0.000001 0.035001,-0.074999,0.000001 
-0.019999,-0.074999,0.000001 -0.054999,-0.074999,0.000001 -0.054999,-0.109999,0.000000 
-0.054999,-0.109999,0.000000 -0.020000,-0.109999,0.000001 -0.019999,-0.074999,0.000001 
0.035001,-0.129999,0.000001 0.000001,-0.129999,0.000001 0.000001,-0.164999,0.000000 
0.000001,-0.164999,0.000000 0.035000,-0.164999,0.000001 0.035001,-0.129999,0.000001 
0.090001,-0.074999,0.000001 0.055001,-0.074999,0.000001 0.055001,-0.109999,0.000000 
0.055001,-0.109999,0.000000 0.090000,-0.109999,0.000001 0.090001,-0.074999,0.000001 
0.035001,-0.019999,0.000001 0.000001,-0.019999,0.000001 0.000001,-0.054999,0.000000 
0.000001,-0.054999,0.000000 0.035000,-0.054999,0.000001 0.035001,-0.019999,0.000001 
-0.019999,-0.019999,0.000001 -0.054999,-0.019999,0.000001 -0.054999,-0.054999,0.000000 
-0.054999,-0.054999,0.000000 -0.020000,-0.054999,0.000001 -0.019999,-0.019999,0.000001 
0.090001,-0.129999,0.000001 0.055001,-0.129999,0.000001 0.055001,-0.164999,0.000000 
0.055001,-0.164999,0.000000 0.090000,-0.164999,0.000001 0.090001,-0.129999,0.000001 
0.090001,-0.019999,0.000001 0.055001,-0.019999,0.000001 0.055001,-0.054999,0.000000 
0.055001,-0.054999,0.000000 0.090000,-0.054999,0.000001 0.090001,-0.019999,0.000001 
-0.019999,-0.129999,0.000001 -0.054999,-0.129999,0.000001 -0.054999,-0.164999,0.000000 
-0.054999,-0.164999,0.000000 -0.020000,-0.164999,0.000001 -0.019999,-0.129999,0.000001 
0.145001,-0.074999,0.000001 0.110001,-0.074999,0.000001 0.110001,-0.109999,0.000000 
0.110001,-0.109999,0.000000 0.145000,-0.109999,0.000001 0.145001,-0.074999,0.000001 
0.090001,-0.074999,0.000001 0.055001,-0.074999,0.000001 0.055001,-0.109999,0.000000 
0.055001,-0.109999,0.000000 0.090000,-0.109999,0.000001 0.090001,-0.074999,0.000001 
0.145001,-0.129999,0.000001 0.110001,-0.129999,0.000001 0.110001,-0.164999,0.000000 
0.110001,-0.164999,0.000000 0.145000,-0.164999,0.000001 0.145001,-0.129999,0.000001 
0.200001,-0.074999,0.000001 0.165001,-0.074999,0.000001 0.165001,-0.109999,0.000000 
0.165001,-0.109999,0.000000 0.200000,-0.109999,0.000001 0.200001,-0.074999,0.000001 
0.145001,-0.019999,0.000001 0.110001,-0.019999,0.000001 0.110001,-0.054999,0.000000 
0.110001,-0.054999,0.000000 0.145000,-0.054999,0.000001 0.145001,-0.019999,0.000001 
0.090001,-0.019999,0.000001 0.055001,-0.019999,0.000001 0.055001,-0.054999,0.000000 
0.055001,-0.054999,0.000000 0.090000,-0.054999,0.000001 0.090001,-0.019999,0.000001 
0.200001,-0.129999,0.000001 0.165001,-0.129999,0.000001 0.165001,-0.164999,0.000000 
0.165001,-0.164999,0.000000 0.200000,-0.164999,0.000001 0.200001,-0.129999,0.000001 
0.200001,-0.019999,0.000001 0.165001,-0.019999,0.000001 0.165001,-0.054999,0.000000 
0.165001,-0.054999,0.000000 0.200000,-0.054999,0.000001 0.200001,-0.019999,0.000001 
0.090001,-0.129999,0.000001 0.055001,-0.129999,0.000001 0.055001,-0.164999,0.000000 
0.055001,-0.164999,0.000000 0.090000,-0.164999,0.000001 0.090001,-0.129999,0.000001 
0.145001,0.035001,0.000001 0.110001,0.035001,0.000001 0.110001,0.000001,0.000000 
0.110001,0.000001,0.000000 0.145000,0.000001,0.000001 0.145001,0.035001,0.000001 
0.090001,0.035001,0.000001 0.055001,0.035001,0.000001 0.055001,0.000001,0.000000 
0.055001,0.000001,0.000000 0.090000,0.000001,0.000001 0.090001,0.035001,0.000001 
0.145001,-0.019999,0.000001 0.110001,-0.019999,0.000001 0.110001,-0.054999,0.000000 
0.110001,-0.054999,0.000000 0.145000,-0.054999,0.000001 0.145001,-0.019999,0.000001 
0.200001,0.035001,0.000001 0.165001,0.035001,0.000001 0.165001,0.000001,0.000000 
0.165001,0.000001,0.000000 0.200000,0.000001,0.000001 0.200001,0.035001,0.000001 
0.145001,0.090001,0.000001 0.110001,0.090001,0.000001 0.110001,0.055001,0.000000 
0.110001,0.055001,0.000000 0.145000,0.055001,0.000001 0.145001,0.090001,0.000001 
0.090001,0.090001,0.000001 0.055001,0.090001,0.000001 0.055001,0.055001,0.000000 
0.055001,0.055001,0.000000 0.090000,0.055001,0.000001 0.090001,0.090001,0.000001 
0.200001,-0.019999,0.000001 0.165001,-0.019999,0.000001 0.165001,-0.054999,0.000000 
0.165001,-0.054999,0.000000 0.200000,-0.054999,0.000001 0.200001,-0.019999,0.000001 
0.200001,0.090001,0.000001 0.165001,0.090001,0.000001 0.165001,0.055001,0.000000 
0.165001,0.055001,0.000000 0.200000,0.055001,0.000001 0.200001,0.090001,0.000001 
0.090001,-0.019999,0.000001 0.055001,-0.019999,0.000001 0.055001,-0.054999,0.000000 
0.055001,-0.054999,0.000000 0.090000,-0.054999,0.000001 0.090001,-0.019999,0.000001 
0.145001,0.145001,0.000001 0.110001,0.145001,0.000001 0.110001,0.110001,0.000000 
0.110001,0.110001,0.000000 0.145000,0.110001,0.000001 0.145001,0.145001,0.000001 
0.090001,0.145001,0.000001 0.055001,0.145001,0.000001 0.055001,0.110001,0.000000 
0.055001,0.110001,0.000000 0.090000,0.110001,0.000001 0.090001,0.145001,0.000001 
0.145001,0.090001,0.000001 0.110001,0.090001,0.000001 0.110001,0.055001,0.000000 
0.110001,0.055001,0.000000 0.145000,0.055001,0.000001 0.145001,0.090001,0.000001 
0.200001,0.145001,0.000001 0.165001,0.145001,0.000001 0.165001,0.110001,0.000000 
0.165001,0.110001,0.000000 0.200000,0.110001,0.000001 0.200001,0.145001,0.000001 
0.145001,0.200001,0.000001 0.110001,0.200001,0.000001 0.110001,0.165001,0.000000 
0.110001,0.165001,0.000000 0.145000,0.165001,0.000001 0.145001,0.200001,0.000001 
0.090001,0.200001,0.000001 0.055001,0.200001,0.000001 0.055001,0.165001,0.000000 
0.055001,0.165001,0.000000 0.090000,0.165001,0.000001 0.090001,0.200001,0.000001 
0.200001,0.090001,0.000001 0.165001,0.090001,0.000001 0.165001,0.055001,0.000000 
0.165001,0.055001,0.000000 0.200000,0.055001,0.000001 0.200001,0.090001,0.000001 
0.200001,0.200001,0.000001 0.165001,0.200001,0.000001 0.165001,0.165001,0.000000 
0.165001,0.165001,0.000000 0.200000,0.165001,0.000001 0.200001,0.200001,0.000001 
0.090001,0.090001,0.000001 0.055001,0.090001,0.000001 0.055001,0.055001,0.000000 
0.055001,0.055001,0.000000 0.090000,0.055001,0.000001 0.090001,0.090001,0.000001 
0.035001,0.145001,0.000001 0.000001,0.145001,0.000001 0.000001,0.110001,0.000000 
0.000001,0.110001,0.000000 0.035000,0.110001,0.000001 0.035001,0.145001,0.000001 
-0.019999,0.145001,0.000001 -0.054999,0.145001,0.000001 -0.054999,0.110001,0.000000 
-0.054999,0.110001,0.000000 -0.020000,0.110001,0.000001 -0.019999,0.145001,0.000001 
0.035001,0.090001,0.000001 0.000001,0.090001,0.000001 0.000001,0.055001,0.000000 
0.000001,0.055001,0.000000 0.035000,0.055001,0.000001 0.035001,0.090001,0.000001 
0.090001,0.145001,0.000001 0.055001,0.145001,0.000001 0.055001,0.110001,0.000000 
0.055001,0.110001,0.000000 0.090000,0.110001,0.000001 0.090001,0.145001,0.000001 
0.035001,0.200001,0.000001 0.000001,0.200001,0.000001 0.000001,0.165001,0.000000 
0.000001,0.165001,0.000000 0.035000,0.165001,0.000001 0.035001,0.200001,0.000001 
-0.019999,0.200001,0.000001 -0.054999,0.200001,0.000001 -0.054999,0.165001,0.000000 
-0.054999,0.165001,0.000000 -0.020000,0.165001,0.000001 -0.019999,0.200001,0.000001 
0.090001,0.090001,0.000001 0.055001,0.090001,0.000001 0.055001,0.055001,0.000000 
0.055001,0.055001,0.000000 0.090000,0.055001,0.000001 0.090001,0.090001,0.000001 
0.090001,0.200001,0.000001 0.055001,0.200001,0.000001 0.055001,0.165001,0.000000 
0.055001,0.165001,0.000000 0.090000,0.165001,0.000001 0.090001,0.200001,0.000001 
-0.019999,0.090001,0.000001 -0.054999,0.090001,0.000001 -0.054999,0.055001,0.000000 
-0.054999,0.055001,0.000000 -0.020000,0.055001,0.000001 -0.019999,0.090001,0.000001 
