0.0366886970034419,-0.0174340000100382,0.106118733469743 0.003072206123442,-0.0425663166456944,0.131251050105399 0.00307220612344197,-0.0174340000100382,0.106118733469743
0.003072206123442,-0.0425663166456944,0.131251050105399 0.0366886970034419,-0.0174340000100382,0.106118733469743 0.036688697003442,-0.0425663166456944,0.131251050105399
0.036688697003442,-0.0408440088522995,0.132973357898794 0.00307220612344197,-0.0157116922166433,0.107841041263138 0.003072206123442,-0.0408440088522995,0.132973357898794
0.00307220612344197,-0.0157116922166433,0.107841041263138 0.036688697003442,-0.0408440088522995,0.132973357898794 0.0366886970034419,-0.0157116922166432,0.107841041263138
0.00307220612344197,-0.0157116922166433,0.107841041263138 0.0366886970034419,-0.0174340000100382,0.106118733469743 0.00307220612344197,-0.0174340000100382,0.106118733469743
0.0366886970034419,-0.0174340000100382,0.106118733469743 0.00307220612344197,-0.0157116922166433,0.107841041263138 0.0366886970034419,-0.0157116922166432,0.107841041263138
0.0366886970034419,-0.0174340000100382,0.106118733469743 0.036688697003442,-0.0408440088522995,0.132973357898794 0.036688697003442,-0.0425663166456944,0.131251050105399
0.036688697003442,-0.0408440088522995,0.132973357898794 0.0366886970034419,-0.0174340000100382,0.106118733469743 0.0366886970034419,-0.0157116922166432,0.107841041263138
0.036688697003442,-0.0408440088522995,0.132973357898794 0.003072206123442,-0.0425663166456944,0.131251050105399 0.036688697003442,-0.0425663166456944,0.131251050105399
0.003072206123442,-0.0425663166456944,0.131251050105399 0.036688697003442,-0.0408440088522995,0.132973357898794 0.003072206123442,-0.0408440088522995,0.132973357898794
0.00307220612344197,-0.0157116922166433,0.107841041263138 0.003072206123442,-0.0425663166456944,0.131251050105399 0.003072206123442,-0.0408440088522995,0.132973357898794
0.003072206123442,-0.0425663166456944,0.131251050105399 0.00307220612344197,-0.0157116922166433,0.107841041263138 0.00307220612344197,-0.0174340000100382,0.106118733469743
0.0366936091936532,-0.0172459528488132,0.0558204736006787 0.00307711831365321,-0.0423782694844694,0.080952790236335 0.00307711831365318,-0.0172459528488132,0.0558204736006788
0.00307711831365321,-0.0423782694844694,0.080952790236335 0.0366936091936532,-0.0172459528488132,0.0558204736006787 0.0366936091936532,-0.0423782694844694,0.0809527902363349
0.0366936091936532,-0.0406559616910744,0.0826750980297299 0.00307711831365318,-0.0155236450554182,0.0575427813940737 0.00307711831365321,-0.0406559616910745,0.0826750980297299
0.00307711831365318,-0.0155236450554182,0.0575427813940737 0.0366936091936532,-0.0406559616910744,0.0826750980297299 0.0366936091936532,-0.0155236450554182,0.0575427813940737
0.00307711831365318,-0.0155236450554182,0.0575427813940737 0.0366936091936532,-0.0172459528488132,0.0558204736006787 0.00307711831365318,-0.0172459528488132,0.0558204736006788
0.0366936091936532,-0.0172459528488132,0.0558204736006787 0.00307711831365318,-0.0155236450554182,0.0575427813940737 0.0366936091936532,-0.0155236450554182,0.0575427813940737
0.0366936091936532,-0.0172459528488132,0.0558204736006787 0.0366936091936532,-0.0406559616910744,0.0826750980297299 0.0366936091936532,-0.0423782694844694,0.0809527902363349
0.0366936091936532,-0.0406559616910744,0.0826750980297299 0.0366936091936532,-0.0172459528488132,0.0558204736006787 0.0366936091936532,-0.0155236450554182,0.0575427813940737
0.0366936091936532,-0.0406559616910744,0.0826750980297299 0.00307711831365321,-0.0423782694844694,0.080952790236335 0.0366936091936532,-0.0423782694844694,0.0809527902363349
0.00307711831365321,-0.0423782694844694,0.080952790236335 0.0366936091936532,-0.0406559616910744,0.0826750980297299 0.00307711831365321,-0.0406559616910745,0.0826750980297299
0.00307711831365318,-0.0155236450554182,0.0575427813940737 0.00307711831365321,-0.0423782694844694,0.080952790236335 0.00307711831365321,-0.0406559616910745,0.0826750980297299
0.00307711831365321,-0.0423782694844694,0.080952790236335 0.00307711831365318,-0.0155236450554182,0.0575427813940737 0.00307711831365318,-0.0172459528488132,0.0558204736006788
0.0367785526861724,-0.0439211030397086,0.0324324991351661 0.00316206180617242,-0.0187887864040524,0.0575648157708223 0.00316206180617243,-0.0439211030397087,0.0324324991351661
0.00316206180617242,-0.0187887864040524,0.0575648157708223 0.0367785526861724,-0.0439211030397086,0.0324324991351661 0.0367785526861724,-0.0187887864040524,0.0575648157708223
0.0367785526861724,-0.0170664786106575,0.0558425079774274 0.00316206180617243,-0.0421987952463137,0.0307101913417712 0.00316206180617242,-0.0170664786106575,0.0558425079774274
0.00316206180617243,-0.0421987952463137,0.0307101913417712 0.0367785526861724,-0.0170664786106575,0.0558425079774274 0.0367785526861724,-0.0421987952463137,0.0307101913417712
0.00316206180617243,-0.0421987952463137,0.0307101913417712 0.0367785526861724,-0.0439211030397086,0.0324324991351661 0.00316206180617243,-0.0439211030397087,0.0324324991351661
0.0367785526861724,-0.0439211030397086,0.0324324991351661 0.00316206180617243,-0.0421987952463137,0.0307101913417712 0.0367785526861724,-0.0421987952463137,0.0307101913417712
0.0367785526861724,-0.0439211030397086,0.0324324991351661 0.0367785526861724,-0.0170664786106575,0.0558425079774274 0.0367785526861724,-0.0187887864040524,0.0575648157708223
0.0367785526861724,-0.0170664786106575,0.0558425079774274 0.0367785526861724,-0.0439211030397086,0.0324324991351661 0.0367785526861724,-0.0421987952463137,0.0307101913417712
0.0367785526861724,-0.0170664786106575,0.0558425079774274 0.00316206180617242,-0.0187887864040524,0.0575648157708223 0.0367785526861724,-0.0187887864040524,0.0575648157708223
0.00316206180617242,-0.0187887864040524,0.0575648157708223 0.0367785526861724,-0.0170664786106575,0.0558425079774274 0.00316206180617242,-0.0170664786106575,0.0558425079774274
0.00316206180617243,-0.0421987952463137,0.0307101913417712 0.00316206180617242,-0.0187887864040524,0.0575648157708223 0.00316206180617242,-0.0170664786106575,0.0558425079774274
0.00316206180617242,-0.0187887864040524,0.0575648157708223 0.00316206180617243,-0.0421987952463137,0.0307101913417712 0.00316206180617243,-0.0439211030397087,0.0324324991351661
0.0367417674061725,-0.0173523062784608,0.0055464075993251 0.00312527652617251,-0.0424846229141171,0.0306787242349813 0.00312527652617248,-0.0173523062784609,0.00554640759932512
0.00312527652617251,-0.0424846229141171,0.0306787242349813 0.0367417674061725,-0.0173523062784608,0.0055464075993251 0.0367417674061725,-0.0424846229141171,0.0306787242349813
0.0367417674061725,-0.0407623151207221,0.0324010320283763 0.00312527652617248,-0.0156299984850659,0.00726871539272006 0.00312527652617251,-0.0407623151207221,0.0324010320283763
0.00312527652617248,-0.0156299984850659,0.00726871539272006 0.0367417674061725,-0.0407623151207221,0.0324010320283763 0.0367417674061725,-0.0156299984850659,0.00726871539272004
0.00312527652617248,-0.0156299984850659,0.00726871539272006 0.0367417674061725,-0.0173523062784608,0.0055464075993251 0.00312527652617248,-0.0173523062784609,0.00554640759932512
0.0367417674061725,-0.0173523062784608,0.0055464075993251 0.00312527652617248,-0.0156299984850659,0.00726871539272006 0.0367417674061725,-0.0156299984850659,0.00726871539272004
0.0367417674061725,-0.0173523062784608,0.0055464075993251 0.0367417674061725,-0.0407623151207221,0.0324010320283763 0.0367417674061725,-0.0424846229141171,0.0306787242349813
0.0367417674061725,-0.0407623151207221,0.0324010320283763 0.0367417674061725,-0.0173523062784608,0.0055464075993251 0.0367417674061725,-0.0156299984850659,0.00726871539272004
0.0367417674061725,-0.0407623151207221,0.0324010320283763 0.00312527652617251,-0.0424846229141171,0.0306787242349813 0.0367417674061725,-0.0424846229141171,0.0306787242349813
0.00312527652617251,-0.0424846229141171,0.0306787242349813 0.0367417674061725,-0.0407623151207221,0.0324010320283763 0.00312527652617251,-0.0407623151207221,0.0324010320283763
0.00312527652617248,-0.0156299984850659,0.00726871539272006 0.00312527652617251,-0.0424846229141171,0.0306787242349813 0.00312527652617251,-0.0407623151207221,0.0324010320283763
0.00312527652617251,-0.0424846229141171,0.0306787242349813 0.00312527652617248,-0.0156299984850659,0.00726871539272006 0.00312527652617248,-0.0173523062784609,0.00554640759932512
0.0367736404959612,-0.0441091502009339,0.08273075900423 0.00315714961596118,-0.0189768335652777,0.107863075639886 0.00315714961596118,-0.0441091502009339,0.08273075900423
0.00315714961596118,-0.0189768335652777,0.107863075639886 0.0367736404959612,-0.0441091502009339,0.08273075900423 0.0367736404959612,-0.0189768335652777,0.107863075639886
0.0367736404959612,-0.0172545257718827,0.106140767846491 0.00315714961596118,-0.042386842407539,0.081008451210835 0.00315714961596117,-0.0172545257718828,0.106140767846491
0.00315714961596118,-0.042386842407539,0.081008451210835 0.0367736404959612,-0.0172545257718827,0.106140767846491 0.0367736404959612,-0.042386842407539,0.081008451210835
0.00315714961596118,-0.042386842407539,0.081008451210835 0.0367736404959612,-0.0441091502009339,0.08273075900423 0.00315714961596118,-0.0441091502009339,0.08273075900423
0.0367736404959612,-0.0441091502009339,0.08273075900423 0.00315714961596118,-0.042386842407539,0.081008451210835 0.0367736404959612,-0.042386842407539,0.081008451210835
0.0367736404959612,-0.0441091502009339,0.08273075900423 0.0367736404959612,-0.0172545257718827,0.106140767846491 0.0367736404959612,-0.0189768335652777,0.107863075639886
0.0367736404959612,-0.0172545257718827,0.106140767846491 0.0367736404959612,-0.0441091502009339,0.08273075900423 0.0367736404959612,-0.042386842407539,0.081008451210835
0.0367736404959612,-0.0172545257718827,0.106140767846491 0.00315714961596118,-0.0189768335652777,0.107863075639886 0.0367736404959612,-0.0189768335652777,0.107863075639886
0.00315714961596118,-0.0189768335652777,0.107863075639886 0.0367736404959612,-0.0172545257718827,0.106140767846491 0.00315714961596117,-0.0172545257718828,0.106140767846491
0.00315714961596118,-0.042386842407539,0.081008451210835 0.00315714961596118,-0.0189768335652777,0.107863075639886 0.00315714961596117,-0.0172545257718828,0.106140767846491
0.00315714961596118,-0.0189768335652777,0.107863075639886 0.00315714961596118,-0.042386842407539,0.081008451210835 0.00315714961596118,-0.0441091502009339,0.08273075900423
0.0650741193904669,-0.0159803779944446,0.0323860915358414 0.0399418027548107,0.0176361128855553,0.0575184081714977 0.0650741193904669,0.0176361128855553,0.0323860915358414
0.0399418027548107,0.0176361128855553,0.0575184081714977 0.0650741193904669,-0.0159803779944446,0.0323860915358414 0.0399418027548107,-0.0159803779944446,0.0575184081714977
0.0382194949614158,-0.0159803779944446,0.0557961003781027 0.063351811597072,0.0176361128855553,0.0306637837424465 0.0382194949614158,0.0176361128855553,0.0557961003781027
0.063351811597072,0.0176361128855553,0.0306637837424465 0.0382194949614158,-0.0159803779944446,0.0557961003781027 0.063351811597072,-0.0159803779944446,0.0306637837424465
0.063351811597072,0.0176361128855553,0.0306637837424465 0.0650741193904669,-0.0159803779944446,0.0323860915358414 0.0650741193904669,0.0176361128855553,0.0323860915358414
0.0650741193904669,-0.0159803779944446,0.0323860915358414 0.063351811597072,0.0176361128855553,0.0306637837424465 0.063351811597072,-0.0159803779944446,0.0306637837424465
0.0650741193904669,-0.0159803779944446,0.0323860915358414 0.0382194949614158,-0.0159803779944446,0.0557961003781027 0.0399418027548107,-0.0159803779944446,0.0575184081714977
0.0382194949614158,-0.0159803779944446,0.0557961003781027 0.0650741193904669,-0.0159803779944446,0.0323860915358414 0.063351811597072,-0.0159803779944446,0.0306637837424465
0.0382194949614158,-0.0159803779944446,0.0557961003781027 0.0399418027548107,0.0176361128855553,0.0575184081714977 0.0399418027548107,-0.0159803779944446,0.0575184081714977
0.0399418027548107,0.0176361128855553,0.0575184081714977 0.0382194949614158,-0.0159803779944446,0.0557961003781027 0.0382194949614158,0.0176361128855553,0.0557961003781027
0.063351811597072,0.0176361128855553,0.0306637837424465 0.0399418027548107,0.0176361128855553,0.0575184081714977 0.0382194949614158,0.0176361128855553,0.0557961003781027
0.0399418027548107,0.0176361128855553,0.0575184081714977 0.063351811597072,0.0176361128855553,0.0306637837424465 0.0650741193904669,0.0176361128855553,0.0323860915358414
0.0385053226292192,-0.0159435927144447,0.0055000000000004 0.0636376392648754,0.0176728981655553,0.0306323166356566 0.0385053226292192,0.0176728981655553,0.00550000000000041
0.0636376392648754,0.0176728981655553,0.0306323166356566 0.0385053226292192,-0.0159435927144447,0.0055000000000004 0.0636376392648754,-0.0159435927144447,0.0306323166356566
0.0619153314714804,-0.0159435927144447,0.0323546244290516 0.0367830148358242,0.0176728981655553,0.00722230779339534 0.0619153314714804,0.0176728981655553,0.0323546244290516
0.0367830148358242,0.0176728981655553,0.00722230779339534 0.0619153314714804,-0.0159435927144447,0.0323546244290516 0.0367830148358242,-0.0159435927144447,0.00722230779339534
0.0367830148358242,0.0176728981655553,0.00722230779339534 0.0385053226292192,-0.0159435927144447,0.0055000000000004 0.0385053226292192,0.0176728981655553,0.00550000000000041
0.0385053226292192,-0.0159435927144447,0.0055000000000004 0.0367830148358242,0.0176728981655553,0.00722230779339534 0.0367830148358242,-0.0159435927144447,0.00722230779339534
0.0385053226292192,-0.0159435927144447,0.0055000000000004 0.0619153314714804,-0.0159435927144447,0.0323546244290516 0.0636376392648754,-0.0159435927144447,0.0306323166356566
0.0619153314714804,-0.0159435927144447,0.0323546244290516 0.0385053226292192,-0.0159435927144447,0.0055000000000004 0.0367830148358242,-0.0159435927144447,0.00722230779339534
0.0619153314714804,-0.0159435927144447,0.0323546244290516 0.0636376392648754,0.0176728981655553,0.0306323166356566 0.0636376392648754,-0.0159435927144447,0.0306323166356566
0.0636376392648754,0.0176728981655553,0.0306323166356566 0.0619153314714804,-0.0159435927144447,0.0323546244290516 0.0619153314714804,0.0176728981655553,0.0323546244290516
0.0367830148358242,0.0176728981655553,0.00722230779339534 0.0636376392648754,0.0176728981655553,0.0306323166356566 0.0619153314714804,0.0176728981655553,0.0323546244290516
0.0636376392648754,0.0176728981655553,0.0306323166356566 0.0367830148358242,0.0176728981655553,0.00722230779339534 0.0385053226292192,0.0176728981655553,0.00550000000000041
0.065262166551692,-0.0159754658042335,0.0826843514049052 0.0401298499160358,0.0176410250757665,0.107816668040561 0.065262166551692,0.0176410250757665,0.0826843514049052
0.0401298499160358,0.0176410250757665,0.107816668040561 0.065262166551692,-0.0159754658042335,0.0826843514049052 0.0401298499160358,-0.0159754658042335,0.107816668040561
0.0384075421226409,-0.0159754658042335,0.106094360247166 0.0635398587582971,0.0176410250757665,0.0809620436115103 0.0384075421226409,0.0176410250757665,0.106094360247166
0.0635398587582971,0.0176410250757665,0.0809620436115103 0.0384075421226409,-0.0159754658042335,0.106094360247166 0.0635398587582971,-0.0159754658042335,0.0809620436115103
0.0635398587582971,0.0176410250757665,0.0809620436115103 0.065262166551692,-0.0159754658042335,0.0826843514049052 0.065262166551692,0.0176410250757665,0.0826843514049052
0.065262166551692,-0.0159754658042335,0.0826843514049052 0.0635398587582971,0.0176410250757665,0.0809620436115103 0.0635398587582971,-0.0159754658042335,0.0809620436115103
0.065262166551692,-0.0159754658042335,0.0826843514049052 0.0384075421226409,-0.0159754658042335,0.106094360247166 0.0401298499160358,-0.0159754658042335,0.107816668040561
0.0384075421226409,-0.0159754658042335,0.106094360247166 0.065262166551692,-0.0159754658042335,0.0826843514049052 0.0635398587582971,-0.0159754658042335,0.0809620436115103
0.0384075421226409,-0.0159754658042335,0.106094360247166 0.0401298499160358,0.0176410250757665,0.107816668040561 0.0401298499160358,-0.0159754658042335,0.107816668040561
0.0401298499160358,0.0176410250757665,0.107816668040561 0.0384075421226409,-0.0159754658042335,0.106094360247166 0.0384075421226409,0.0176410250757665,0.106094360247166
0.0635398587582971,0.0176410250757665,0.0809620436115103 0.0401298499160358,0.0176410250757665,0.107816668040561 0.0384075421226409,0.0176410250757665,0.106094360247166
0.0401298499160358,0.0176410250757665,0.107816668040561 0.0635398587582971,0.0176410250757665,0.0809620436115103 0.065262166551692,0.0176410250757665,0.0826843514049052
0.0385870163607964,-0.0158905223117143,0.106072325870418 0.0637193329964526,0.0177259685682857,0.131204642506074 0.0385870163607964,0.0177259685682857,0.106072325870418
0.0637193329964526,0.0177259685682857,0.131204642506074 0.0385870163607964,-0.0158905223117143,0.106072325870418 0.0637193329964526,-0.0158905223117143,0.131204642506074
0.0619970252030577,-0.0158905223117143,0.132926950299469 0.0368647085674015,0.0177259685682857,0.107794633663813 0.0619970252030577,0.0177259685682857,0.132926950299469
0.0368647085674015,0.0177259685682857,0.107794633663813 0.0619970252030577,-0.0158905223117143,0.132926950299469 0.0368647085674015,-0.0158905223117143,0.107794633663813
0.0368647085674015,0.0177259685682857,0.107794633663813 0.0385870163607964,-0.0158905223117143,0.106072325870418 0.0385870163607964,0.0177259685682857,0.106072325870418
0.0385870163607964,-0.0158905223117143,0.106072325870418 0.0368647085674015,0.0177259685682857,0.107794633663813 0.0368647085674015,-0.0158905223117143,0.107794633663813
0.0385870163607964,-0.0158905223117143,0.106072325870418 0.0619970252030577,-0.0158905223117143,0.132926950299469 0.0637193329964526,-0.0158905223117143,0.131204642506074
0.0619970252030577,-0.0158905223117143,0.132926950299469 0.0385870163607964,-0.0158905223117143,0.106072325870418 0.0368647085674015,-0.0158905223117143,0.107794633663813
0.0619970252030577,-0.0158905223117143,0.132926950299469 0.0637193329964526,0.0177259685682857,0.131204642506074 0.0637193329964526,-0.0158905223117143,0.131204642506074
0.0637193329964526,0.0177259685682857,0.131204642506074 0.0619970252030577,-0.0158905223117143,0.132926950299469 0.0619970252030577,0.0177259685682857,0.132926950299469
0.0368647085674015,0.0177259685682857,0.107794633663813 0.0637193329964526,0.0177259685682857,0.131204642506074 0.0619970252030577,0.0177259685682857,0.132926950299469
0.0637193329964526,0.0177259685682857,0.131204642506074 0.0368647085674015,0.0177259685682857,0.107794633663813 0.0385870163607964,0.0177259685682857,0.106072325870418
0.0383989691995714,-0.0158954345019254,0.0557740660013541 0.0635312858352276,0.0177210563780745,0.0809063826370103 0.0383989691995714,0.0177210563780745,0.0557740660013541
0.0635312858352276,0.0177210563780745,0.0809063826370103 0.0383989691995714,-0.0158954345019254,0.0557740660013541 0.0635312858352276,-0.0158954345019254,0.0809063826370103
0.0618089780418327,-0.0158954345019254,0.0826286904304052 0.0366766614061764,0.0177210563780745,0.057496373794749 0.0618089780418327,0.0177210563780745,0.0826286904304052
0.0366766614061764,0.0177210563780745,0.057496373794749 0.0618089780418327,-0.0158954345019254,0.0826286904304052 0.0366766614061764,-0.0158954345019254,0.057496373794749
0.0366766614061764,0.0177210563780745,0.057496373794749 0.0383989691995714,-0.0158954345019254,0.0557740660013541 0.0383989691995714,0.0177210563780745,0.0557740660013541
0.0383989691995714,-0.0158954345019254,0.0557740660013541 0.0366766614061764,0.0177210563780745,0.057496373794749 0.0366766614061764,-0.0158954345019254,0.057496373794749
0.0383989691995714,-0.0158954345019254,0.0557740660013541 0.0618089780418327,-0.0158954345019254,0.0826286904304052 0.0635312858352276,-0.0158954345019254,0.0809063826370103
0.0618089780418327,-0.0158954345019254,0.0826286904304052 0.0383989691995714,-0.0158954345019254,0.0557740660013541 0.0366766614061764,-0.0158954345019254,0.057496373794749
0.0618089780418327,-0.0158954345019254,0.0826286904304052 0.0635312858352276,0.0177210563780745,0.0809063826370103 0.0635312858352276,-0.0158954345019254,0.0809063826370103
0.0635312858352276,0.0177210563780745,0.0809063826370103 0.0618089780418327,-0.0158954345019254,0.0826286904304052 0.0618089780418327,0.0177210563780745,0.0826286904304052
0.0366766614061764,0.0177210563780745,0.057496373794749 0.0635312858352276,0.0177210563780745,0.0809063826370103 0.0618089780418327,0.0177210563780745,0.0826286904304052
0.0635312858352276,0.0177210563780745,0.0809063826370103 0.0366766614061764,0.0177210563780745,0.057496373794749 0.0383989691995714,0.0177210563780745,0.0557740660013541
-0.0251623996161584,0.0176119827375898,0.0332231415416516 -3.00829805022092e-05,-0.0160045081424102,0.0583554581773079 -0.0251623996161584,-0.0160045081424102,0.0332231415416517
-3.00829805022092e-05,-0.0160045081424102,0.0583554581773079 -0.0251623996161584,0.0176119827375898,0.0332231415416516 -3.00829805022184e-05,0.0176119827375898,0.0583554581773079
0.00169222481289272,0.0176119827375898,0.0566331503839129 -0.0234400918227635,-0.0160045081424102,0.0315008337482567 0.00169222481289273,-0.0160045081424102,0.0566331503839129
-0.0234400918227635,-0.0160045081424102,0.0315008337482567 0.00169222481289272,0.0176119827375898,0.0566331503839129 -0.0234400918227635,0.0176119827375898,0.0315008337482567
-0.0234400918227635,-0.0160045081424102,0.0315008337482567 -0.0251623996161584,0.0176119827375898,0.0332231415416516 -0.0251623996161584,-0.0160045081424102,0.0332231415416517
-0.0251623996161584,0.0176119827375898,0.0332231415416516 -0.0234400918227635,-0.0160045081424102,0.0315008337482567 -0.0234400918227635,0.0176119827375898,0.0315008337482567
-0.0251623996161584,0.0176119827375898,0.0332231415416516 0.00169222481289272,0.0176119827375898,0.0566331503839129 -3.00829805022184e-05,0.0176119827375898,0.0583554581773079
0.00169222481289272,0.0176119827375898,0.0566331503839129 -0.0251623996161584,0.0176119827375898,0.0332231415416516 -0.0234400918227635,0.0176119827375898,0.0315008337482567
0.00169222481289272,0.0176119827375898,0.0566331503839129 -3.00829805022092e-05,-0.0160045081424102,0.0583554581773079 -3.00829805022184e-05,0.0176119827375898,0.0583554581773079
-3.00829805022092e-05,-0.0160045081424102,0.0583554581773079 0.00169222481289272,0.0176119827375898,0.0566331503839129 0.00169222481289273,-0.0160045081424102,0.0566331503839129
-0.0234400918227635,-0.0160045081424102,0.0315008337482567 -3.00829805022092e-05,-0.0160045081424102,0.0583554581773079 0.00169222481289273,-0.0160045081424102,0.0566331503839129
-3.00829805022092e-05,-0.0160045081424102,0.0583554581773079 -0.0234400918227635,-0.0160045081424102,0.0315008337482567 -0.0251623996161584,-0.0160045081424102,0.0332231415416517
0.00140639714508934,0.0175751974575898,0.00633705000581062 -0.0237259194905669,-0.0160412934224102,0.0314693666414668 0.00140639714508935,-0.0160412934224102,0.00633705000581063
-0.0237259194905669,-0.0160412934224102,0.0314693666414668 0.00140639714508934,0.0175751974575898,0.00633705000581062 -0.0237259194905669,0.0175751974575898,0.0314693666414668
-0.0220036116971719,0.0175751974575898,0.0331916744348618 0.00312870493848428,-0.0160412934224102,0.00805935779920556 -0.0220036116971719,-0.0160412934224102,0.0331916744348618
0.00312870493848428,-0.0160412934224102,0.00805935779920556 -0.0220036116971719,0.0175751974575898,0.0331916744348618 0.00312870493848428,0.0175751974575898,0.00805935779920556
0.00312870493848428,-0.0160412934224102,0.00805935779920556 0.00140639714508934,0.0175751974575898,0.00633705000581062 0.00140639714508935,-0.0160412934224102,0.00633705000581063
0.00140639714508934,0.0175751974575898,0.00633705000581062 0.00312870493848428,-0.0160412934224102,0.00805935779920556 0.00312870493848428,0.0175751974575898,0.00805935779920556
0.00140639714508934,0.0175751974575898,0.00633705000581062 -0.0220036116971719,0.0175751974575898,0.0331916744348618 -0.0237259194905669,0.0175751974575898,0.0314693666414668
-0.0220036116971719,0.0175751974575898,0.0331916744348618 0.00140639714508934,0.0175751974575898,0.00633705000581062 0.00312870493848428,0.0175751974575898,0.00805935779920556
-0.0220036116971719,0.0175751974575898,0.0331916744348618 -0.0237259194905669,-0.0160412934224102,0.0314693666414668 -0.0237259194905669,0.0175751974575898,0.0314693666414668
-0.0237259194905669,-0.0160412934224102,0.0314693666414668 -0.0220036116971719,0.0175751974575898,0.0331916744348618 -0.0220036116971719,-0.0160412934224102,0.0331916744348618
0.00312870493848428,-0.0160412934224102,0.00805935779920556 -0.0237259194905669,-0.0160412934224102,0.0314693666414668 -0.0220036116971719,-0.0160412934224102,0.0331916744348618
-0.0237259194905669,-0.0160412934224102,0.0314693666414668 0.00312870493848428,-0.0160412934224102,0.00805935779920556 0.00140639714508935,-0.0160412934224102,0.00633705000581063
-0.0253504467773835,0.0176070705473786,0.0835214014107154 -0.00021813014172731,-0.0160094203326214,0.108653718046372 -0.0253504467773835,-0.0160094203326214,0.0835214014107154
-0.00021813014172731,-0.0160094203326214,0.108653718046372 -0.0253504467773835,0.0176070705473786,0.0835214014107154 -0.000218130141727319,0.0176070705473786,0.108653718046372
0.00150417765166762,0.0176070705473786,0.106931410252977 -0.0236281389839886,-0.0160094203326214,0.0817990936173205 0.00150417765166763,-0.0160094203326214,0.106931410252977
-0.0236281389839886,-0.0160094203326214,0.0817990936173205 0.00150417765166762,0.0176070705473786,0.106931410252977 -0.0236281389839886,0.0176070705473786,0.0817990936173205
-0.0236281389839886,-0.0160094203326214,0.0817990936173205 -0.0253504467773835,0.0176070705473786,0.0835214014107154 -0.0253504467773835,-0.0160094203326214,0.0835214014107154
-0.0253504467773835,0.0176070705473786,0.0835214014107154 -0.0236281389839886,-0.0160094203326214,0.0817990936173205 -0.0236281389839886,0.0176070705473786,0.0817990936173205
-0.0253504467773835,0.0176070705473786,0.0835214014107154 0.00150417765166762,0.0176070705473786,0.106931410252977 -0.000218130141727319,0.0176070705473786,0.108653718046372
0.00150417765166762,0.0176070705473786,0.106931410252977 -0.0253504467773835,0.0176070705473786,0.0835214014107154 -0.0236281389839886,0.0176070705473786,0.0817990936173205
0.00150417765166762,0.0176070705473786,0.106931410252977 -0.00021813014172731,-0.0160094203326214,0.108653718046372 -0.000218130141727319,0.0176070705473786,0.108653718046372
-0.00021813014172731,-0.0160094203326214,0.108653718046372 0.00150417765166762,0.0176070705473786,0.106931410252977 0.00150417765166763,-0.0160094203326214,0.106931410252977
-0.0236281389839886,-0.0160094203326214,0.0817990936173205 -0.00021813014172731,-0.0160094203326214,0.108653718046372 0.00150417765166763,-0.0160094203326214,0.106931410252977
-0.00021813014172731,-0.0160094203326214,0.108653718046372 -0.0236281389839886,-0.0160094203326214,0.0817990936173205 -0.0253504467773835,-0.0160094203326214,0.0835214014107154
0.00132470341351206,0.0175221270548594,0.106909375876228 -0.0238076132221441,-0.0160943638251406,0.132041692511884 0.00132470341351206,-0.0160943638251406,0.106909375876228
-0.0238076132221441,-0.0160943638251406,0.132041692511884 0.00132470341351206,0.0175221270548594,0.106909375876228 -0.0238076132221442,0.0175221270548594,0.132041692511884
-0.0220853054287492,0.0175221270548594,0.133764000305279 0.003047011206907,-0.0160943638251406,0.108631683669623 -0.0220853054287492,-0.0160943638251406,0.133764000305279
0.003047011206907,-0.0160943638251406,0.108631683669623 -0.0220853054287492,0.0175221270548594,0.133764000305279 0.003047011206907,0.0175221270548594,0.108631683669623
0.003047011206907,-0.0160943638251406,0.108631683669623 0.00132470341351206,0.0175221270548594,0.106909375876228 0.00132470341351206,-0.0160943638251406,0.106909375876228
0.00132470341351206,0.0175221270548594,0.106909375876228 0.003047011206907,-0.0160943638251406,0.108631683669623 0.003047011206907,0.0175221270548594,0.108631683669623
0.00132470341351206,0.0175221270548594,0.106909375876228 -0.0220853054287492,0.0175221270548594,0.133764000305279 -0.0238076132221442,0.0175221270548594,0.132041692511884
-0.0220853054287492,0.0175221270548594,0.133764000305279 0.00132470341351206,0.0175221270548594,0.106909375876228 0.003047011206907,0.0175221270548594,0.108631683669623
-0.0220853054287492,0.0175221270548594,0.133764000305279 -0.0238076132221441,-0.0160943638251406,0.132041692511884 -0.0238076132221442,0.0175221270548594,0.132041692511884
-0.0238076132221441,-0.0160943638251406,0.132041692511884 -0.0220853054287492,0.0175221270548594,0.133764000305279 -0.0220853054287492,-0.0160943638251406,0.133764000305279
0.003047011206907,-0.0160943638251406,0.108631683669623 -0.0238076132221441,-0.0160943638251406,0.132041692511884 -0.0220853054287492,-0.0160943638251406,0.133764000305279
-0.0238076132221441,-0.0160943638251406,0.132041692511884 0.003047011206907,-0.0160943638251406,0.108631683669623 0.00132470341351206,-0.0160943638251406,0.106909375876228
0.0015127505747371,0.0175270392450706,0.0566111160071643 -0.0236195660609191,-0.0160894516349294,0.0817434326428205 0.00151275057473711,-0.0160894516349294,0.0566111160071643
-0.0236195660609191,-0.0160894516349294,0.0817434326428205 0.0015127505747371,0.0175270392450706,0.0566111160071643 -0.0236195660609191,0.0175270392450706,0.0817434326428205
-0.0218972582675242,0.0175270392450706,0.0834657404362154 0.00323505836813205,-0.0160894516349294,0.0583334238005592 -0.0218972582675242,-0.0160894516349294,0.0834657404362154
0.00323505836813205,-0.0160894516349294,0.0583334238005592 -0.0218972582675242,0.0175270392450706,0.0834657404362154 0.00323505836813204,0.0175270392450706,0.0583334238005592
0.00323505836813205,-0.0160894516349294,0.0583334238005592 0.0015127505747371,0.0175270392450706,0.0566111160071643 0.00151275057473711,-0.0160894516349294,0.0566111160071643
0.0015127505747371,0.0175270392450706,0.0566111160071643 0.00323505836813205,-0.0160894516349294,0.0583334238005592 0.00323505836813204,0.0175270392450706,0.0583334238005592
0.0015127505747371,0.0175270392450706,0.0566111160071643 -0.0218972582675242,0.0175270392450706,0.0834657404362154 -0.0236195660609191,0.0175270392450706,0.0817434326428205
-0.0218972582675242,0.0175270392450706,0.0834657404362154 0.0015127505747371,0.0175270392450706,0.0566111160071643 0.00323505836813204,0.0175270392450706,0.0583334238005592
-0.0218972582675242,0.0175270392450706,0.0834657404362154 -0.0236195660609191,-0.0160894516349294,0.0817434326428205 -0.0236195660609191,0.0175270392450706,0.0817434326428205
-0.0236195660609191,-0.0160894516349294,0.0817434326428205 -0.0218972582675242,0.0175270392450706,0.0834657404362154 -0.0218972582675242,-0.0160894516349294,0.0834657404362154
0.00323505836813205,-0.0160894516349294,0.0583334238005592 -0.0236195660609191,-0.0160894516349294,0.0817434326428205 -0.0218972582675242,-0.0160894516349294,0.0834657404362154
-0.0236195660609191,-0.0160894516349294,0.0817434326428205 0.00323505836813205,-0.0160894516349294,0.0583334238005592 0.00151275057473711,-0.0160894516349294,0.0566111160071643
0.00303455799092284,0.0193791410272835,0.106140767846491 0.0366510488709228,0.0445114576629397,0.131273084482147 0.0366510488709228,0.0193791410272835,0.106140767846491
0.0366510488709228,0.0445114576629397,0.131273084482147 0.00303455799092284,0.0193791410272835,0.106140767846491 0.00303455799092284,0.0445114576629397,0.131273084482147
0.00303455799092284,0.0427891498695447,0.132995392275542 0.0366510488709228,0.0176568332338885,0.107863075639886 0.0366510488709228,0.0427891498695447,0.132995392275542
0.0366510488709228,0.0176568332338885,0.107863075639886 0.00303455799092284,0.0427891498695447,0.132995392275542 0.00303455799092284,0.0176568332338885,0.107863075639886
0.0366510488709228,0.0176568332338885,0.107863075639886 0.00303455799092284,0.0193791410272835,0.106140767846491 0.0366510488709228,0.0193791410272835,0.106140767846491
0.00303455799092284,0.0193791410272835,0.106140767846491 0.0366510488709228,0.0176568332338885,0.107863075639886 0.00303455799092284,0.0176568332338885,0.107863075639886
0.00303455799092284,0.0193791410272835,0.106140767846491 0.00303455799092284,0.0427891498695447,0.132995392275542 0.00303455799092284,0.0445114576629397,0.131273084482147
0.00303455799092284,0.0427891498695447,0.132995392275542 0.00303455799092284,0.0193791410272835,0.106140767846491 0.00303455799092284,0.0176568332338885,0.107863075639886
0.00303455799092284,0.0427891498695447,0.132995392275542 0.0366510488709228,0.0445114576629397,0.131273084482147 0.00303455799092284,0.0445114576629397,0.131273084482147
0.0366510488709228,0.0445114576629397,0.131273084482147 0.00303455799092284,0.0427891498695447,0.132995392275542 0.0366510488709228,0.0427891498695447,0.132995392275542
0.0366510488709228,0.0176568332338885,0.107863075639886 0.0366510488709228,0.0445114576629397,0.131273084482147 0.0366510488709228,0.0427891498695447,0.132995392275542
0.0366510488709228,0.0445114576629397,0.131273084482147 0.0366510488709228,0.0176568332338885,0.107863075639886 0.0366510488709228,0.0193791410272835,0.106140767846491
0.00298148758819244,0.0192974472957062,0.00556844197607373 0.0365979784681924,0.0444297639313624,0.03070075861173 0.0365979784681924,0.0192974472957062,0.00556844197607374
0.0365979784681924,0.0444297639313624,0.03070075861173 0.00298148758819244,0.0192974472957062,0.00556844197607373 0.00298148758819244,0.0444297639313624,0.03070075861173
0.00298148758819244,0.0427074561379674,0.0324230664051249 0.0365979784681924,0.0175751395023112,0.00729074976946867 0.0365979784681924,0.0427074561379675,0.0324230664051249
0.0365979784681924,0.0175751395023112,0.00729074976946867 0.00298148758819244,0.0427074561379674,0.0324230664051249 0.00298148758819244,0.0175751395023112,0.00729074976946867
0.0365979784681924,0.0175751395023112,0.00729074976946867 0.00298148758819244,0.0192974472957062,0.00556844197607373 0.0365979784681924,0.0192974472957062,0.00556844197607374
0.00298148758819244,0.0192974472957062,0.00556844197607373 0.0365979784681924,0.0175751395023112,0.00729074976946867 0.00298148758819244,0.0175751395023112,0.00729074976946867
0.00298148758819244,0.0192974472957062,0.00556844197607373 0.00298148758819244,0.0427074561379674,0.0324230664051249 0.00298148758819244,0.0444297639313624,0.03070075861173
0.00298148758819244,0.0427074561379674,0.0324230664051249 0.00298148758819244,0.0192974472957062,0.00556844197607373 0.00298148758819244,0.0175751395023112,0.00729074976946867
0.00298148758819244,0.0427074561379674,0.0324230664051249 0.0365979784681924,0.0444297639313624,0.03070075861173 0.00298148758819244,0.0444297639313624,0.03070075861173
0.0365979784681924,0.0444297639313624,0.03070075861173 0.00298148758819244,0.0427074561379674,0.0324230664051249 0.0365979784681924,0.0427074561379675,0.0324230664051249
0.0365979784681924,0.0175751395023112,0.00729074976946867 0.0365979784681924,0.0444297639313624,0.03070075861173 0.0365979784681924,0.0427074561379675,0.0324230664051249
0.0365979784681924,0.0444297639313624,0.03070075861173 0.0365979784681924,0.0175751395023112,0.00729074976946867 0.0365979784681924,0.0192974472957062,0.00556844197607374
0.00294470230819248,0.045866244056954,0.0324545335119148 0.0365611931881924,0.0207339274212977,0.057586850147571 0.0365611931881925,0.045866244056954,0.0324545335119148
0.0365611931881924,0.0207339274212977,0.057586850147571 0.00294470230819248,0.045866244056954,0.0324545335119148 0.00294470230819247,0.0207339274212977,0.057586850147571
0.00294470230819247,0.0190116196279028,0.0558645423541761 0.0365611931881925,0.044143936263559,0.0307322257185198 0.0365611931881924,0.0190116196279028,0.0558645423541761
0.0365611931881925,0.044143936263559,0.0307322257185198 0.00294470230819247,0.0190116196279028,0.0558645423541761 0.00294470230819248,0.044143936263559,0.0307322257185198
0.0365611931881925,0.044143936263559,0.0307322257185198 0.00294470230819248,0.045866244056954,0.0324545335119148 0.0365611931881925,0.045866244056954,0.0324545335119148
0.00294470230819248,0.045866244056954,0.0324545335119148 0.0365611931881925,0.044143936263559,0.0307322257185198 0.00294470230819248,0.044143936263559,0.0307322257185198
0.00294470230819248,0.045866244056954,0.0324545335119148 0.00294470230819247,0.0190116196279028,0.0558645423541761 0.00294470230819247,0.0207339274212977,0.057586850147571
0.00294470230819247,0.0190116196279028,0.0558645423541761 0.00294470230819248,0.045866244056954,0.0324545335119148 0.00294470230819248,0.044143936263559,0.0307322257185198
0.00294470230819247,0.0190116196279028,0.0558645423541761 0.0365611931881924,0.0207339274212977,0.057586850147571 0.00294470230819247,0.0207339274212977,0.057586850147571
0.0365611931881924,0.0207339274212977,0.057586850147571 0.00294470230819247,0.0190116196279028,0.0558645423541761 0.0365611931881924,0.0190116196279028,0.0558645423541761
0.0365611931881925,0.044143936263559,0.0307322257185198 0.0365611931881924,0.0207339274212977,0.057586850147571 0.0365611931881924,0.0190116196279028,0.0558645423541761
0.0365611931881924,0.0207339274212977,0.057586850147571 0.0365611931881925,0.044143936263559,0.0307322257185198 0.0365611931881925,0.045866244056954,0.0324545335119148
0.00302964580071168,0.0191910938660584,0.0558425079774274 0.0366461366807116,0.0443234105017146,0.0809748246130836 0.0366461366807117,0.0191910938660584,0.0558425079774274
0.0366461366807116,0.0443234105017146,0.0809748246130836 0.00302964580071168,0.0191910938660584,0.0558425079774274 0.00302964580071167,0.0443234105017146,0.0809748246130836
0.00302964580071167,0.0426011027083197,0.0826971324064786 0.0366461366807117,0.0174687860726635,0.0575648157708223 0.0366461366807116,0.0426011027083197,0.0826971324064786
0.0366461366807117,0.0174687860726635,0.0575648157708223 0.00302964580071167,0.0426011027083197,0.0826971324064786 0.00302964580071168,0.0174687860726635,0.0575648157708223
0.0366461366807117,0.0174687860726635,0.0575648157708223 0.00302964580071168,0.0191910938660584,0.0558425079774274 0.0366461366807117,0.0191910938660584,0.0558425079774274
0.00302964580071168,0.0191910938660584,0.0558425079774274 0.0366461366807117,0.0174687860726635,0.0575648157708223 0.00302964580071168,0.0174687860726635,0.0575648157708223
0.00302964580071168,0.0191910938660584,0.0558425079774274 0.00302964580071167,0.0426011027083197,0.0826971324064786 0.00302964580071167,0.0443234105017146,0.0809748246130836
0.00302964580071167,0.0426011027083197,0.0826971324064786 0.00302964580071168,0.0191910938660584,0.0558425079774274 0.00302964580071168,0.0174687860726635,0.0575648157708223
0.00302964580071167,0.0426011027083197,0.0826971324064786 0.0366461366807116,0.0443234105017146,0.0809748246130836 0.00302964580071167,0.0443234105017146,0.0809748246130836
0.0366461366807116,0.0443234105017146,0.0809748246130836 0.00302964580071167,0.0426011027083197,0.0826971324064786 0.0366461366807116,0.0426011027083197,0.0826971324064786
0.0366461366807117,0.0174687860726635,0.0575648157708223 0.0366461366807116,0.0443234105017146,0.0809748246130836 0.0366461366807116,0.0426011027083197,0.0826971324064786
0.0366461366807116,0.0443234105017146,0.0809748246130836 0.0366461366807117,0.0174687860726635,0.0575648157708223 0.0366461366807117,0.0191910938660584,0.0558425079774274
0.00294961449840368,0.0460542912181791,0.0827527933809785 0.0365661053784037,0.0209219745825228,0.107885110016635 0.0365661053784037,0.046054291218179,0.0827527933809786
0.0365661053784037,0.0209219745825228,0.107885110016635 0.00294961449840368,0.0460542912181791,0.0827527933809785 0.00294961449840368,0.0209219745825228,0.107885110016635
0.00294961449840368,0.0191996667891279,0.10616280222324 0.0365661053784037,0.0443319834247841,0.0810304855875836 0.0365661053784037,0.0191996667891279,0.10616280222324
0.0365661053784037,0.0443319834247841,0.0810304855875836 0.00294961449840368,0.0191996667891279,0.10616280222324 0.00294961449840368,0.0443319834247841,0.0810304855875836
0.0365661053784037,0.0443319834247841,0.0810304855875836 0.00294961449840368,0.0460542912181791,0.0827527933809785 0.0365661053784037,0.046054291218179,0.0827527933809786
0.00294961449840368,0.0460542912181791,0.0827527933809785 0.0365661053784037,0.0443319834247841,0.0810304855875836 0.00294961449840368,0.0443319834247841,0.0810304855875836
0.00294961449840368,0.0460542912181791,0.0827527933809785 0.00294961449840368,0.0191996667891279,0.10616280222324 0.00294961449840368,0.0209219745825228,0.107885110016635
0.00294961449840368,0.0191996667891279,0.10616280222324 0.00294961449840368,0.0460542912181791,0.0827527933809785 0.00294961449840368,0.0443319834247841,0.0810304855875836
0.00294961449840368,0.0191996667891279,0.10616280222324 0.0365661053784037,0.0209219745825228,0.107885110016635 0.00294961449840368,0.0209219745825228,0.107885110016635
0.0365661053784037,0.0209219745825228,0.107885110016635 0.00294961449840368,0.0191996667891279,0.10616280222324 0.0365661053784037,0.0191996667891279,0.10616280222324
0.0365661053784037,0.0443319834247841,0.0810304855875836 0.0365661053784037,0.0209219745825228,0.107885110016635 0.0365661053784037,0.0191996667891279,0.10616280222324
0.0365661053784037,0.0209219745825228,0.107885110016635 0.0365661053784037,0.0443319834247841,0.0810304855875836 0.0365661053784037,0.046054291218179,0.0827527933809786
0.055,0.0402920003488382,0.00374417848519553 0.055,-0.0344079996511618,0.00694417848519553 0.055,-0.0344079996511618,0.00374417848519553
0.055,-0.0344079996511618,0.00694417848519553 0.055,0.0402920003488382,0.00374417848519553 0.055,0.0402920003488382,0.00694417848519553
-0.0137,0.0402920003488382,0.00694417848519553 -0.0137,-0.0344079996511618,0.00374417848519553 -0.0137,-0.0344079996511618,0.00694417848519553
-0.0137,-0.0344079996511618,0.00374417848519553 -0.0137,0.0402920003488382,0.00694417848519553 -0.0137,0.0402920003488382,0.00374417848519553
0.055,-0.0344079996511618,0.00694417848519553 -0.0137,0.0402920003488382,0.00694417848519553 -0.0137,-0.0344079996511618,0.00694417848519553
-0.0137,0.0402920003488382,0.00694417848519553 0.055,-0.0344079996511618,0.00694417848519553 0.055,0.0402920003488382,0.00694417848519553
0.055,-0.0344079996511618,0.00694417848519553 -0.0137,-0.0344079996511618,0.00374417848519553 0.055,-0.0344079996511618,0.00374417848519553
-0.0137,-0.0344079996511618,0.00374417848519553 0.055,-0.0344079996511618,0.00694417848519553 -0.0137,-0.0344079996511618,0.00694417848519553
-0.0137,0.0402920003488382,0.00694417848519553 0.055,0.0402920003488382,0.00374417848519553 -0.0137,0.0402920003488382,0.00374417848519553
0.055,0.0402920003488382,0.00374417848519553 -0.0137,0.0402920003488382,0.00694417848519553 0.055,0.0402920003488382,0.00694417848519553
0.055,0.0402920003488382,0.00374417848519553 -0.0137,-0.0344079996511618,0.00374417848519553 -0.0137,0.0402920003488382,0.00374417848519553
-0.0137,-0.0344079996511618,0.00374417848519553 0.055,0.0402920003488382,0.00374417848519553 0.055,-0.0344079996511618,0.00374417848519553
