0.000000,0.049499,0.070000 -0.024749,0.024750,0.070000 0.000000,0.000001,0.070000 
0.000000,0.000001,0.070000 0.024748,0.024749,0.070000 0.000000,0.049499,0.070000 
-0.024747,0.024751,0.035000 -0.024747,0.024751,0.000000 -0.000001,0.000002,0.035001 
-0.024747,0.024751,0.000000 0.000000,0.000000,0.000000 -0.000001,0.000002,0.035001 
0.000001,0.049498,0.000000 0.000001,0.049498,0.035000 0.024749,0.024749,0.000001 
0.000001,0.049498,0.035000 0.024749,0.024749,0.035001 0.024749,0.024749,0.000001 
0.000000,0.000000,0.000000 0.024749,0.024749,0.000001 -0.000001,0.000002,0.035001 
0.024749,0.024749,0.000001 0.024749,0.024749,0.035001 -0.000001,0.000002,0.035001 
0.000001,0.049498,0.000000 -0.024747,0.024751,0.000000 0.000001,0.049498,0.035000 
-0.024747,0.024751,0.000000 -0.024747,0.024751,0.035000 0.000001,0.049498,0.035000 
-0.024747,0.024751,0.070000 -0.024747,0.024751,0.035000 -0.000001,0.000002,0.070001 
-0.024747,0.024751,0.035000 0.000000,0.000000,0.035000 -0.000001,0.000002,0.070001 
0.000001,0.049498,0.035000 0.000001,0.049498,0.070000 0.024749,0.024749,0.035001 
0.000001,0.049498,0.070000 0.024749,0.024749,0.070001 0.024749,0.024749,0.035001 
0.000000,0.000000,0.035000 0.024749,0.024749,0.035001 -0.000001,0.000002,0.070001 
0.024749,0.024749,0.035001 0.024749,0.024749,0.070001 -0.000001,0.000002,0.070001 
0.000001,0.049498,0.035000 -0.024747,0.024751,0.035000 0.000001,0.049498,0.070000 
-0.024747,0.024751,0.035000 -0.024747,0.024751,0.070000 0.000001,0.049498,0.070000 
-0.000000,-0.028283,0.035000 -0.024749,-0.053032,0.035000 -0.000000,-0.077780,0.035000 
-0.000000,-0.077780,0.035000 0.024748,-0.053032,0.035000 -0.000000,-0.028283,0.035000 
-0.024747,-0.053031,0.035000 -0.024747,-0.053031,0.000000 -0.000001,-0.077780,0.035001 
-0.024747,-0.053031,0.000000 -0.000000,-0.077782,0.000000 -0.000001,-0.077780,0.035001 
0.000001,-0.028284,0.000000 0.000001,-0.028284,0.035000 0.024749,-0.053032,0.000001 
0.000001,-0.028284,0.035000 0.024749,-0.053033,0.035001 0.024749,-0.053032,0.000001 
-0.000000,-0.077782,0.000000 0.024749,-0.053032,0.000001 -0.000001,-0.077780,0.035001 
0.024749,-0.053032,0.000001 0.024749,-0.053033,0.035001 -0.000001,-0.077780,0.035001 
0.000001,-0.028284,0.000000 -0.024747,-0.053031,0.000000 0.000001,-0.028284,0.035000 
-0.024747,-0.053031,0.000000 -0.024747,-0.053031,0.035000 0.000001,-0.028284,0.035000 
-0.038891,0.010608,0.035000 -0.063640,-0.014141,0.035000 -0.038891,-0.038889,0.035000 
-0.038891,-0.038889,0.035000 -0.014143,-0.014141,0.035000 -0.038891,0.010608,0.035000 
-0.063637,-0.014140,0.035000 -0.063637,-0.014140,0.000000 -0.038892,-0.038889,0.035001 
-0.063637,-0.014140,0.000000 -0.038891,-0.038891,0.000000 -0.038892,-0.038889,0.035001 
-0.038890,0.010607,0.000000 -0.038890,0.010607,0.035000 -0.014141,-0.014141,0.000001 
-0.038890,0.010607,0.035000 -0.014142,-0.014142,0.035001 -0.014141,-0.014141,0.000001 
-0.038891,-0.038891,0.000000 -0.014141,-0.014141,0.000001 -0.038892,-0.038889,0.035001 
-0.014141,-0.014141,0.000001 -0.014142,-0.014142,0.035001 -0.038892,-0.038889,0.035001 
-0.038890,0.010607,0.000000 -0.063637,-0.014140,0.000000 -0.038890,0.010607,0.035000 
-0.063637,-0.014140,0.000000 -0.063637,-0.014140,0.035000 -0.038890,0.010607,0.035000 
0.038891,0.010608,0.035000 0.014142,-0.014141,0.035000 0.038891,-0.038889,0.035000 
0.038891,-0.038889,0.035000 0.063639,-0.014141,0.035000 0.038891,0.010608,0.035000 
0.014144,-0.014140,0.035000 0.014144,-0.014140,0.000000 0.038890,-0.038889,0.035001 
0.014144,-0.014140,0.000000 0.038891,-0.038891,0.000000 0.038890,-0.038889,0.035001 
0.038892,0.010607,0.000000 0.038892,0.010607,0.035000 0.063640,-0.014141,0.000001 
0.038892,0.010607,0.035000 0.063640,-0.014142,0.035001 0.063640,-0.014141,0.000001 
0.038891,-0.038891,0.000000 0.063640,-0.014141,0.000001 0.038890,-0.038889,0.035001 
0.063640,-0.014141,0.000001 0.063640,-0.014142,0.035001 0.038890,-0.038889,0.035001 
0.038892,0.010607,0.000000 0.014144,-0.014140,0.000000 0.038892,0.010607,0.035000 
0.014144,-0.014140,0.000000 0.014144,-0.014140,0.035000 0.038892,0.010607,0.035000 
0.077782,0.049499,0.035000 0.053033,0.024750,0.035000 0.077782,0.000001,0.035000 
0.077782,0.000001,0.035000 0.102530,0.024749,0.035000 0.077782,0.049499,0.035000 
0.053035,0.024751,0.035000 0.053035,0.024751,0.000000 0.077781,0.000002,0.035001 
0.053035,0.024751,0.000000 0.077782,-0.000000,0.000000 0.077781,0.000002,0.035001 
0.077782,0.049498,0.000000 0.077782,0.049498,0.035000 0.102531,0.024749,0.000001 
0.077782,0.049498,0.035000 0.102530,0.024749,0.035001 0.102531,0.024749,0.000001 
0.077782,-0.000000,0.000000 0.102531,0.024749,0.000001 0.077781,0.000002,0.035001 
0.102531,0.024749,0.000001 0.102530,0.024749,0.035001 0.077781,0.000002,0.035001 
0.077782,0.049498,0.000000 0.053035,0.024751,0.000000 0.077782,0.049498,0.035000 
0.053035,0.024751,0.000000 0.053035,0.024751,0.035000 0.077782,0.049498,0.035000 
0.038891,0.088390,0.035000 0.014142,0.063641,0.035000 0.038891,0.038892,0.035000 
0.038891,0.038892,0.035000 0.063639,0.063640,0.035000 0.038891,0.088390,0.035000 
0.014144,0.063642,0.035000 0.014144,0.063642,0.000000 0.038890,0.038893,0.035001 
0.014144,0.063642,0.000000 0.038891,0.038891,0.000000 0.038890,0.038893,0.035001 
0.038892,0.088389,0.000000 0.038892,0.088389,0.035000 0.063640,0.063640,0.000001 
0.038892,0.088389,0.035000 0.063640,0.063640,0.035001 0.063640,0.063640,0.000001 
0.038891,0.038891,0.000000 0.063640,0.063640,0.000001 0.038890,0.038893,0.035001 
0.063640,0.063640,0.000001 0.063640,0.063640,0.035001 0.038890,0.038893,0.035001 
0.038892,0.088389,0.000000 0.014144,0.063642,0.000000 0.038892,0.088389,0.035000 
0.014144,0.063642,0.000000 0.014144,0.063642,0.035000 0.038892,0.088389,0.035000 
0.000000,0.127281,0.035000 -0.024749,0.102532,0.035000 0.000000,0.077783,0.035000 
0.000000,0.077783,0.035000 0.024748,0.102531,0.035000 0.000000,0.127281,0.035000 
-0.024747,0.102533,0.035000 -0.024747,0.102533,0.000000 -0.000001,0.077784,0.035001 
-0.024747,0.102533,0.000000 0.000000,0.077782,0.000000 -0.000001,0.077784,0.035001 
0.000001,0.127280,0.000000 0.000001,0.127280,0.035000 0.024749,0.102531,0.000001 
0.000001,0.127280,0.035000 0.024749,0.102530,0.035001 0.024749,0.102531,0.000001 
0.000000,0.077782,0.000000 0.024749,0.102531,0.000001 -0.000001,0.077784,0.035001 
0.024749,0.102531,0.000001 0.024749,0.102530,0.035001 -0.000001,0.077784,0.035001 
0.000001,0.127280,0.000000 -0.024747,0.102533,0.000000 0.000001,0.127280,0.035000 
-0.024747,0.102533,0.000000 -0.024747,0.102533,0.035000 0.000001,0.127280,0.035000 
-0.038891,0.088390,0.035000 -0.063640,0.063641,0.035000 -0.038891,0.038892,0.035000 
-0.038891,0.038892,0.035000 -0.014143,0.063640,0.035000 -0.038891,0.088390,0.035000 
-0.063637,0.063642,0.035000 -0.063637,0.063642,0.000000 -0.038892,0.038893,0.035001 
-0.063637,0.063642,0.000000 -0.038891,0.038891,0.000000 -0.038892,0.038893,0.035001 
-0.038890,0.088389,0.000000 -0.038890,0.088389,0.035000 -0.014141,0.063640,0.000001 
-0.038890,0.088389,0.035000 -0.014142,0.063640,0.035001 -0.014141,0.063640,0.000001 
-0.038891,0.038891,0.000000 -0.014141,0.063640,0.000001 -0.038892,0.038893,0.035001 
-0.014141,0.063640,0.000001 -0.014142,0.063640,0.035001 -0.038892,0.038893,0.035001 
-0.038890,0.088389,0.000000 -0.063637,0.063642,0.000000 -0.038890,0.088389,0.035000 
-0.063637,0.063642,0.000000 -0.063637,0.063642,0.035000 -0.038890,0.088389,0.035000 
-0.077782,0.049499,0.035000 -0.102530,0.024750,0.035000 -0.077782,0.000001,0.035000 
-0.077782,0.000001,0.035000 -0.053034,0.024749,0.035000 -0.077782,0.049499,0.035000 
-0.102528,0.024751,0.035000 -0.102528,0.024751,0.000000 -0.077782,0.000002,0.035001 
-0.102528,0.024751,0.000000 -0.077782,0.000000,0.000000 -0.077782,0.000002,0.035001 
-0.077781,0.049498,0.000000 -0.077781,0.049498,0.035000 -0.053032,0.024749,0.000001 
-0.077781,0.049498,0.035000 -0.053033,0.024749,0.035001 -0.053032,0.024749,0.000001 
-0.077782,0.000000,0.000000 -0.053032,0.024749,0.000001 -0.077782,0.000002,0.035001 
-0.053032,0.024749,0.000001 -0.053033,0.024749,0.035001 -0.077782,0.000002,0.035001 
-0.077781,0.049498,0.000000 -0.102528,0.024751,0.000000 -0.077781,0.049498,0.035000 
-0.102528,0.024751,0.000000 -0.102528,0.024751,0.035000 -0.077781,0.049498,0.035000 
-0.000000,-0.106065,0.070000 -0.024749,-0.130813,0.070000 -0.000000,-0.155562,0.070000 
-0.000000,-0.155562,0.070000 0.024748,-0.130814,0.070000 -0.000000,-0.106065,0.070000 
-0.024747,-0.130813,0.035000 -0.024747,-0.130813,0.000000 -0.000001,-0.155561,0.035001 
-0.024747,-0.130813,0.000000 -0.000000,-0.155563,0.000000 -0.000001,-0.155561,0.035001 
0.000001,-0.106065,0.000000 0.000001,-0.106065,0.035000 0.024749,-0.130814,0.000001 
0.000001,-0.106065,0.035000 0.024749,-0.130815,0.035001 0.024749,-0.130814,0.000001 
-0.000000,-0.155563,0.000000 0.024749,-0.130814,0.000001 -0.000001,-0.155561,0.035001 
0.024749,-0.130814,0.000001 0.024749,-0.130815,0.035001 -0.000001,-0.155561,0.035001 
0.000001,-0.106065,0.000000 -0.024747,-0.130813,0.000000 0.000001,-0.106065,0.035000 
-0.024747,-0.130813,0.000000 -0.024747,-0.130813,0.035000 0.000001,-0.106065,0.035000 
-0.024747,-0.130813,0.070000 -0.024747,-0.130813,0.035000 -0.000001,-0.155561,0.070001 
-0.024747,-0.130813,0.035000 -0.000000,-0.155563,0.035000 -0.000001,-0.155561,0.070001 
0.000001,-0.106065,0.035000 0.000001,-0.106065,0.070000 0.024749,-0.130814,0.035001 
0.000001,-0.106065,0.070000 0.024749,-0.130815,0.070001 0.024749,-0.130814,0.035001 
-0.000000,-0.155563,0.035000 0.024749,-0.130814,0.035001 -0.000001,-0.155561,0.070001 
0.024749,-0.130814,0.035001 0.024749,-0.130815,0.070001 -0.000001,-0.155561,0.070001 
0.000001,-0.106065,0.035000 -0.024747,-0.130813,0.035000 0.000001,-0.106065,0.070000 
-0.024747,-0.130813,0.035000 -0.024747,-0.130813,0.070000 0.000001,-0.106065,0.070000 
-0.000000,-0.183846,0.035000 -0.024749,-0.208595,0.035000 -0.000000,-0.233344,0.035000 
-0.000000,-0.233344,0.035000 0.024748,-0.208596,0.035000 -0.000000,-0.183846,0.035000 
-0.024747,-0.208594,0.035000 -0.024747,-0.208594,0.000000 -0.000001,-0.233343,0.035001 
-0.024747,-0.208594,0.000000 -0.000000,-0.233345,0.000000 -0.000001,-0.233343,0.035001 
0.000001,-0.183847,0.000000 0.000001,-0.183847,0.035000 0.024749,-0.208596,0.000001 
0.000001,-0.183847,0.035000 0.024749,-0.208597,0.035001 0.024749,-0.208596,0.000001 
-0.000000,-0.233345,0.000000 0.024749,-0.208596,0.000001 -0.000001,-0.233343,0.035001 
0.024749,-0.208596,0.000001 0.024749,-0.208597,0.035001 -0.000001,-0.233343,0.035001 
0.000001,-0.183847,0.000000 -0.024747,-0.208594,0.000000 0.000001,-0.183847,0.035000 
-0.024747,-0.208594,0.000000 -0.024747,-0.208594,0.035000 0.000001,-0.183847,0.035000 
-0.038891,-0.144955,0.035000 -0.063640,-0.169704,0.035000 -0.038891,-0.194453,0.035000 
-0.038891,-0.194453,0.035000 -0.014143,-0.169705,0.035000 -0.038891,-0.144955,0.035000 
-0.063637,-0.169704,0.035000 -0.063637,-0.169704,0.000000 -0.038892,-0.194452,0.035001 
-0.063637,-0.169704,0.000000 -0.038891,-0.194454,0.000000 -0.038892,-0.194452,0.035001 
-0.038890,-0.144956,0.000000 -0.038890,-0.144956,0.035000 -0.014141,-0.169705,0.000001 
-0.038890,-0.144956,0.035000 -0.014142,-0.169706,0.035001 -0.014141,-0.169705,0.000001 
-0.038891,-0.194454,0.000000 -0.014141,-0.169705,0.000001 -0.038892,-0.194452,0.035001 
-0.014141,-0.169705,0.000001 -0.014142,-0.169706,0.035001 -0.038892,-0.194452,0.035001 
-0.038890,-0.144956,0.000000 -0.063637,-0.169704,0.000000 -0.038890,-0.144956,0.035000 
-0.063637,-0.169704,0.000000 -0.063637,-0.169704,0.035000 -0.038890,-0.144956,0.035000 
0.038891,-0.144955,0.035000 0.014142,-0.169704,0.035000 0.038891,-0.194453,0.035000 
0.038891,-0.194453,0.035000 0.063639,-0.169705,0.035000 0.038891,-0.144955,0.035000 
0.014144,-0.169704,0.035000 0.014144,-0.169704,0.000000 0.038890,-0.194452,0.035001 
0.014144,-0.169704,0.000000 0.038891,-0.194454,0.000000 0.038890,-0.194452,0.035001 
0.038892,-0.144956,0.000000 0.038892,-0.144956,0.035000 0.063640,-0.169705,0.000001 
0.038892,-0.144956,0.035000 0.063640,-0.169706,0.035001 0.063640,-0.169705,0.000001 
0.038891,-0.194454,0.000000 0.063640,-0.169705,0.000001 0.038890,-0.194452,0.035001 
0.063640,-0.169705,0.000001 0.063640,-0.169706,0.035001 0.038890,-0.194452,0.035001 
0.038892,-0.144956,0.000000 0.014144,-0.169704,0.000000 0.038892,-0.144956,0.035000 
0.014144,-0.169704,0.000000 0.014144,-0.169704,0.035000 0.038892,-0.144956,0.035000 
0.077782,-0.106065,0.035000 0.053033,-0.130813,0.035000 0.077782,-0.155562,0.035000 
0.077782,-0.155562,0.035000 0.102530,-0.130814,0.035000 0.077782,-0.106065,0.035000 
0.053035,-0.130813,0.035000 0.053035,-0.130813,0.000000 0.077781,-0.155561,0.035001 
0.053035,-0.130813,0.000000 0.077782,-0.155563,0.000000 0.077781,-0.155561,0.035001 
0.077782,-0.106065,0.000000 0.077782,-0.106065,0.035000 0.102531,-0.130814,0.000001 
0.077782,-0.106065,0.035000 0.102530,-0.130815,0.035001 0.102531,-0.130814,0.000001 
0.077782,-0.155563,0.000000 0.102531,-0.130814,0.000001 0.077781,-0.155561,0.035001 
0.102531,-0.130814,0.000001 0.102530,-0.130815,0.035001 0.077781,-0.155561,0.035001 
0.077782,-0.106065,0.000000 0.053035,-0.130813,0.000000 0.077782,-0.106065,0.035000 
0.053035,-0.130813,0.000000 0.053035,-0.130813,0.035000 0.077782,-0.106065,0.035000 
0.038891,-0.067174,0.035000 0.014142,-0.091922,0.035000 0.038891,-0.116671,0.035000 
0.038891,-0.116671,0.035000 0.063639,-0.091923,0.035000 0.038891,-0.067174,0.035000 
0.014144,-0.091922,0.035000 0.014144,-0.091922,0.000000 0.038890,-0.116670,0.035001 
0.014144,-0.091922,0.000000 0.038891,-0.116673,0.000000 0.038890,-0.116670,0.035001 
0.038892,-0.067174,0.000000 0.038892,-0.067174,0.035000 0.063640,-0.091923,0.000001 
0.038892,-0.067174,0.035000 0.063640,-0.091924,0.035001 0.063640,-0.091923,0.000001 
0.038891,-0.116673,0.000000 0.063640,-0.091923,0.000001 0.038890,-0.116670,0.035001 
0.063640,-0.091923,0.000001 0.063640,-0.091924,0.035001 0.038890,-0.116670,0.035001 
0.038892,-0.067174,0.000000 0.014144,-0.091922,0.000000 0.038892,-0.067174,0.035000 
0.014144,-0.091922,0.000000 0.014144,-0.091922,0.035000 0.038892,-0.067174,0.035000 
-0.000000,-0.028283,0.035000 -0.024749,-0.053032,0.035000 -0.000000,-0.077780,0.035000 
-0.000000,-0.077780,0.035000 0.024748,-0.053032,0.035000 -0.000000,-0.028283,0.035000 
-0.024747,-0.053031,0.035000 -0.024747,-0.053031,0.000000 -0.000001,-0.077780,0.035001 
-0.024747,-0.053031,0.000000 -0.000000,-0.077782,0.000000 -0.000001,-0.077780,0.035001 
0.000001,-0.028284,0.000000 0.000001,-0.028284,0.035000 0.024749,-0.053032,0.000001 
0.000001,-0.028284,0.035000 0.024749,-0.053033,0.035001 0.024749,-0.053032,0.000001 
-0.000000,-0.077782,0.000000 0.024749,-0.053032,0.000001 -0.000001,-0.077780,0.035001 
0.024749,-0.053032,0.000001 0.024749,-0.053033,0.035001 -0.000001,-0.077780,0.035001 
0.000001,-0.028284,0.000000 -0.024747,-0.053031,0.000000 0.000001,-0.028284,0.035000 
-0.024747,-0.053031,0.000000 -0.024747,-0.053031,0.035000 0.000001,-0.028284,0.035000 
-0.038891,-0.067174,0.035000 -0.063640,-0.091922,0.035000 -0.038891,-0.116671,0.035000 
-0.038891,-0.116671,0.035000 -0.014143,-0.091923,0.035000 -0.038891,-0.067174,0.035000 
-0.063637,-0.091922,0.035000 -0.063637,-0.091922,0.000000 -0.038892,-0.116670,0.035001 
-0.063637,-0.091922,0.000000 -0.038891,-0.116673,0.000000 -0.038892,-0.116670,0.035001 
-0.038890,-0.067174,0.000000 -0.038890,-0.067174,0.035000 -0.014141,-0.091923,0.000001 
-0.038890,-0.067174,0.035000 -0.014142,-0.091924,0.035001 -0.014141,-0.091923,0.000001 
-0.038891,-0.116673,0.000000 -0.014141,-0.091923,0.000001 -0.038892,-0.116670,0.035001 
-0.014141,-0.091923,0.000001 -0.014142,-0.091924,0.035001 -0.038892,-0.116670,0.035001 
-0.038890,-0.067174,0.000000 -0.063637,-0.091922,0.000000 -0.038890,-0.067174,0.035000 
-0.063637,-0.091922,0.000000 -0.063637,-0.091922,0.035000 -0.038890,-0.067174,0.035000 
-0.077782,-0.106065,0.035000 -0.102530,-0.130813,0.035000 -0.077782,-0.155562,0.035000 
-0.077782,-0.155562,0.035000 -0.053034,-0.130814,0.035000 -0.077782,-0.106065,0.035000 
-0.102528,-0.130813,0.035000 -0.102528,-0.130813,0.000000 -0.077782,-0.155561,0.035001 
-0.102528,-0.130813,0.000000 -0.077782,-0.155563,0.000000 -0.077782,-0.155561,0.035001 
-0.077781,-0.106065,0.000000 -0.077781,-0.106065,0.035000 -0.053032,-0.130814,0.000001 
-0.077781,-0.106065,0.035000 -0.053033,-0.130815,0.035001 -0.053032,-0.130814,0.000001 
-0.077782,-0.155563,0.000000 -0.053032,-0.130814,0.000001 -0.077782,-0.155561,0.035001 
-0.053032,-0.130814,0.000001 -0.053033,-0.130815,0.035001 -0.077782,-0.155561,0.035001 
-0.077781,-0.106065,0.000000 -0.102528,-0.130813,0.000000 -0.077781,-0.106065,0.035000 
-0.102528,-0.130813,0.000000 -0.102528,-0.130813,0.035000 -0.077781,-0.106065,0.035000 
-0.077782,-0.028283,0.070000 -0.102530,-0.053032,0.070000 -0.077782,-0.077780,0.070000 
-0.077782,-0.077780,0.070000 -0.053034,-0.053032,0.070000 -0.077782,-0.028283,0.070000 
-0.102528,-0.053031,0.035000 -0.102528,-0.053031,0.000000 -0.077782,-0.077780,0.035001 
-0.102528,-0.053031,0.000000 -0.077782,-0.077782,0.000000 -0.077782,-0.077780,0.035001 
-0.077781,-0.028284,0.000000 -0.077781,-0.028284,0.035000 -0.053032,-0.053032,0.000001 
-0.077781,-0.028284,0.035000 -0.053033,-0.053033,0.035001 -0.053032,-0.053032,0.000001 
-0.077782,-0.077782,0.000000 -0.053032,-0.053032,0.000001 -0.077782,-0.077780,0.035001 
-0.053032,-0.053032,0.000001 -0.053033,-0.053033,0.035001 -0.077782,-0.077780,0.035001 
-0.077781,-0.028284,0.000000 -0.102528,-0.053031,0.000000 -0.077781,-0.028284,0.035000 
-0.102528,-0.053031,0.000000 -0.102528,-0.053031,0.035000 -0.077781,-0.028284,0.035000 
-0.102528,-0.053031,0.070000 -0.102528,-0.053031,0.035000 -0.077782,-0.077780,0.070001 
-0.102528,-0.053031,0.035000 -0.077782,-0.077782,0.035000 -0.077782,-0.077780,0.070001 
-0.077781,-0.028284,0.035000 -0.077781,-0.028284,0.070000 -0.053032,-0.053032,0.035001 
-0.077781,-0.028284,0.070000 -0.053033,-0.053033,0.070001 -0.053032,-0.053032,0.035001 
-0.077782,-0.077782,0.035000 -0.053032,-0.053032,0.035001 -0.077782,-0.077780,0.070001 
-0.053032,-0.053032,0.035001 -0.053033,-0.053033,0.070001 -0.077782,-0.077780,0.070001 
-0.077781,-0.028284,0.035000 -0.102528,-0.053031,0.035000 -0.077781,-0.028284,0.070000 
-0.102528,-0.053031,0.035000 -0.102528,-0.053031,0.070000 -0.077781,-0.028284,0.070000 
-0.077782,-0.106065,0.035000 -0.102530,-0.130813,0.035000 -0.077782,-0.155562,0.035000 
-0.077782,-0.155562,0.035000 -0.053034,-0.130814,0.035000 -0.077782,-0.106065,0.035000 
-0.102528,-0.130813,0.035000 -0.102528,-0.130813,0.000000 -0.077782,-0.155561,0.035001 
-0.102528,-0.130813,0.000000 -0.077782,-0.155563,0.000000 -0.077782,-0.155561,0.035001 
-0.077781,-0.106065,0.000000 -0.077781,-0.106065,0.035000 -0.053032,-0.130814,0.000001 
-0.077781,-0.106065,0.035000 -0.053033,-0.130815,0.035001 -0.053032,-0.130814,0.000001 
-0.077782,-0.155563,0.000000 -0.053032,-0.130814,0.000001 -0.077782,-0.155561,0.035001 
-0.053032,-0.130814,0.000001 -0.053033,-0.130815,0.035001 -0.077782,-0.155561,0.035001 
-0.077781,-0.106065,0.000000 -0.102528,-0.130813,0.000000 -0.077781,-0.106065,0.035000 
-0.102528,-0.130813,0.000000 -0.102528,-0.130813,0.035000 -0.077781,-0.106065,0.035000 
-0.116673,-0.067174,0.035000 -0.141421,-0.091922,0.035000 -0.116673,-0.116671,0.035000 
-0.116673,-0.116671,0.035000 -0.091925,-0.091923,0.035000 -0.116673,-0.067174,0.035000 
-0.141419,-0.091922,0.035000 -0.141419,-0.091922,0.000000 -0.116673,-0.116670,0.035001 
-0.141419,-0.091922,0.000000 -0.116673,-0.116673,0.000000 -0.116673,-0.116670,0.035001 
-0.116672,-0.067174,0.000000 -0.116672,-0.067174,0.035000 -0.091923,-0.091923,0.000001 
-0.116672,-0.067174,0.035000 -0.091924,-0.091924,0.035001 -0.091923,-0.091923,0.000001 
-0.116673,-0.116673,0.000000 -0.091923,-0.091923,0.000001 -0.116673,-0.116670,0.035001 
-0.091923,-0.091923,0.000001 -0.091924,-0.091924,0.035001 -0.116673,-0.116670,0.035001 
-0.116672,-0.067174,0.000000 -0.141419,-0.091922,0.000000 -0.116672,-0.067174,0.035000 
-0.141419,-0.091922,0.000000 -0.141419,-0.091922,0.035000 -0.116672,-0.067174,0.035000 
-0.038891,-0.067174,0.035000 -0.063640,-0.091922,0.035000 -0.038891,-0.116671,0.035000 
-0.038891,-0.116671,0.035000 -0.014143,-0.091923,0.035000 -0.038891,-0.067174,0.035000 
-0.063637,-0.091922,0.035000 -0.063637,-0.091922,0.000000 -0.038892,-0.116670,0.035001 
-0.063637,-0.091922,0.000000 -0.038891,-0.116673,0.000000 -0.038892,-0.116670,0.035001 
-0.038890,-0.067174,0.000000 -0.038890,-0.067174,0.035000 -0.014141,-0.091923,0.000001 
-0.038890,-0.067174,0.035000 -0.014142,-0.091924,0.035001 -0.014141,-0.091923,0.000001 
-0.038891,-0.116673,0.000000 -0.014141,-0.091923,0.000001 -0.038892,-0.116670,0.035001 
-0.014141,-0.091923,0.000001 -0.014142,-0.091924,0.035001 -0.038892,-0.116670,0.035001 
-0.038890,-0.067174,0.000000 -0.063637,-0.091922,0.000000 -0.038890,-0.067174,0.035000 
-0.063637,-0.091922,0.000000 -0.063637,-0.091922,0.035000 -0.038890,-0.067174,0.035000 
-0.000000,-0.028283,0.035000 -0.024749,-0.053032,0.035000 -0.000000,-0.077780,0.035000 
-0.000000,-0.077780,0.035000 0.024748,-0.053032,0.035000 -0.000000,-0.028283,0.035000 
-0.024747,-0.053031,0.035000 -0.024747,-0.053031,0.000000 -0.000001,-0.077780,0.035001 
-0.024747,-0.053031,0.000000 -0.000000,-0.077782,0.000000 -0.000001,-0.077780,0.035001 
0.000001,-0.028284,0.000000 0.000001,-0.028284,0.035000 0.024749,-0.053032,0.000001 
0.000001,-0.028284,0.035000 0.024749,-0.053033,0.035001 0.024749,-0.053032,0.000001 
-0.000000,-0.077782,0.000000 0.024749,-0.053032,0.000001 -0.000001,-0.077780,0.035001 
0.024749,-0.053032,0.000001 0.024749,-0.053033,0.035001 -0.000001,-0.077780,0.035001 
0.000001,-0.028284,0.000000 -0.024747,-0.053031,0.000000 0.000001,-0.028284,0.035000 
-0.024747,-0.053031,0.000000 -0.024747,-0.053031,0.035000 0.000001,-0.028284,0.035000 
-0.038891,0.010608,0.035000 -0.063640,-0.014141,0.035000 -0.038891,-0.038889,0.035000 
-0.038891,-0.038889,0.035000 -0.014143,-0.014141,0.035000 -0.038891,0.010608,0.035000 
-0.063637,-0.014140,0.035000 -0.063637,-0.014140,0.000000 -0.038892,-0.038889,0.035001 
-0.063637,-0.014140,0.000000 -0.038891,-0.038891,0.000000 -0.038892,-0.038889,0.035001 
-0.038890,0.010607,0.000000 -0.038890,0.010607,0.035000 -0.014141,-0.014141,0.000001 
-0.038890,0.010607,0.035000 -0.014142,-0.014142,0.035001 -0.014141,-0.014141,0.000001 
-0.038891,-0.038891,0.000000 -0.014141,-0.014141,0.000001 -0.038892,-0.038889,0.035001 
-0.014141,-0.014141,0.000001 -0.014142,-0.014142,0.035001 -0.038892,-0.038889,0.035001 
-0.038890,0.010607,0.000000 -0.063637,-0.014140,0.000000 -0.038890,0.010607,0.035000 
-0.063637,-0.014140,0.000000 -0.063637,-0.014140,0.035000 -0.038890,0.010607,0.035000 
-0.077782,0.049499,0.035000 -0.102530,0.024750,0.035000 -0.077782,0.000001,0.035000 
-0.077782,0.000001,0.035000 -0.053034,0.024749,0.035000 -0.077782,0.049499,0.035000 
-0.102528,0.024751,0.035000 -0.102528,0.024751,0.000000 -0.077782,0.000002,0.035001 
-0.102528,0.024751,0.000000 -0.077782,0.000000,0.000000 -0.077782,0.000002,0.035001 
-0.077781,0.049498,0.000000 -0.077781,0.049498,0.035000 -0.053032,0.024749,0.000001 
-0.077781,0.049498,0.035000 -0.053033,0.024749,0.035001 -0.053032,0.024749,0.000001 
-0.077782,0.000000,0.000000 -0.053032,0.024749,0.000001 -0.077782,0.000002,0.035001 
-0.053032,0.024749,0.000001 -0.053033,0.024749,0.035001 -0.077782,0.000002,0.035001 
-0.077781,0.049498,0.000000 -0.102528,0.024751,0.000000 -0.077781,0.049498,0.035000 
-0.102528,0.024751,0.000000 -0.102528,0.024751,0.035000 -0.077781,0.049498,0.035000 
-0.116673,0.010608,0.035000 -0.141421,-0.014141,0.035000 -0.116673,-0.038889,0.035000 
-0.116673,-0.038889,0.035000 -0.091925,-0.014141,0.035000 -0.116673,0.010608,0.035000 
-0.141419,-0.014140,0.035000 -0.141419,-0.014140,0.000000 -0.116673,-0.038889,0.035001 
-0.141419,-0.014140,0.000000 -0.116673,-0.038891,0.000000 -0.116673,-0.038889,0.035001 
-0.116672,0.010607,0.000000 -0.116672,0.010607,0.035000 -0.091923,-0.014141,0.000001 
-0.116672,0.010607,0.035000 -0.091924,-0.014142,0.035001 -0.091923,-0.014141,0.000001 
-0.116673,-0.038891,0.000000 -0.091923,-0.014141,0.000001 -0.116673,-0.038889,0.035001 
-0.091923,-0.014141,0.000001 -0.091924,-0.014142,0.035001 -0.116673,-0.038889,0.035001 
-0.116672,0.010607,0.000000 -0.141419,-0.014140,0.000000 -0.116672,0.010607,0.035000 
-0.141419,-0.014140,0.000000 -0.141419,-0.014140,0.035000 -0.116672,0.010607,0.035000 
-0.155563,-0.028283,0.035000 -0.180312,-0.053032,0.035000 -0.155563,-0.077780,0.035000 
-0.155563,-0.077780,0.035000 -0.130815,-0.053032,0.035000 -0.155563,-0.028283,0.035000 
-0.180310,-0.053031,0.035000 -0.180310,-0.053031,0.000000 -0.155564,-0.077780,0.035001 
-0.180310,-0.053031,0.000000 -0.155563,-0.077782,0.000000 -0.155564,-0.077780,0.035001 
-0.155563,-0.028284,0.000000 -0.155563,-0.028284,0.035000 -0.130814,-0.053032,0.000001 
-0.155563,-0.028284,0.035000 -0.130815,-0.053033,0.035001 -0.130814,-0.053032,0.000001 
-0.155563,-0.077782,0.000000 -0.130814,-0.053032,0.000001 -0.155564,-0.077780,0.035001 
-0.130814,-0.053032,0.000001 -0.130815,-0.053033,0.035001 -0.155564,-0.077780,0.035001 
-0.155563,-0.028284,0.000000 -0.180310,-0.053031,0.000000 -0.155563,-0.028284,0.035000 
-0.180310,-0.053031,0.000000 -0.180310,-0.053031,0.035000 -0.155563,-0.028284,0.035000 
-0.155563,0.049499,0.070000 -0.180312,0.024750,0.070000 -0.155563,0.000001,0.070000 
-0.155563,0.000001,0.070000 -0.130815,0.024749,0.070000 -0.155563,0.049499,0.070000 
-0.180310,0.024751,0.035000 -0.180310,0.024751,0.000000 -0.155564,0.000002,0.035001 
-0.180310,0.024751,0.000000 -0.155563,0.000000,0.000000 -0.155564,0.000002,0.035001 
-0.155563,0.049498,0.000000 -0.155563,0.049498,0.035000 -0.130814,0.024749,0.000001 
-0.155563,0.049498,0.035000 -0.130815,0.024749,0.035001 -0.130814,0.024749,0.000001 
-0.155563,0.000000,0.000000 -0.130814,0.024749,0.000001 -0.155564,0.000002,0.035001 
-0.130814,0.024749,0.000001 -0.130815,0.024749,0.035001 -0.155564,0.000002,0.035001 
-0.155563,0.049498,0.000000 -0.180310,0.024751,0.000000 -0.155563,0.049498,0.035000 
-0.180310,0.024751,0.000000 -0.180310,0.024751,0.035000 -0.155563,0.049498,0.035000 
-0.180310,0.024751,0.070000 -0.180310,0.024751,0.035000 -0.155564,0.000002,0.070001 
-0.180310,0.024751,0.035000 -0.155563,0.000000,0.035000 -0.155564,0.000002,0.070001 
-0.155563,0.049498,0.035000 -0.155563,0.049498,0.070000 -0.130814,0.024749,0.035001 
-0.155563,0.049498,0.070000 -0.130815,0.024749,0.070001 -0.130814,0.024749,0.035001 
-0.155563,0.000000,0.035000 -0.130814,0.024749,0.035001 -0.155564,0.000002,0.070001 
-0.130814,0.024749,0.035001 -0.130815,0.024749,0.070001 -0.155564,0.000002,0.070001 
-0.155563,0.049498,0.035000 -0.180310,0.024751,0.035000 -0.155563,0.049498,0.070000 
-0.180310,0.024751,0.035000 -0.180310,0.024751,0.070000 -0.155563,0.049498,0.070000 
-0.155563,-0.028283,0.035000 -0.180312,-0.053032,0.035000 -0.155563,-0.077780,0.035000 
-0.155563,-0.077780,0.035000 -0.130815,-0.053032,0.035000 -0.155563,-0.028283,0.035000 
-0.180310,-0.053031,0.035000 -0.180310,-0.053031,0.000000 -0.155564,-0.077780,0.035001 
-0.180310,-0.053031,0.000000 -0.155563,-0.077782,0.000000 -0.155564,-0.077780,0.035001 
-0.155563,-0.028284,0.000000 -0.155563,-0.028284,0.035000 -0.130814,-0.053032,0.000001 
-0.155563,-0.028284,0.035000 -0.130815,-0.053033,0.035001 -0.130814,-0.053032,0.000001 
-0.155563,-0.077782,0.000000 -0.130814,-0.053032,0.000001 -0.155564,-0.077780,0.035001 
-0.130814,-0.053032,0.000001 -0.130815,-0.053033,0.035001 -0.155564,-0.077780,0.035001 
-0.155563,-0.028284,0.000000 -0.180310,-0.053031,0.000000 -0.155563,-0.028284,0.035000 
-0.180310,-0.053031,0.000000 -0.180310,-0.053031,0.035000 -0.155563,-0.028284,0.035000 
-0.194454,0.010608,0.035000 -0.219203,-0.014141,0.035000 -0.194454,-0.038889,0.035000 
-0.194454,-0.038889,0.035000 -0.169706,-0.014141,0.035000 -0.194454,0.010608,0.035000 
-0.219201,-0.014140,0.035000 -0.219201,-0.014140,0.000000 -0.194455,-0.038889,0.035001 
-0.219201,-0.014140,0.000000 -0.194454,-0.038891,0.000000 -0.194455,-0.038889,0.035001 
-0.194454,0.010607,0.000000 -0.194454,0.010607,0.035000 -0.169705,-0.014141,0.000001 
-0.194454,0.010607,0.035000 -0.169706,-0.014142,0.035001 -0.169705,-0.014141,0.000001 
-0.194454,-0.038891,0.000000 -0.169705,-0.014141,0.000001 -0.194455,-0.038889,0.035001 
-0.169705,-0.014141,0.000001 -0.169706,-0.014142,0.035001 -0.194455,-0.038889,0.035001 
-0.194454,0.010607,0.000000 -0.219201,-0.014140,0.000000 -0.194454,0.010607,0.035000 
-0.219201,-0.014140,0.000000 -0.219201,-0.014140,0.035000 -0.194454,0.010607,0.035000 
-0.116673,0.010608,0.035000 -0.141421,-0.014141,0.035000 -0.116673,-0.038889,0.035000 
-0.116673,-0.038889,0.035000 -0.091925,-0.014141,0.035000 -0.116673,0.010608,0.035000 
-0.141419,-0.014140,0.035000 -0.141419,-0.014140,0.000000 -0.116673,-0.038889,0.035001 
-0.141419,-0.014140,0.000000 -0.116673,-0.038891,0.000000 -0.116673,-0.038889,0.035001 
-0.116672,0.010607,0.000000 -0.116672,0.010607,0.035000 -0.091923,-0.014141,0.000001 
-0.116672,0.010607,0.035000 -0.091924,-0.014142,0.035001 -0.091923,-0.014141,0.000001 
-0.116673,-0.038891,0.000000 -0.091923,-0.014141,0.000001 -0.116673,-0.038889,0.035001 
-0.091923,-0.014141,0.000001 -0.091924,-0.014142,0.035001 -0.116673,-0.038889,0.035001 
-0.116672,0.010607,0.000000 -0.141419,-0.014140,0.000000 -0.116672,0.010607,0.035000 
-0.141419,-0.014140,0.000000 -0.141419,-0.014140,0.035000 -0.116672,0.010607,0.035000 
-0.077782,0.049499,0.035000 -0.102530,0.024750,0.035000 -0.077782,0.000001,0.035000 
-0.077782,0.000001,0.035000 -0.053034,0.024749,0.035000 -0.077782,0.049499,0.035000 
-0.102528,0.024751,0.035000 -0.102528,0.024751,0.000000 -0.077782,0.000002,0.035001 
-0.102528,0.024751,0.000000 -0.077782,0.000000,0.000000 -0.077782,0.000002,0.035001 
-0.077781,0.049498,0.000000 -0.077781,0.049498,0.035000 -0.053032,0.024749,0.000001 
-0.077781,0.049498,0.035000 -0.053033,0.024749,0.035001 -0.053032,0.024749,0.000001 
-0.077782,0.000000,0.000000 -0.053032,0.024749,0.000001 -0.077782,0.000002,0.035001 
-0.053032,0.024749,0.000001 -0.053033,0.024749,0.035001 -0.077782,0.000002,0.035001 
-0.077781,0.049498,0.000000 -0.102528,0.024751,0.000000 -0.077781,0.049498,0.035000 
-0.102528,0.024751,0.000000 -0.102528,0.024751,0.035000 -0.077781,0.049498,0.035000 
-0.116673,0.088390,0.035000 -0.141421,0.063641,0.035000 -0.116673,0.038892,0.035000 
-0.116673,0.038892,0.035000 -0.091925,0.063640,0.035000 -0.116673,0.088390,0.035000 
-0.141419,0.063642,0.035000 -0.141419,0.063642,0.000000 -0.116673,0.038893,0.035001 
-0.141419,0.063642,0.000000 -0.116673,0.038891,0.000000 -0.116673,0.038893,0.035001 
-0.116672,0.088389,0.000000 -0.116672,0.088389,0.035000 -0.091923,0.063640,0.000001 
-0.116672,0.088389,0.035000 -0.091924,0.063640,0.035001 -0.091923,0.063640,0.000001 
-0.116673,0.038891,0.000000 -0.091923,0.063640,0.000001 -0.116673,0.038893,0.035001 
-0.091923,0.063640,0.000001 -0.091924,0.063640,0.035001 -0.116673,0.038893,0.035001 
-0.116672,0.088389,0.000000 -0.141419,0.063642,0.000000 -0.116672,0.088389,0.035000 
-0.141419,0.063642,0.000000 -0.141419,0.063642,0.035000 -0.116672,0.088389,0.035000 
-0.155563,0.127281,0.035000 -0.180312,0.102532,0.035000 -0.155563,0.077783,0.035000 
-0.155563,0.077783,0.035000 -0.130815,0.102531,0.035000 -0.155563,0.127281,0.035000 
-0.180310,0.102533,0.035000 -0.180310,0.102533,0.000000 -0.155564,0.077784,0.035001 
-0.180310,0.102533,0.000000 -0.155563,0.077782,0.000000 -0.155564,0.077784,0.035001 
-0.155563,0.127280,0.000000 -0.155563,0.127280,0.035000 -0.130814,0.102531,0.000001 
-0.155563,0.127280,0.035000 -0.130815,0.102530,0.035001 -0.130814,0.102531,0.000001 
-0.155563,0.077782,0.000000 -0.130814,0.102531,0.000001 -0.155564,0.077784,0.035001 
-0.130814,0.102531,0.000001 -0.130815,0.102530,0.035001 -0.155564,0.077784,0.035001 
-0.155563,0.127280,0.000000 -0.180310,0.102533,0.000000 -0.155563,0.127280,0.035000 
-0.180310,0.102533,0.000000 -0.180310,0.102533,0.035000 -0.155563,0.127280,0.035000 
-0.194454,0.088390,0.035000 -0.219203,0.063641,0.035000 -0.194454,0.038892,0.035000 
-0.194454,0.038892,0.035000 -0.169706,0.063640,0.035000 -0.194454,0.088390,0.035000 
-0.219201,0.063642,0.035000 -0.219201,0.063642,0.000000 -0.194455,0.038893,0.035001 
-0.219201,0.063642,0.000000 -0.194454,0.038891,0.000000 -0.194455,0.038893,0.035001 
-0.194454,0.088389,0.000000 -0.194454,0.088389,0.035000 -0.169705,0.063640,0.000001 
-0.194454,0.088389,0.035000 -0.169706,0.063640,0.035001 -0.169705,0.063640,0.000001 
-0.194454,0.038891,0.000000 -0.169705,0.063640,0.000001 -0.194455,0.038893,0.035001 
-0.169705,0.063640,0.000001 -0.169706,0.063640,0.035001 -0.194455,0.038893,0.035001 
-0.194454,0.088389,0.000000 -0.219201,0.063642,0.000000 -0.194454,0.088389,0.035000 
-0.219201,0.063642,0.000000 -0.219201,0.063642,0.035000 -0.194454,0.088389,0.035000 
-0.233345,0.049499,0.035000 -0.258094,0.024750,0.035000 -0.233345,0.000001,0.035000 
-0.233345,0.000001,0.035000 -0.208597,0.024749,0.035000 -0.233345,0.049499,0.035000 
-0.258092,0.024751,0.035000 -0.258092,0.024751,0.000000 -0.233346,0.000002,0.035001 
-0.258092,0.024751,0.000000 -0.233345,0.000000,0.000000 -0.233346,0.000002,0.035001 
-0.233345,0.049498,0.000000 -0.233345,0.049498,0.035000 -0.208596,0.024749,0.000001 
-0.233345,0.049498,0.035000 -0.208597,0.024749,0.035001 -0.208596,0.024749,0.000001 
-0.233345,0.000000,0.000000 -0.208596,0.024749,0.000001 -0.233346,0.000002,0.035001 
-0.208596,0.024749,0.000001 -0.208597,0.024749,0.035001 -0.233346,0.000002,0.035001 
-0.233345,0.049498,0.000000 -0.258092,0.024751,0.000000 -0.233345,0.049498,0.035000 
-0.258092,0.024751,0.000000 -0.258092,0.024751,0.035000 -0.233345,0.049498,0.035000 
0.077782,-0.028283,0.070000 0.053033,-0.053032,0.070000 0.077782,-0.077780,0.070000 
0.077782,-0.077780,0.070000 0.102530,-0.053032,0.070000 0.077782,-0.028283,0.070000 
0.053035,-0.053031,0.035000 0.053035,-0.053031,0.000000 0.077781,-0.077780,0.035001 
0.053035,-0.053031,0.000000 0.077782,-0.077782,0.000000 0.077781,-0.077780,0.035001 
0.077782,-0.028284,0.000000 0.077782,-0.028284,0.035000 0.102531,-0.053032,0.000001 
0.077782,-0.028284,0.035000 0.102530,-0.053033,0.035001 0.102531,-0.053032,0.000001 
0.077782,-0.077782,0.000000 0.102531,-0.053032,0.000001 0.077781,-0.077780,0.035001 
0.102531,-0.053032,0.000001 0.102530,-0.053033,0.035001 0.077781,-0.077780,0.035001 
0.077782,-0.028284,0.000000 0.053035,-0.053031,0.000000 0.077782,-0.028284,0.035000 
0.053035,-0.053031,0.000000 0.053035,-0.053031,0.035000 0.077782,-0.028284,0.035000 
0.053035,-0.053031,0.070000 0.053035,-0.053031,0.035000 0.077781,-0.077780,0.070001 
0.053035,-0.053031,0.035000 0.077782,-0.077782,0.035000 0.077781,-0.077780,0.070001 
0.077782,-0.028284,0.035000 0.077782,-0.028284,0.070000 0.102531,-0.053032,0.035001 
0.077782,-0.028284,0.070000 0.102530,-0.053033,0.070001 0.102531,-0.053032,0.035001 
0.077782,-0.077782,0.035000 0.102531,-0.053032,0.035001 0.077781,-0.077780,0.070001 
0.102531,-0.053032,0.035001 0.102530,-0.053033,0.070001 0.077781,-0.077780,0.070001 
0.077782,-0.028284,0.035000 0.053035,-0.053031,0.035000 0.077782,-0.028284,0.070000 
0.053035,-0.053031,0.035000 0.053035,-0.053031,0.070000 0.077782,-0.028284,0.070000 
0.077782,-0.106065,0.035000 0.053033,-0.130813,0.035000 0.077782,-0.155562,0.035000 
0.077782,-0.155562,0.035000 0.102530,-0.130814,0.035000 0.077782,-0.106065,0.035000 
0.053035,-0.130813,0.035000 0.053035,-0.130813,0.000000 0.077781,-0.155561,0.035001 
0.053035,-0.130813,0.000000 0.077782,-0.155563,0.000000 0.077781,-0.155561,0.035001 
0.077782,-0.106065,0.000000 0.077782,-0.106065,0.035000 0.102531,-0.130814,0.000001 
0.077782,-0.106065,0.035000 0.102530,-0.130815,0.035001 0.102531,-0.130814,0.000001 
0.077782,-0.155563,0.000000 0.102531,-0.130814,0.000001 0.077781,-0.155561,0.035001 
0.102531,-0.130814,0.000001 0.102530,-0.130815,0.035001 0.077781,-0.155561,0.035001 
0.077782,-0.106065,0.000000 0.053035,-0.130813,0.000000 0.077782,-0.106065,0.035000 
0.053035,-0.130813,0.000000 0.053035,-0.130813,0.035000 0.077782,-0.106065,0.035000 
0.038891,-0.067174,0.035000 0.014142,-0.091922,0.035000 0.038891,-0.116671,0.035000 
0.038891,-0.116671,0.035000 0.063639,-0.091923,0.035000 0.038891,-0.067174,0.035000 
0.014144,-0.091922,0.035000 0.014144,-0.091922,0.000000 0.038890,-0.116670,0.035001 
0.014144,-0.091922,0.000000 0.038891,-0.116673,0.000000 0.038890,-0.116670,0.035001 
0.038892,-0.067174,0.000000 0.038892,-0.067174,0.035000 0.063640,-0.091923,0.000001 
0.038892,-0.067174,0.035000 0.063640,-0.091924,0.035001 0.063640,-0.091923,0.000001 
0.038891,-0.116673,0.000000 0.063640,-0.091923,0.000001 0.038890,-0.116670,0.035001 
0.063640,-0.091923,0.000001 0.063640,-0.091924,0.035001 0.038890,-0.116670,0.035001 
0.038892,-0.067174,0.000000 0.014144,-0.091922,0.000000 0.038892,-0.067174,0.035000 
0.014144,-0.091922,0.000000 0.014144,-0.091922,0.035000 0.038892,-0.067174,0.035000 
0.116673,-0.067174,0.035000 0.091924,-0.091922,0.035000 0.116673,-0.116671,0.035000 
0.116673,-0.116671,0.035000 0.141421,-0.091923,0.035000 0.116673,-0.067174,0.035000 
0.091926,-0.091922,0.035000 0.091926,-0.091922,0.000000 0.116672,-0.116670,0.035001 
0.091926,-0.091922,0.000000 0.116673,-0.116673,0.000000 0.116672,-0.116670,0.035001 
0.116673,-0.067174,0.000000 0.116673,-0.067174,0.035000 0.141422,-0.091923,0.000001 
0.116673,-0.067174,0.035000 0.141421,-0.091924,0.035001 0.141422,-0.091923,0.000001 
0.116673,-0.116673,0.000000 0.141422,-0.091923,0.000001 0.116672,-0.116670,0.035001 
0.141422,-0.091923,0.000001 0.141421,-0.091924,0.035001 0.116672,-0.116670,0.035001 
0.116673,-0.067174,0.000000 0.091926,-0.091922,0.000000 0.116673,-0.067174,0.035000 
0.091926,-0.091922,0.000000 0.091926,-0.091922,0.035000 0.116673,-0.067174,0.035000 
0.155563,-0.028283,0.035000 0.130815,-0.053032,0.035000 0.155563,-0.077780,0.035000 
0.155563,-0.077780,0.035000 0.180312,-0.053032,0.035000 0.155563,-0.028283,0.035000 
0.130817,-0.053031,0.035000 0.130817,-0.053031,0.000000 0.155563,-0.077780,0.035001 
0.130817,-0.053031,0.000000 0.155563,-0.077782,0.000000 0.155563,-0.077780,0.035001 
0.155564,-0.028284,0.000000 0.155564,-0.028284,0.035000 0.180313,-0.053032,0.000001 
0.155564,-0.028284,0.035000 0.180312,-0.053033,0.035001 0.180313,-0.053032,0.000001 
0.155563,-0.077782,0.000000 0.180313,-0.053032,0.000001 0.155563,-0.077780,0.035001 
0.180313,-0.053032,0.000001 0.180312,-0.053033,0.035001 0.155563,-0.077780,0.035001 
0.155564,-0.028284,0.000000 0.130817,-0.053031,0.000000 0.155564,-0.028284,0.035000 
0.130817,-0.053031,0.000000 0.130817,-0.053031,0.035000 0.155564,-0.028284,0.035000 
0.116673,0.010608,0.035000 0.091924,-0.014141,0.035000 0.116673,-0.038889,0.035000 
0.116673,-0.038889,0.035000 0.141421,-0.014141,0.035000 0.116673,0.010608,0.035000 
0.091926,-0.014140,0.035000 0.091926,-0.014140,0.000000 0.116672,-0.038889,0.035001 
0.091926,-0.014140,0.000000 0.116673,-0.038891,0.000000 0.116672,-0.038889,0.035001 
0.116673,0.010607,0.000000 0.116673,0.010607,0.035000 0.141422,-0.014141,0.000001 
0.116673,0.010607,0.035000 0.141421,-0.014142,0.035001 0.141422,-0.014141,0.000001 
0.116673,-0.038891,0.000000 0.141422,-0.014141,0.000001 0.116672,-0.038889,0.035001 
0.141422,-0.014141,0.000001 0.141421,-0.014142,0.035001 0.116672,-0.038889,0.035001 
0.116673,0.010607,0.000000 0.091926,-0.014140,0.000000 0.116673,0.010607,0.035000 
0.091926,-0.014140,0.000000 0.091926,-0.014140,0.035000 0.116673,0.010607,0.035000 
0.077782,0.049499,0.035000 0.053033,0.024750,0.035000 0.077782,0.000001,0.035000 
0.077782,0.000001,0.035000 0.102530,0.024749,0.035000 0.077782,0.049499,0.035000 
0.053035,0.024751,0.035000 0.053035,0.024751,0.000000 0.077781,0.000002,0.035001 
0.053035,0.024751,0.000000 0.077782,-0.000000,0.000000 0.077781,0.000002,0.035001 
0.077782,0.049498,0.000000 0.077782,0.049498,0.035000 0.102531,0.024749,0.000001 
0.077782,0.049498,0.035000 0.102530,0.024749,0.035001 0.102531,0.024749,0.000001 
0.077782,-0.000000,0.000000 0.102531,0.024749,0.000001 0.077781,0.000002,0.035001 
0.102531,0.024749,0.000001 0.102530,0.024749,0.035001 0.077781,0.000002,0.035001 
0.077782,0.049498,0.000000 0.053035,0.024751,0.000000 0.077782,0.049498,0.035000 
0.053035,0.024751,0.000000 0.053035,0.024751,0.035000 0.077782,0.049498,0.035000 
0.038891,0.010608,0.035000 0.014142,-0.014141,0.035000 0.038891,-0.038889,0.035000 
0.038891,-0.038889,0.035000 0.063639,-0.014141,0.035000 0.038891,0.010608,0.035000 
0.014144,-0.014140,0.035000 0.014144,-0.014140,0.000000 0.038890,-0.038889,0.035001 
0.014144,-0.014140,0.000000 0.038891,-0.038891,0.000000 0.038890,-0.038889,0.035001 
0.038892,0.010607,0.000000 0.038892,0.010607,0.035000 0.063640,-0.014141,0.000001 
0.038892,0.010607,0.035000 0.063640,-0.014142,0.035001 0.063640,-0.014141,0.000001 
0.038891,-0.038891,0.000000 0.063640,-0.014141,0.000001 0.038890,-0.038889,0.035001 
0.063640,-0.014141,0.000001 0.063640,-0.014142,0.035001 0.038890,-0.038889,0.035001 
0.038892,0.010607,0.000000 0.014144,-0.014140,0.000000 0.038892,0.010607,0.035000 
0.014144,-0.014140,0.000000 0.014144,-0.014140,0.035000 0.038892,0.010607,0.035000 
-0.000000,-0.028283,0.035000 -0.024749,-0.053032,0.035000 -0.000000,-0.077780,0.035000 
-0.000000,-0.077780,0.035000 0.024748,-0.053032,0.035000 -0.000000,-0.028283,0.035000 
-0.024747,-0.053031,0.035000 -0.024747,-0.053031,0.000000 -0.000001,-0.077780,0.035001 
-0.024747,-0.053031,0.000000 -0.000000,-0.077782,0.000000 -0.000001,-0.077780,0.035001 
0.000001,-0.028284,0.000000 0.000001,-0.028284,0.035000 0.024749,-0.053032,0.000001 
0.000001,-0.028284,0.035000 0.024749,-0.053033,0.035001 0.024749,-0.053032,0.000001 
-0.000000,-0.077782,0.000000 0.024749,-0.053032,0.000001 -0.000001,-0.077780,0.035001 
0.024749,-0.053032,0.000001 0.024749,-0.053033,0.035001 -0.000001,-0.077780,0.035001 
0.000001,-0.028284,0.000000 -0.024747,-0.053031,0.000000 0.000001,-0.028284,0.035000 
-0.024747,-0.053031,0.000000 -0.024747,-0.053031,0.035000 0.000001,-0.028284,0.035000 
0.155563,0.049499,0.070000 0.130815,0.024750,0.070000 0.155563,0.000001,0.070000 
0.155563,0.000001,0.070000 0.180312,0.024749,0.070000 0.155563,0.049499,0.070000 
0.130817,0.024751,0.035000 0.130817,0.024751,0.000000 0.155563,0.000002,0.035001 
0.130817,0.024751,0.000000 0.155563,-0.000000,0.000000 0.155563,0.000002,0.035001 
0.155564,0.049498,0.000000 0.155564,0.049498,0.035000 0.180313,0.024749,0.000001 
0.155564,0.049498,0.035000 0.180312,0.024749,0.035001 0.180313,0.024749,0.000001 
0.155563,-0.000000,0.000000 0.180313,0.024749,0.000001 0.155563,0.000002,0.035001 
0.180313,0.024749,0.000001 0.180312,0.024749,0.035001 0.155563,0.000002,0.035001 
0.155564,0.049498,0.000000 0.130817,0.024751,0.000000 0.155564,0.049498,0.035000 
0.130817,0.024751,0.000000 0.130817,0.024751,0.035000 0.155564,0.049498,0.035000 
0.130817,0.024751,0.070000 0.130817,0.024751,0.035000 0.155563,0.000002,0.070001 
0.130817,0.024751,0.035000 0.155563,-0.000000,0.035000 0.155563,0.000002,0.070001 
0.155564,0.049498,0.035000 0.155564,0.049498,0.070000 0.180313,0.024749,0.035001 
0.155564,0.049498,0.070000 0.180312,0.024749,0.070001 0.180313,0.024749,0.035001 
0.155563,-0.000000,0.035000 0.180313,0.024749,0.035001 0.155563,0.000002,0.070001 
0.180313,0.024749,0.035001 0.180312,0.024749,0.070001 0.155563,0.000002,0.070001 
0.155564,0.049498,0.035000 0.130817,0.024751,0.035000 0.155564,0.049498,0.070000 
0.130817,0.024751,0.035000 0.130817,0.024751,0.070000 0.155564,0.049498,0.070000 
0.155563,-0.028283,0.035000 0.130815,-0.053032,0.035000 0.155563,-0.077780,0.035000 
0.155563,-0.077780,0.035000 0.180312,-0.053032,0.035000 0.155563,-0.028283,0.035000 
0.130817,-0.053031,0.035000 0.130817,-0.053031,0.000000 0.155563,-0.077780,0.035001 
0.130817,-0.053031,0.000000 0.155563,-0.077782,0.000000 0.155563,-0.077780,0.035001 
0.155564,-0.028284,0.000000 0.155564,-0.028284,0.035000 0.180313,-0.053032,0.000001 
0.155564,-0.028284,0.035000 0.180312,-0.053033,0.035001 0.180313,-0.053032,0.000001 
0.155563,-0.077782,0.000000 0.180313,-0.053032,0.000001 0.155563,-0.077780,0.035001 
0.180313,-0.053032,0.000001 0.180312,-0.053033,0.035001 0.155563,-0.077780,0.035001 
0.155564,-0.028284,0.000000 0.130817,-0.053031,0.000000 0.155564,-0.028284,0.035000 
0.130817,-0.053031,0.000000 0.130817,-0.053031,0.035000 0.155564,-0.028284,0.035000 
0.116673,0.010608,0.035000 0.091924,-0.014141,0.035000 0.116673,-0.038889,0.035000 
0.116673,-0.038889,0.035000 0.141421,-0.014141,0.035000 0.116673,0.010608,0.035000 
0.091926,-0.014140,0.035000 0.091926,-0.014140,0.000000 0.116672,-0.038889,0.035001 
0.091926,-0.014140,0.000000 0.116673,-0.038891,0.000000 0.116672,-0.038889,0.035001 
0.116673,0.010607,0.000000 0.116673,0.010607,0.035000 0.141422,-0.014141,0.000001 
0.116673,0.010607,0.035000 0.141421,-0.014142,0.035001 0.141422,-0.014141,0.000001 
0.116673,-0.038891,0.000000 0.141422,-0.014141,0.000001 0.116672,-0.038889,0.035001 
0.141422,-0.014141,0.000001 0.141421,-0.014142,0.035001 0.116672,-0.038889,0.035001 
0.116673,0.010607,0.000000 0.091926,-0.014140,0.000000 0.116673,0.010607,0.035000 
0.091926,-0.014140,0.000000 0.091926,-0.014140,0.035000 0.116673,0.010607,0.035000 
0.194454,0.010608,0.035000 0.169706,-0.014141,0.035000 0.194454,-0.038889,0.035000 
0.194454,-0.038889,0.035000 0.219202,-0.014141,0.035000 0.194454,0.010608,0.035000 
0.169708,-0.014140,0.035000 0.169708,-0.014140,0.000000 0.194454,-0.038889,0.035001 
0.169708,-0.014140,0.000000 0.194454,-0.038891,0.000000 0.194454,-0.038889,0.035001 
0.194455,0.010607,0.000000 0.194455,0.010607,0.035000 0.219204,-0.014141,0.000001 
0.194455,0.010607,0.035000 0.219203,-0.014142,0.035001 0.219204,-0.014141,0.000001 
0.194454,-0.038891,0.000000 0.219204,-0.014141,0.000001 0.194454,-0.038889,0.035001 
0.219204,-0.014141,0.000001 0.219203,-0.014142,0.035001 0.194454,-0.038889,0.035001 
0.194455,0.010607,0.000000 0.169708,-0.014140,0.000000 0.194455,0.010607,0.035000 
0.169708,-0.014140,0.000000 0.169708,-0.014140,0.035000 0.194455,0.010607,0.035000 
0.233345,0.049499,0.035000 0.208597,0.024750,0.035000 0.233345,0.000001,0.035000 
0.233345,0.000001,0.035000 0.258093,0.024749,0.035000 0.233345,0.049499,0.035000 
0.208599,0.024751,0.035000 0.208599,0.024751,0.000000 0.233345,0.000002,0.035001 
0.208599,0.024751,0.000000 0.233345,-0.000000,0.000000 0.233345,0.000002,0.035001 
0.233346,0.049498,0.000000 0.233346,0.049498,0.035000 0.258095,0.024749,0.000001 
0.233346,0.049498,0.035000 0.258094,0.024749,0.035001 0.258095,0.024749,0.000001 
0.233345,-0.000000,0.000000 0.258095,0.024749,0.000001 0.233345,0.000002,0.035001 
0.258095,0.024749,0.000001 0.258094,0.024749,0.035001 0.233345,0.000002,0.035001 
0.233346,0.049498,0.000000 0.208599,0.024751,0.000000 0.233346,0.049498,0.035000 
0.208599,0.024751,0.000000 0.208599,0.024751,0.035000 0.233346,0.049498,0.035000 
0.194454,0.088390,0.035000 0.169706,0.063641,0.035000 0.194454,0.038892,0.035000 
0.194454,0.038892,0.035000 0.219202,0.063640,0.035000 0.194454,0.088390,0.035000 
0.169708,0.063642,0.035000 0.169708,0.063642,0.000000 0.194454,0.038893,0.035001 
0.169708,0.063642,0.000000 0.194454,0.038891,0.000000 0.194454,0.038893,0.035001 
0.194455,0.088389,0.000000 0.194455,0.088389,0.035000 0.219204,0.063640,0.000001 
0.194455,0.088389,0.035000 0.219203,0.063640,0.035001 0.219204,0.063640,0.000001 
0.194454,0.038891,0.000000 0.219204,0.063640,0.000001 0.194454,0.038893,0.035001 
0.219204,0.063640,0.000001 0.219203,0.063640,0.035001 0.194454,0.038893,0.035001 
0.194455,0.088389,0.000000 0.169708,0.063642,0.000000 0.194455,0.088389,0.035000 
0.169708,0.063642,0.000000 0.169708,0.063642,0.035000 0.194455,0.088389,0.035000 
0.155563,0.127281,0.035000 0.130815,0.102532,0.035000 0.155563,0.077783,0.035000 
0.155563,0.077783,0.035000 0.180312,0.102531,0.035000 0.155563,0.127281,0.035000 
0.130817,0.102533,0.035000 0.130817,0.102533,0.000000 0.155563,0.077784,0.035001 
0.130817,0.102533,0.000000 0.155563,0.077782,0.000000 0.155563,0.077784,0.035001 
0.155564,0.127280,0.000000 0.155564,0.127280,0.035000 0.180313,0.102531,0.000001 
0.155564,0.127280,0.035000 0.180312,0.102530,0.035001 0.180313,0.102531,0.000001 
0.155563,0.077782,0.000000 0.180313,0.102531,0.000001 0.155563,0.077784,0.035001 
0.180313,0.102531,0.000001 0.180312,0.102530,0.035001 0.155563,0.077784,0.035001 
0.155564,0.127280,0.000000 0.130817,0.102533,0.000000 0.155564,0.127280,0.035000 
0.130817,0.102533,0.000000 0.130817,0.102533,0.035000 0.155564,0.127280,0.035000 
0.116673,0.088390,0.035000 0.091924,0.063641,0.035000 0.116673,0.038892,0.035000 
0.116673,0.038892,0.035000 0.141421,0.063640,0.035000 0.116673,0.088390,0.035000 
0.091926,0.063642,0.035000 0.091926,0.063642,0.000000 0.116672,0.038893,0.035001 
0.091926,0.063642,0.000000 0.116673,0.038891,0.000000 0.116672,0.038893,0.035001 
0.116673,0.088389,0.000000 0.116673,0.088389,0.035000 0.141422,0.063640,0.000001 
0.116673,0.088389,0.035000 0.141421,0.063640,0.035001 0.141422,0.063640,0.000001 
0.116673,0.038891,0.000000 0.141422,0.063640,0.000001 0.116672,0.038893,0.035001 
0.141422,0.063640,0.000001 0.141421,0.063640,0.035001 0.116672,0.038893,0.035001 
0.116673,0.088389,0.000000 0.091926,0.063642,0.000000 0.116673,0.088389,0.035000 
0.091926,0.063642,0.000000 0.091926,0.063642,0.035000 0.116673,0.088389,0.035000 
0.077782,0.049499,0.035000 0.053033,0.024750,0.035000 0.077782,0.000001,0.035000 
0.077782,0.000001,0.035000 0.102530,0.024749,0.035000 0.077782,0.049499,0.035000 
0.053035,0.024751,0.035000 0.053035,0.024751,0.000000 0.077781,0.000002,0.035001 
0.053035,0.024751,0.000000 0.077782,-0.000000,0.000000 0.077781,0.000002,0.035001 
0.077782,0.049498,0.000000 0.077782,0.049498,0.035000 0.102531,0.024749,0.000001 
0.077782,0.049498,0.035000 0.102530,0.024749,0.035001 0.102531,0.024749,0.000001 
0.077782,-0.000000,0.000000 0.102531,0.024749,0.000001 0.077781,0.000002,0.035001 
0.102531,0.024749,0.000001 0.102530,0.024749,0.035001 0.077781,0.000002,0.035001 
0.077782,0.049498,0.000000 0.053035,0.024751,0.000000 0.077782,0.049498,0.035000 
0.053035,0.024751,0.000000 0.053035,0.024751,0.035000 0.077782,0.049498,0.035000 
0.077782,0.127281,0.070000 0.053033,0.102532,0.070000 0.077782,0.077783,0.070000 
0.077782,0.077783,0.070000 0.102530,0.102531,0.070000 0.077782,0.127281,0.070000 
0.053035,0.102533,0.035000 0.053035,0.102533,0.000000 0.077781,0.077784,0.035001 
0.053035,0.102533,0.000000 0.077782,0.077782,0.000000 0.077781,0.077784,0.035001 
0.077782,0.127280,0.000000 0.077782,0.127280,0.035000 0.102531,0.102531,0.000001 
0.077782,0.127280,0.035000 0.102530,0.102530,0.035001 0.102531,0.102531,0.000001 
0.077782,0.077782,0.000000 0.102531,0.102531,0.000001 0.077781,0.077784,0.035001 
0.102531,0.102531,0.000001 0.102530,0.102530,0.035001 0.077781,0.077784,0.035001 
0.077782,0.127280,0.000000 0.053035,0.102533,0.000000 0.077782,0.127280,0.035000 
0.053035,0.102533,0.000000 0.053035,0.102533,0.035000 0.077782,0.127280,0.035000 
0.053035,0.102533,0.070000 0.053035,0.102533,0.035000 0.077781,0.077784,0.070001 
0.053035,0.102533,0.035000 0.077782,0.077782,0.035000 0.077781,0.077784,0.070001 
0.077782,0.127280,0.035000 0.077782,0.127280,0.070000 0.102531,0.102531,0.035001 
0.077782,0.127280,0.070000 0.102530,0.102530,0.070001 0.102531,0.102531,0.035001 
0.077782,0.077782,0.035000 0.102531,0.102531,0.035001 0.077781,0.077784,0.070001 
0.102531,0.102531,0.035001 0.102530,0.102530,0.070001 0.077781,0.077784,0.070001 
0.077782,0.127280,0.035000 0.053035,0.102533,0.035000 0.077782,0.127280,0.070000 
0.053035,0.102533,0.035000 0.053035,0.102533,0.070000 0.077782,0.127280,0.070000 
0.077782,0.049499,0.035000 0.053033,0.024750,0.035000 0.077782,0.000001,0.035000 
0.077782,0.000001,0.035000 0.102530,0.024749,0.035000 0.077782,0.049499,0.035000 
0.053035,0.024751,0.035000 0.053035,0.024751,0.000000 0.077781,0.000002,0.035001 
0.053035,0.024751,0.000000 0.077782,-0.000000,0.000000 0.077781,0.000002,0.035001 
0.077782,0.049498,0.000000 0.077782,0.049498,0.035000 0.102531,0.024749,0.000001 
0.077782,0.049498,0.035000 0.102530,0.024749,0.035001 0.102531,0.024749,0.000001 
0.077782,-0.000000,0.000000 0.102531,0.024749,0.000001 0.077781,0.000002,0.035001 
0.102531,0.024749,0.000001 0.102530,0.024749,0.035001 0.077781,0.000002,0.035001 
0.077782,0.049498,0.000000 0.053035,0.024751,0.000000 0.077782,0.049498,0.035000 
0.053035,0.024751,0.000000 0.053035,0.024751,0.035000 0.077782,0.049498,0.035000 
0.038891,0.088390,0.035000 0.014142,0.063641,0.035000 0.038891,0.038892,0.035000 
0.038891,0.038892,0.035000 0.063639,0.063640,0.035000 0.038891,0.088390,0.035000 
0.014144,0.063642,0.035000 0.014144,0.063642,0.000000 0.038890,0.038893,0.035001 
0.014144,0.063642,0.000000 0.038891,0.038891,0.000000 0.038890,0.038893,0.035001 
0.038892,0.088389,0.000000 0.038892,0.088389,0.035000 0.063640,0.063640,0.000001 
0.038892,0.088389,0.035000 0.063640,0.063640,0.035001 0.063640,0.063640,0.000001 
0.038891,0.038891,0.000000 0.063640,0.063640,0.000001 0.038890,0.038893,0.035001 
0.063640,0.063640,0.000001 0.063640,0.063640,0.035001 0.038890,0.038893,0.035001 
0.038892,0.088389,0.000000 0.014144,0.063642,0.000000 0.038892,0.088389,0.035000 
0.014144,0.063642,0.000000 0.014144,0.063642,0.035000 0.038892,0.088389,0.035000 
0.116673,0.088390,0.035000 0.091924,0.063641,0.035000 0.116673,0.038892,0.035000 
0.116673,0.038892,0.035000 0.141421,0.063640,0.035000 0.116673,0.088390,0.035000 
0.091926,0.063642,0.035000 0.091926,0.063642,0.000000 0.116672,0.038893,0.035001 
0.091926,0.063642,0.000000 0.116673,0.038891,0.000000 0.116672,0.038893,0.035001 
0.116673,0.088389,0.000000 0.116673,0.088389,0.035000 0.141422,0.063640,0.000001 
0.116673,0.088389,0.035000 0.141421,0.063640,0.035001 0.141422,0.063640,0.000001 
0.116673,0.038891,0.000000 0.141422,0.063640,0.000001 0.116672,0.038893,0.035001 
0.141422,0.063640,0.000001 0.141421,0.063640,0.035001 0.116672,0.038893,0.035001 
0.116673,0.088389,0.000000 0.091926,0.063642,0.000000 0.116673,0.088389,0.035000 
0.091926,0.063642,0.000000 0.091926,0.063642,0.035000 0.116673,0.088389,0.035000 
0.155563,0.127281,0.035000 0.130815,0.102532,0.035000 0.155563,0.077783,0.035000 
0.155563,0.077783,0.035000 0.180312,0.102531,0.035000 0.155563,0.127281,0.035000 
0.130817,0.102533,0.035000 0.130817,0.102533,0.000000 0.155563,0.077784,0.035001 
0.130817,0.102533,0.000000 0.155563,0.077782,0.000000 0.155563,0.077784,0.035001 
0.155564,0.127280,0.000000 0.155564,0.127280,0.035000 0.180313,0.102531,0.000001 
0.155564,0.127280,0.035000 0.180312,0.102530,0.035001 0.180313,0.102531,0.000001 
0.155563,0.077782,0.000000 0.180313,0.102531,0.000001 0.155563,0.077784,0.035001 
0.180313,0.102531,0.000001 0.180312,0.102530,0.035001 0.155563,0.077784,0.035001 
0.155564,0.127280,0.000000 0.130817,0.102533,0.000000 0.155564,0.127280,0.035000 
0.130817,0.102533,0.000000 0.130817,0.102533,0.035000 0.155564,0.127280,0.035000 
0.116673,0.166172,0.035000 0.091924,0.141423,0.035000 0.116673,0.116674,0.035000 
0.116673,0.116674,0.035000 0.141421,0.141422,0.035000 0.116673,0.166172,0.035000 
0.091926,0.141423,0.035000 0.091926,0.141423,0.000000 0.116672,0.116675,0.035001 
0.091926,0.141423,0.000000 0.116673,0.116673,0.000000 0.116672,0.116675,0.035001 
0.116673,0.166171,0.000000 0.116673,0.166171,0.035000 0.141422,0.141422,0.000001 
0.116673,0.166171,0.035000 0.141421,0.141421,0.035001 0.141422,0.141422,0.000001 
0.116673,0.116673,0.000000 0.141422,0.141422,0.000001 0.116672,0.116675,0.035001 
0.141422,0.141422,0.000001 0.141421,0.141421,0.035001 0.116672,0.116675,0.035001 
0.116673,0.166171,0.000000 0.091926,0.141423,0.000000 0.116673,0.166171,0.035000 
0.091926,0.141423,0.000000 0.091926,0.141423,0.035000 0.116673,0.166171,0.035000 
0.077782,0.205062,0.035000 0.053033,0.180314,0.035000 0.077782,0.155565,0.035000 
0.077782,0.155565,0.035000 0.102530,0.180313,0.035000 0.077782,0.205062,0.035000 
0.053035,0.180314,0.035000 0.053035,0.180314,0.000000 0.077781,0.155566,0.035001 
0.053035,0.180314,0.000000 0.077782,0.155563,0.000000 0.077781,0.155566,0.035001 
0.077782,0.205062,0.000000 0.077782,0.205062,0.035000 0.102531,0.180313,0.000001 
0.077782,0.205062,0.035000 0.102530,0.180312,0.035001 0.102531,0.180313,0.000001 
0.077782,0.155563,0.000000 0.102531,0.180313,0.000001 0.077781,0.155566,0.035001 
0.102531,0.180313,0.000001 0.102530,0.180312,0.035001 0.077781,0.155566,0.035001 
0.077782,0.205062,0.000000 0.053035,0.180314,0.000000 0.077782,0.205062,0.035000 
0.053035,0.180314,0.000000 0.053035,0.180314,0.035000 0.077782,0.205062,0.035000 
0.038891,0.166172,0.035000 0.014142,0.141423,0.035000 0.038891,0.116674,0.035000 
0.038891,0.116674,0.035000 0.063639,0.141422,0.035000 0.038891,0.166172,0.035000 
0.014144,0.141423,0.035000 0.014144,0.141423,0.000000 0.038890,0.116675,0.035001 
0.014144,0.141423,0.000000 0.038891,0.116673,0.000000 0.038890,0.116675,0.035001 
0.038892,0.166171,0.000000 0.038892,0.166171,0.035000 0.063640,0.141422,0.000001 
0.038892,0.166171,0.035000 0.063640,0.141421,0.035001 0.063640,0.141422,0.000001 
0.038891,0.116673,0.000000 0.063640,0.141422,0.000001 0.038890,0.116675,0.035001 
0.063640,0.141422,0.000001 0.063640,0.141421,0.035001 0.038890,0.116675,0.035001 
0.038892,0.166171,0.000000 0.014144,0.141423,0.000000 0.038892,0.166171,0.035000 
0.014144,0.141423,0.000000 0.014144,0.141423,0.035000 0.038892,0.166171,0.035000 
0.000000,0.127281,0.035000 -0.024749,0.102532,0.035000 0.000000,0.077783,0.035000 
0.000000,0.077783,0.035000 0.024748,0.102531,0.035000 0.000000,0.127281,0.035000 
-0.024747,0.102533,0.035000 -0.024747,0.102533,0.000000 -0.000001,0.077784,0.035001 
-0.024747,0.102533,0.000000 0.000000,0.077782,0.000000 -0.000001,0.077784,0.035001 
0.000001,0.127280,0.000000 0.000001,0.127280,0.035000 0.024749,0.102531,0.000001 
0.000001,0.127280,0.035000 0.024749,0.102530,0.035001 0.024749,0.102531,0.000001 
0.000000,0.077782,0.000000 0.024749,0.102531,0.000001 -0.000001,0.077784,0.035001 
0.024749,0.102531,0.000001 0.024749,0.102530,0.035001 -0.000001,0.077784,0.035001 
0.000001,0.127280,0.000000 -0.024747,0.102533,0.000000 0.000001,0.127280,0.035000 
-0.024747,0.102533,0.000000 -0.024747,0.102533,0.035000 0.000001,0.127280,0.035000 
0.000000,0.205062,0.070000 -0.024749,0.180314,0.070000 0.000000,0.155565,0.070000 
0.000000,0.155565,0.070000 0.024748,0.180313,0.070000 0.000000,0.205062,0.070000 
-0.024747,0.180314,0.035000 -0.024747,0.180314,0.000000 -0.000001,0.155566,0.035001 
-0.024747,0.180314,0.000000 0.000000,0.155563,0.000000 -0.000001,0.155566,0.035001 
0.000001,0.205062,0.000000 0.000001,0.205062,0.035000 0.024749,0.180313,0.000001 
0.000001,0.205062,0.035000 0.024749,0.180312,0.035001 0.024749,0.180313,0.000001 
0.000000,0.155563,0.000000 0.024749,0.180313,0.000001 -0.000001,0.155566,0.035001 
0.024749,0.180313,0.000001 0.024749,0.180312,0.035001 -0.000001,0.155566,0.035001 
0.000001,0.205062,0.000000 -0.024747,0.180314,0.000000 0.000001,0.205062,0.035000 
-0.024747,0.180314,0.000000 -0.024747,0.180314,0.035000 0.000001,0.205062,0.035000 
-0.024747,0.180314,0.070000 -0.024747,0.180314,0.035000 -0.000001,0.155566,0.070001 
-0.024747,0.180314,0.035000 0.000000,0.155563,0.035000 -0.000001,0.155566,0.070001 
0.000001,0.205062,0.035000 0.000001,0.205062,0.070000 0.024749,0.180313,0.035001 
0.000001,0.205062,0.070000 0.024749,0.180312,0.070001 0.024749,0.180313,0.035001 
0.000000,0.155563,0.035000 0.024749,0.180313,0.035001 -0.000001,0.155566,0.070001 
0.024749,0.180313,0.035001 0.024749,0.180312,0.070001 -0.000001,0.155566,0.070001 
0.000001,0.205062,0.035000 -0.024747,0.180314,0.035000 0.000001,0.205062,0.070000 
-0.024747,0.180314,0.035000 -0.024747,0.180314,0.070000 0.000001,0.205062,0.070000 
0.000000,0.127281,0.035000 -0.024749,0.102532,0.035000 0.000000,0.077783,0.035000 
0.000000,0.077783,0.035000 0.024748,0.102531,0.035000 0.000000,0.127281,0.035000 
-0.024747,0.102533,0.035000 -0.024747,0.102533,0.000000 -0.000001,0.077784,0.035001 
-0.024747,0.102533,0.000000 0.000000,0.077782,0.000000 -0.000001,0.077784,0.035001 
0.000001,0.127280,0.000000 0.000001,0.127280,0.035000 0.024749,0.102531,0.000001 
0.000001,0.127280,0.035000 0.024749,0.102530,0.035001 0.024749,0.102531,0.000001 
0.000000,0.077782,0.000000 0.024749,0.102531,0.000001 -0.000001,0.077784,0.035001 
0.024749,0.102531,0.000001 0.024749,0.102530,0.035001 -0.000001,0.077784,0.035001 
0.000001,0.127280,0.000000 -0.024747,0.102533,0.000000 0.000001,0.127280,0.035000 
-0.024747,0.102533,0.000000 -0.024747,0.102533,0.035000 0.000001,0.127280,0.035000 
-0.038891,0.166172,0.035000 -0.063640,0.141423,0.035000 -0.038891,0.116674,0.035000 
-0.038891,0.116674,0.035000 -0.014143,0.141422,0.035000 -0.038891,0.166172,0.035000 
-0.063637,0.141423,0.035000 -0.063637,0.141423,0.000000 -0.038892,0.116675,0.035001 
-0.063637,0.141423,0.000000 -0.038891,0.116673,0.000000 -0.038892,0.116675,0.035001 
-0.038890,0.166171,0.000000 -0.038890,0.166171,0.035000 -0.014141,0.141422,0.000001 
-0.038890,0.166171,0.035000 -0.014142,0.141421,0.035001 -0.014141,0.141422,0.000001 
-0.038891,0.116673,0.000000 -0.014141,0.141422,0.000001 -0.038892,0.116675,0.035001 
-0.014141,0.141422,0.000001 -0.014142,0.141421,0.035001 -0.038892,0.116675,0.035001 
-0.038890,0.166171,0.000000 -0.063637,0.141423,0.000000 -0.038890,0.166171,0.035000 
-0.063637,0.141423,0.000000 -0.063637,0.141423,0.035000 -0.038890,0.166171,0.035000 
0.038891,0.166172,0.035000 0.014142,0.141423,0.035000 0.038891,0.116674,0.035000 
0.038891,0.116674,0.035000 0.063639,0.141422,0.035000 0.038891,0.166172,0.035000 
0.014144,0.141423,0.035000 0.014144,0.141423,0.000000 0.038890,0.116675,0.035001 
0.014144,0.141423,0.000000 0.038891,0.116673,0.000000 0.038890,0.116675,0.035001 
0.038892,0.166171,0.000000 0.038892,0.166171,0.035000 0.063640,0.141422,0.000001 
0.038892,0.166171,0.035000 0.063640,0.141421,0.035001 0.063640,0.141422,0.000001 
0.038891,0.116673,0.000000 0.063640,0.141422,0.000001 0.038890,0.116675,0.035001 
0.063640,0.141422,0.000001 0.063640,0.141421,0.035001 0.038890,0.116675,0.035001 
0.038892,0.166171,0.000000 0.014144,0.141423,0.000000 0.038892,0.166171,0.035000 
0.014144,0.141423,0.000000 0.014144,0.141423,0.035000 0.038892,0.166171,0.035000 
0.077782,0.205062,0.035000 0.053033,0.180314,0.035000 0.077782,0.155565,0.035000 
0.077782,0.155565,0.035000 0.102530,0.180313,0.035000 0.077782,0.205062,0.035000 
0.053035,0.180314,0.035000 0.053035,0.180314,0.000000 0.077781,0.155566,0.035001 
0.053035,0.180314,0.000000 0.077782,0.155563,0.000000 0.077781,0.155566,0.035001 
0.077782,0.205062,0.000000 0.077782,0.205062,0.035000 0.102531,0.180313,0.000001 
0.077782,0.205062,0.035000 0.102530,0.180312,0.035001 0.102531,0.180313,0.000001 
0.077782,0.155563,0.000000 0.102531,0.180313,0.000001 0.077781,0.155566,0.035001 
0.102531,0.180313,0.000001 0.102530,0.180312,0.035001 0.077781,0.155566,0.035001 
0.077782,0.205062,0.000000 0.053035,0.180314,0.000000 0.077782,0.205062,0.035000 
0.053035,0.180314,0.000000 0.053035,0.180314,0.035000 0.077782,0.205062,0.035000 
0.038891,0.243953,0.035000 0.014142,0.219205,0.035000 0.038891,0.194456,0.035000 
0.038891,0.194456,0.035000 0.063639,0.219204,0.035000 0.038891,0.243953,0.035000 
0.014144,0.219205,0.035000 0.014144,0.219205,0.000000 0.038890,0.194456,0.035001 
0.014144,0.219205,0.000000 0.038891,0.194454,0.000000 0.038890,0.194456,0.035001 
0.038892,0.243953,0.000000 0.038892,0.243953,0.035000 0.063640,0.219204,0.000001 
0.038892,0.243953,0.035000 0.063640,0.219203,0.035001 0.063640,0.219204,0.000001 
0.038891,0.194454,0.000000 0.063640,0.219204,0.000001 0.038890,0.194456,0.035001 
0.063640,0.219204,0.000001 0.063640,0.219203,0.035001 0.038890,0.194456,0.035001 
0.038892,0.243953,0.000000 0.014144,0.219205,0.000000 0.038892,0.243953,0.035000 
0.014144,0.219205,0.000000 0.014144,0.219205,0.035000 0.038892,0.243953,0.035000 
0.000000,0.282844,0.035000 -0.024749,0.258095,0.035000 0.000000,0.233347,0.035000 
0.000000,0.233347,0.035000 0.024748,0.258095,0.035000 0.000000,0.282844,0.035000 
-0.024747,0.258096,0.035000 -0.024747,0.258096,0.000000 -0.000001,0.233347,0.035001 
-0.024747,0.258096,0.000000 0.000000,0.233345,0.000000 -0.000001,0.233347,0.035001 
0.000001,0.282843,0.000000 0.000001,0.282843,0.035000 0.024749,0.258095,0.000001 
0.000001,0.282843,0.035000 0.024749,0.258094,0.035001 0.024749,0.258095,0.000001 
0.000000,0.233345,0.000000 0.024749,0.258095,0.000001 -0.000001,0.233347,0.035001 
0.024749,0.258095,0.000001 0.024749,0.258094,0.035001 -0.000001,0.233347,0.035001 
0.000001,0.282843,0.000000 -0.024747,0.258096,0.000000 0.000001,0.282843,0.035000 
-0.024747,0.258096,0.000000 -0.024747,0.258096,0.035000 0.000001,0.282843,0.035000 
-0.038891,0.243953,0.035000 -0.063640,0.219205,0.035000 -0.038891,0.194456,0.035000 
-0.038891,0.194456,0.035000 -0.014143,0.219204,0.035000 -0.038891,0.243953,0.035000 
-0.063637,0.219205,0.035000 -0.063637,0.219205,0.000000 -0.038892,0.194456,0.035001 
-0.063637,0.219205,0.000000 -0.038891,0.194454,0.000000 -0.038892,0.194456,0.035001 
-0.038890,0.243953,0.000000 -0.038890,0.243953,0.035000 -0.014141,0.219204,0.000001 
-0.038890,0.243953,0.035000 -0.014142,0.219203,0.035001 -0.014141,0.219204,0.000001 
-0.038891,0.194454,0.000000 -0.014141,0.219204,0.000001 -0.038892,0.194456,0.035001 
-0.014141,0.219204,0.000001 -0.014142,0.219203,0.035001 -0.038892,0.194456,0.035001 
-0.038890,0.243953,0.000000 -0.063637,0.219205,0.000000 -0.038890,0.243953,0.035000 
-0.063637,0.219205,0.000000 -0.063637,0.219205,0.035000 -0.038890,0.243953,0.035000 
-0.077782,0.205062,0.035000 -0.102530,0.180314,0.035000 -0.077782,0.155565,0.035000 
-0.077782,0.155565,0.035000 -0.053034,0.180313,0.035000 -0.077782,0.205062,0.035000 
-0.102528,0.180314,0.035000 -0.102528,0.180314,0.000000 -0.077782,0.155566,0.035001 
-0.102528,0.180314,0.000000 -0.077782,0.155563,0.000000 -0.077782,0.155566,0.035001 
-0.077781,0.205062,0.000000 -0.077781,0.205062,0.035000 -0.053032,0.180313,0.000001 
-0.077781,0.205062,0.035000 -0.053033,0.180312,0.035001 -0.053032,0.180313,0.000001 
-0.077782,0.155563,0.000000 -0.053032,0.180313,0.000001 -0.077782,0.155566,0.035001 
-0.053032,0.180313,0.000001 -0.053033,0.180312,0.035001 -0.077782,0.155566,0.035001 
-0.077781,0.205062,0.000000 -0.102528,0.180314,0.000000 -0.077781,0.205062,0.035000 
-0.102528,0.180314,0.000000 -0.102528,0.180314,0.035000 -0.077781,0.205062,0.035000 
-0.077782,0.127281,0.070000 -0.102530,0.102532,0.070000 -0.077782,0.077783,0.070000 
-0.077782,0.077783,0.070000 -0.053034,0.102531,0.070000 -0.077782,0.127281,0.070000 
-0.102528,0.102533,0.035000 -0.102528,0.102533,0.000000 -0.077782,0.077784,0.035001 
-0.102528,0.102533,0.000000 -0.077782,0.077782,0.000000 -0.077782,0.077784,0.035001 
-0.077781,0.127280,0.000000 -0.077781,0.127280,0.035000 -0.053032,0.102531,0.000001 
-0.077781,0.127280,0.035000 -0.053033,0.102530,0.035001 -0.053032,0.102531,0.000001 
-0.077782,0.077782,0.000000 -0.053032,0.102531,0.000001 -0.077782,0.077784,0.035001 
-0.053032,0.102531,0.000001 -0.053033,0.102530,0.035001 -0.077782,0.077784,0.035001 
-0.077781,0.127280,0.000000 -0.102528,0.102533,0.000000 -0.077781,0.127280,0.035000 
-0.102528,0.102533,0.000000 -0.102528,0.102533,0.035000 -0.077781,0.127280,0.035000 
-0.102528,0.102533,0.070000 -0.102528,0.102533,0.035000 -0.077782,0.077784,0.070001 
-0.102528,0.102533,0.035000 -0.077782,0.077782,0.035000 -0.077782,0.077784,0.070001 
-0.077781,0.127280,0.035000 -0.077781,0.127280,0.070000 -0.053032,0.102531,0.035001 
-0.077781,0.127280,0.070000 -0.053033,0.102530,0.070001 -0.053032,0.102531,0.035001 
-0.077782,0.077782,0.035000 -0.053032,0.102531,0.035001 -0.077782,0.077784,0.070001 
-0.053032,0.102531,0.035001 -0.053033,0.102530,0.070001 -0.077782,0.077784,0.070001 
-0.077781,0.127280,0.035000 -0.102528,0.102533,0.035000 -0.077781,0.127280,0.070000 
-0.102528,0.102533,0.035000 -0.102528,0.102533,0.070000 -0.077781,0.127280,0.070000 
-0.077782,0.049499,0.035000 -0.102530,0.024750,0.035000 -0.077782,0.000001,0.035000 
-0.077782,0.000001,0.035000 -0.053034,0.024749,0.035000 -0.077782,0.049499,0.035000 
-0.102528,0.024751,0.035000 -0.102528,0.024751,0.000000 -0.077782,0.000002,0.035001 
-0.102528,0.024751,0.000000 -0.077782,0.000000,0.000000 -0.077782,0.000002,0.035001 
-0.077781,0.049498,0.000000 -0.077781,0.049498,0.035000 -0.053032,0.024749,0.000001 
-0.077781,0.049498,0.035000 -0.053033,0.024749,0.035001 -0.053032,0.024749,0.000001 
-0.077782,0.000000,0.000000 -0.053032,0.024749,0.000001 -0.077782,0.000002,0.035001 
-0.053032,0.024749,0.000001 -0.053033,0.024749,0.035001 -0.077782,0.000002,0.035001 
-0.077781,0.049498,0.000000 -0.102528,0.024751,0.000000 -0.077781,0.049498,0.035000 
-0.102528,0.024751,0.000000 -0.102528,0.024751,0.035000 -0.077781,0.049498,0.035000 
-0.116673,0.088390,0.035000 -0.141421,0.063641,0.035000 -0.116673,0.038892,0.035000 
-0.116673,0.038892,0.035000 -0.091925,0.063640,0.035000 -0.116673,0.088390,0.035000 
-0.141419,0.063642,0.035000 -0.141419,0.063642,0.000000 -0.116673,0.038893,0.035001 
-0.141419,0.063642,0.000000 -0.116673,0.038891,0.000000 -0.116673,0.038893,0.035001 
-0.116672,0.088389,0.000000 -0.116672,0.088389,0.035000 -0.091923,0.063640,0.000001 
-0.116672,0.088389,0.035000 -0.091924,0.063640,0.035001 -0.091923,0.063640,0.000001 
-0.116673,0.038891,0.000000 -0.091923,0.063640,0.000001 -0.116673,0.038893,0.035001 
-0.091923,0.063640,0.000001 -0.091924,0.063640,0.035001 -0.116673,0.038893,0.035001 
-0.116672,0.088389,0.000000 -0.141419,0.063642,0.000000 -0.116672,0.088389,0.035000 
-0.141419,0.063642,0.000000 -0.141419,0.063642,0.035000 -0.116672,0.088389,0.035000 
-0.038891,0.088390,0.035000 -0.063640,0.063641,0.035000 -0.038891,0.038892,0.035000 
-0.038891,0.038892,0.035000 -0.014143,0.063640,0.035000 -0.038891,0.088390,0.035000 
-0.063637,0.063642,0.035000 -0.063637,0.063642,0.000000 -0.038892,0.038893,0.035001 
-0.063637,0.063642,0.000000 -0.038891,0.038891,0.000000 -0.038892,0.038893,0.035001 
-0.038890,0.088389,0.000000 -0.038890,0.088389,0.035000 -0.014141,0.063640,0.000001 
-0.038890,0.088389,0.035000 -0.014142,0.063640,0.035001 -0.014141,0.063640,0.000001 
-0.038891,0.038891,0.000000 -0.014141,0.063640,0.000001 -0.038892,0.038893,0.035001 
-0.014141,0.063640,0.000001 -0.014142,0.063640,0.035001 -0.038892,0.038893,0.035001 
-0.038890,0.088389,0.000000 -0.063637,0.063642,0.000000 -0.038890,0.088389,0.035000 
-0.063637,0.063642,0.000000 -0.063637,0.063642,0.035000 -0.038890,0.088389,0.035000 
0.000000,0.127281,0.035000 -0.024749,0.102532,0.035000 0.000000,0.077783,0.035000 
0.000000,0.077783,0.035000 0.024748,0.102531,0.035000 0.000000,0.127281,0.035000 
-0.024747,0.102533,0.035000 -0.024747,0.102533,0.000000 -0.000001,0.077784,0.035001 
-0.024747,0.102533,0.000000 0.000000,0.077782,0.000000 -0.000001,0.077784,0.035001 
0.000001,0.127280,0.000000 0.000001,0.127280,0.035000 0.024749,0.102531,0.000001 
0.000001,0.127280,0.035000 0.024749,0.102530,0.035001 0.024749,0.102531,0.000001 
0.000000,0.077782,0.000000 0.024749,0.102531,0.000001 -0.000001,0.077784,0.035001 
0.024749,0.102531,0.000001 0.024749,0.102530,0.035001 -0.000001,0.077784,0.035001 
0.000001,0.127280,0.000000 -0.024747,0.102533,0.000000 0.000001,0.127280,0.035000 
-0.024747,0.102533,0.000000 -0.024747,0.102533,0.035000 0.000001,0.127280,0.035000 
-0.038891,0.166172,0.035000 -0.063640,0.141423,0.035000 -0.038891,0.116674,0.035000 
-0.038891,0.116674,0.035000 -0.014143,0.141422,0.035000 -0.038891,0.166172,0.035000 
-0.063637,0.141423,0.035000 -0.063637,0.141423,0.000000 -0.038892,0.116675,0.035001 
-0.063637,0.141423,0.000000 -0.038891,0.116673,0.000000 -0.038892,0.116675,0.035001 
-0.038890,0.166171,0.000000 -0.038890,0.166171,0.035000 -0.014141,0.141422,0.000001 
-0.038890,0.166171,0.035000 -0.014142,0.141421,0.035001 -0.014141,0.141422,0.000001 
-0.038891,0.116673,0.000000 -0.014141,0.141422,0.000001 -0.038892,0.116675,0.035001 
-0.014141,0.141422,0.000001 -0.014142,0.141421,0.035001 -0.038892,0.116675,0.035001 
-0.038890,0.166171,0.000000 -0.063637,0.141423,0.000000 -0.038890,0.166171,0.035000 
-0.063637,0.141423,0.000000 -0.063637,0.141423,0.035000 -0.038890,0.166171,0.035000 
-0.077782,0.205062,0.035000 -0.102530,0.180314,0.035000 -0.077782,0.155565,0.035000 
-0.077782,0.155565,0.035000 -0.053034,0.180313,0.035000 -0.077782,0.205062,0.035000 
-0.102528,0.180314,0.035000 -0.102528,0.180314,0.000000 -0.077782,0.155566,0.035001 
-0.102528,0.180314,0.000000 -0.077782,0.155563,0.000000 -0.077782,0.155566,0.035001 
-0.077781,0.205062,0.000000 -0.077781,0.205062,0.035000 -0.053032,0.180313,0.000001 
-0.077781,0.205062,0.035000 -0.053033,0.180312,0.035001 -0.053032,0.180313,0.000001 
-0.077782,0.155563,0.000000 -0.053032,0.180313,0.000001 -0.077782,0.155566,0.035001 
-0.053032,0.180313,0.000001 -0.053033,0.180312,0.035001 -0.077782,0.155566,0.035001 
-0.077781,0.205062,0.000000 -0.102528,0.180314,0.000000 -0.077781,0.205062,0.035000 
-0.102528,0.180314,0.000000 -0.102528,0.180314,0.035000 -0.077781,0.205062,0.035000 
-0.116673,0.166172,0.035000 -0.141421,0.141423,0.035000 -0.116673,0.116674,0.035000 
-0.116673,0.116674,0.035000 -0.091925,0.141422,0.035000 -0.116673,0.166172,0.035000 
-0.141419,0.141423,0.035000 -0.141419,0.141423,0.000000 -0.116673,0.116675,0.035001 
-0.141419,0.141423,0.000000 -0.116673,0.116673,0.000000 -0.116673,0.116675,0.035001 
-0.116672,0.166171,0.000000 -0.116672,0.166171,0.035000 -0.091923,0.141422,0.000001 
-0.116672,0.166171,0.035000 -0.091924,0.141421,0.035001 -0.091923,0.141422,0.000001 
-0.116673,0.116673,0.000000 -0.091923,0.141422,0.000001 -0.116673,0.116675,0.035001 
-0.091923,0.141422,0.000001 -0.091924,0.141421,0.035001 -0.116673,0.116675,0.035001 
-0.116672,0.166171,0.000000 -0.141419,0.141423,0.000000 -0.116672,0.166171,0.035000 
-0.141419,0.141423,0.000000 -0.141419,0.141423,0.035000 -0.116672,0.166171,0.035000 
-0.155563,0.127281,0.035000 -0.180312,0.102532,0.035000 -0.155563,0.077783,0.035000 
-0.155563,0.077783,0.035000 -0.130815,0.102531,0.035000 -0.155563,0.127281,0.035000 
-0.180310,0.102533,0.035000 -0.180310,0.102533,0.000000 -0.155564,0.077784,0.035001 
-0.180310,0.102533,0.000000 -0.155563,0.077782,0.000000 -0.155564,0.077784,0.035001 
-0.155563,0.127280,0.000000 -0.155563,0.127280,0.035000 -0.130814,0.102531,0.000001 
-0.155563,0.127280,0.035000 -0.130815,0.102530,0.035001 -0.130814,0.102531,0.000001 
-0.155563,0.077782,0.000000 -0.130814,0.102531,0.000001 -0.155564,0.077784,0.035001 
-0.130814,0.102531,0.000001 -0.130815,0.102530,0.035001 -0.155564,0.077784,0.035001 
-0.155563,0.127280,0.000000 -0.180310,0.102533,0.000000 -0.155563,0.127280,0.035000 
-0.180310,0.102533,0.000000 -0.180310,0.102533,0.035000 -0.155563,0.127280,0.035000 
