0.035001,0.035001,0.000001 0.000001,0.035001,0.000001 0.000001,0.000001,0.000000 
0.000001,0.000001,0.000000 0.035000,0.000001,0.000001 0.035001,0.035001,0.000001 
-0.006075,0.035000,0.034468 0.000003,0.035000,0.000000 -0.006077,0.000002,0.034468 
0.000003,0.035000,0.000000 0.000000,0.000000,0.000000 -0.006077,0.000002,0.034468 
0.035001,0.035000,0.000000 0.041079,0.035000,0.034468 0.035001,0.000000,0.000001 
0.041079,0.035000,0.034468 0.041078,0.000000,0.034468 0.035001,0.000000,0.000001 
0.000000,0.000000,0.000000 0.035001,0.000000,0.000001 0.000001,-0.006078,0.034468 
0.035001,0.000000,0.000001 0.035000,-0.006078,0.034468 0.000001,-0.006078,0.034468 
0.035001,0.035000,0.000000 0.000003,0.035000,0.000000 0.035001,0.041078,0.034468 
0.000003,0.035000,0.000000 0.000003,0.041078,0.034468 0.035001,0.041078,0.034468 
