0.035001,0.035001,0.000001 0.000001,0.035001,0.000001 0.000001,0.000001,0.000000 
0.000001,0.000001,0.000000 0.035000,0.000001,0.000001 0.035001,0.035001,0.000001 
-0.022495,0.035000,0.026812 0.000003,0.035000,0.000000 -0.022497,0.000002,0.026812 
0.000003,0.035000,0.000000 0.000000,0.000000,0.000000 -0.022497,0.000002,0.026812 
0.035001,0.035000,0.000000 0.057499,0.035000,0.026812 0.035001,0.000000,0.000001 
0.057499,0.035000,0.026812 0.057498,0.000000,0.026812 0.035001,0.000000,0.000001 
0.000000,0.000000,0.000000 0.035001,0.000000,0.000001 0.000001,-0.022498,0.026812 
0.035001,0.000000,0.000001 0.035000,-0.022498,0.026812 0.000001,-0.022498,0.026812 
0.035001,0.035000,0.000000 0.000003,0.035000,0.000000 0.035001,0.057498,0.026812 
0.000003,0.035000,0.000000 0.000003,0.057498,0.026812 0.035001,0.057498,0.026812 
