0.035001,0.035001,0.000001 0.000001,0.035001,0.000001 0.000001,0.000001,0.000000 
0.000001,0.000001,0.000000 0.035000,0.000001,0.000001 0.035001,0.035001,0.000001 
-0.020072,0.035000,0.028670 0.000003,0.035000,0.000000 -0.020074,0.000002,0.028670 
0.000003,0.035000,0.000000 0.000000,0.000000,0.000000 -0.020074,0.000002,0.028670 
0.035001,0.035000,0.000000 0.055076,0.035000,0.028670 0.035001,0.000000,0.000001 
0.055076,0.035000,0.028670 0.055075,0.000000,0.028670 0.035001,0.000000,0.000001 
0.000000,0.000000,0.000000 0.035001,0.000000,0.000001 0.000001,-0.020075,0.028670 
0.035001,0.000000,0.000001 0.035000,-0.020075,0.028670 0.000001,-0.020075,0.028670 
0.035001,0.035000,0.000000 0.000003,0.035000,0.000000 0.035001,0.055075,0.028670 
0.000003,0.035000,0.000000 0.000003,0.055075,0.028670 0.035001,0.055075,0.028670 
