0.035001,0.035001,0.000001 0.000001,0.035001,0.000001 0.000001,0.000001,0.000000 
0.000001,0.000001,0.000000 0.035000,0.000001,0.000001 0.035001,0.035001,0.000001 
-0.034997,0.035000,0.000000 0.000003,0.035000,0.000000 -0.034999,0.000002,0.000000 
0.000003,0.035000,0.000000 0.000000,0.000000,0.000000 -0.034999,0.000002,0.000000 
0.035001,0.035000,0.000000 0.070001,0.035000,0.000000 0.035001,0.000000,0.000001 
0.070001,0.035000,0.000000 0.070000,0.000000,0.000000 0.035001,0.000000,0.000001 
0.000000,0.000000,0.000000 0.035001,0.000000,0.000001 0.000001,-0.035000,0.000000 
0.035001,0.000000,0.000001 0.035000,-0.035000,0.000000 0.000001,-0.035000,0.000000 
0.035001,0.035000,0.000000 0.000003,0.035000,0.000000 0.035001,0.070000,0.000000 
0.000003,0.035000,0.000000 0.000003,0.070000,0.000000 0.035001,0.070000,0.000000 
