0.035001,0.035001,0.000001 0.000001,0.035001,0.000001 0.000001,0.000001,0.000000 
0.000001,0.000001,0.000000 0.035000,0.000001,0.000001 0.035001,0.035001,0.000001 
-0.026809,0.035000,0.022498 0.000003,0.035000,0.000000 -0.026811,0.000002,0.022498 
0.000003,0.035000,0.000000 0.000000,0.000000,0.000000 -0.026811,0.000002,0.022498 
0.035001,0.035000,0.000000 0.061813,0.035000,0.022498 0.035001,0.000000,0.000001 
0.061813,0.035000,0.022498 0.061812,0.000000,0.022498 0.035001,0.000000,0.000001 
0.000000,0.000000,0.000000 0.035001,0.000000,0.000001 0.000001,-0.026812,0.022498 
0.035001,0.000000,0.000001 0.035000,-0.026812,0.022498 0.000001,-0.026812,0.022498 
0.035001,0.035000,0.000000 0.000003,0.035000,0.000000 0.035001,0.061812,0.022498 
0.000003,0.035000,0.000000 0.000003,0.061812,0.022498 0.035001,0.061812,0.022498 
