0.035001,0.035001,0.000001 0.000001,0.035001,0.000001 0.000001,0.000001,0.000000 
0.000001,0.000001,0.000000 0.035000,0.000001,0.000001 0.035001,0.035001,0.000001 
-0.014789,0.035000,0.031721 0.000003,0.035000,0.000000 -0.014791,0.000002,0.031721 
0.000003,0.035000,0.000000 0.000000,0.000000,0.000000 -0.014791,0.000002,0.031721 
0.035001,0.035000,0.000000 0.049793,0.035000,0.031721 0.035001,0.000000,0.000001 
0.049793,0.035000,0.031721 0.049792,0.000000,0.031721 0.035001,0.000000,0.000001 
0.000000,0.000000,0.000000 0.035001,0.000000,0.000001 0.000001,-0.014792,0.031721 
0.035001,0.000000,0.000001 0.035000,-0.014792,0.031721 0.000001,-0.014792,0.031721 
0.035001,0.035000,0.000000 0.000003,0.035000,0.000000 0.035001,0.049792,0.031721 
0.000003,0.035000,0.000000 0.000003,0.049792,0.031721 0.035001,0.049792,0.031721 
