0.035001,0.035001,0.000001 0.000001,0.035001,0.000001 0.000001,0.000001,0.000000 
0.000001,0.000001,0.000000 0.035000,0.000001,0.000001 0.035001,0.035001,0.000001 
-0.032886,0.035000,0.011971 0.000003,0.035000,0.000000 -0.032888,0.000002,0.011971 
0.000003,0.035000,0.000000 0.000000,0.000000,0.000000 -0.032888,0.000002,0.011971 
0.035001,0.035000,0.000000 0.067890,0.035000,0.011971 0.035001,0.000000,0.000001 
0.067890,0.035000,0.011971 0.067889,0.000000,0.011971 0.035001,0.000000,0.000001 
0.000000,0.000000,0.000000 0.035001,0.000000,0.000001 0.000001,-0.032889,0.011971 
0.035001,0.000000,0.000001 0.035000,-0.032889,0.011971 0.000001,-0.032889,0.011971 
0.035001,0.035000,0.000000 0.000003,0.035000,0.000000 0.035001,0.067889,0.011971 
0.000003,0.035000,0.000000 0.000003,0.067889,0.011971 0.035001,0.067889,0.011971 
