0.035001,0.035001,0.000001 0.000001,0.035001,0.000001 0.000001,0.000001,0.000000 
0.000001,0.000001,0.000000 0.035000,0.000001,0.000001 0.035001,0.035001,0.000001 
-0.030308,0.035000,0.017500 0.000003,0.035000,0.000000 -0.030310,0.000002,0.017500 
0.000003,0.035000,0.000000 0.000000,0.000000,0.000000 -0.030310,0.000002,0.017500 
0.035001,0.035000,0.000000 0.065312,0.035000,0.017500 0.035001,0.000000,0.000001 
0.065312,0.035000,0.017500 0.065311,0.000000,0.017500 0.035001,0.000000,0.000001 
0.000000,0.000000,0.000000 0.035001,0.000000,0.000001 0.000001,-0.030311,0.017500 
0.035001,0.000000,0.000001 0.035000,-0.030311,0.017500 0.000001,-0.030311,0.017500 
0.035001,0.035000,0.000000 0.000003,0.035000,0.000000 0.035001,0.065311,0.017500 
0.000003,0.035000,0.000000 0.000003,0.065311,0.017500 0.035001,0.065311,0.017500 
