0.035001,0.035001,0.000001 0.000001,0.035001,0.000001 0.000001,0.000001,0.000000 
0.000001,0.000001,0.000000 0.035000,0.000001,0.000001 0.035001,0.035001,0.000001 
-0.013108,0.035000,0.032451 0.000003,0.035000,0.000000 -0.013110,0.000002,0.032451 
0.000003,0.035000,0.000000 0.000000,0.000000,0.000000 -0.013110,0.000002,0.032451 
0.035001,0.035000,0.000000 0.048112,0.035000,0.032451 0.035001,0.000000,0.000001 
0.048112,0.035000,0.032451 0.048111,0.000000,0.032451 0.035001,0.000000,0.000001 
0.000000,0.000000,0.000000 0.035001,0.000000,0.000001 0.000001,-0.013111,0.032451 
0.035001,0.000000,0.000001 0.035000,-0.013111,0.032451 0.000001,-0.013111,0.032451 
0.035001,0.035000,0.000000 0.000003,0.035000,0.000000 0.035001,0.048111,0.032451 
0.000003,0.035000,0.000000 0.000003,0.048111,0.032451 0.035001,0.048111,0.032451 
