0.035001,0.035001,0.000001 0.000001,0.035001,0.000001 0.000001,0.000001,0.000000 
0.000001,0.000001,0.000000 0.035000,0.000001,0.000001 0.035001,0.035001,0.000001 
-0.011968,0.035000,0.032889 0.000003,0.035000,0.000000 -0.011970,0.000002,0.032889 
0.000003,0.035000,0.000000 0.000000,0.000000,0.000000 -0.011970,0.000002,0.032889 
0.035001,0.035000,0.000000 0.046972,0.035000,0.032889 0.035001,0.000000,0.000001 
0.046972,0.035000,0.032889 0.046971,0.000000,0.032889 0.035001,0.000000,0.000001 
0.000000,0.000000,0.000000 0.035001,0.000000,0.000001 0.000001,-0.011971,0.032889 
0.035001,0.000000,0.000001 0.035000,-0.011971,0.032889 0.000001,-0.011971,0.032889 
0.035001,0.035000,0.000000 0.000003,0.035000,0.000000 0.035001,0.046971,0.032889 
0.000003,0.035000,0.000000 0.000003,0.046971,0.032889 0.035001,0.046971,0.032889 
