0.035001,0.035001,0.000001 0.000001,0.035001,0.000001 0.000001,0.000001,0.000000 
0.000001,0.000001,0.000000 0.035000,0.000001,0.000001 0.035001,0.035001,0.000001 
-0.034465,0.035000,0.006078 0.000003,0.035000,0.000000 -0.034467,0.000002,0.006078 
0.000003,0.035000,0.000000 0.000000,0.000000,0.000000 -0.034467,0.000002,0.006078 
0.035001,0.035000,0.000000 0.069469,0.035000,0.006078 0.035001,0.000000,0.000001 
0.069469,0.035000,0.006078 0.069468,0.000000,0.006078 0.035001,0.000000,0.000001 
0.000000,0.000000,0.000000 0.035001,0.000000,0.000001 0.000001,-0.034468,0.006078 
0.035001,0.000000,0.000001 0.035000,-0.034468,0.006078 0.000001,-0.034468,0.006078 
0.035001,0.035000,0.000000 0.000003,0.035000,0.000000 0.035001,0.069468,0.006078 
0.000003,0.035000,0.000000 0.000003,0.069468,0.006078 0.035001,0.069468,0.006078 
