0.035001,0.035001,0.000001 0.000001,0.035001,0.000001 0.000001,0.000001,0.000001 
0.000001,0.000001,0.000000 0.035000,0.000001,0.000001 0.035001,0.035001,0.000001 
-0.017497,0.035000,0.030311 0.000003,0.035000,0.000000 -0.017499,0.000002,0.030311 
0.000003,0.035000,0.000000 0.000000,0.000000,0.000000 -0.017499,0.000002,0.030311 
0.035001,0.035000,0.000000 0.052501,0.035000,0.030311 0.035001,0.000000,0.000001 
0.052501,0.035000,0.030311 0.052500,0.000000,0.030311 0.035001,0.000000,0.000001 
0.000000,0.000000,0.000000 0.035001,0.000000,0.000001 0.000001,-0.017500,0.030311 
0.035001,0.000000,0.000001 0.035000,-0.017500,0.030311 0.000001,-0.017500,0.030311 
0.035001,0.035000,0.000000 0.000003,0.035000,0.000000 0.035001,0.052500,0.030311 
0.000003,0.035000,0.000000 0.000003,0.052500,0.030311 0.035001,0.052500,0.030311 
