0.035000,0.000000,0.000000 0.035000,0.037000,0.000000 0.010000,0.000000,0.025000
0.035000,0.037000,0.000000 0.010000,0.000000,0.025000 0.010000,0.037000,0.025000
0.010000,0.000000,0.025000 0.010000,0.037000,0.025000 0.035000,0.000000,0.050000 
0.010000,0.037000,0.025000 0.035000,0.000000,0.050000 0.035000,0.037000,0.050000
0.000000,0.000000,0.000000 0.000000,0.037000,0.000000 -0.025000,0.000000,0.025000 
0.000000,0.037000,0.000000 -0.025000,0.000000,0.025000 -0.025000,0.037000,0.025000 
-0.025000,0.000000,0.025000 -0.025000,0.037000,0.025000 0.000000,0.000000,0.050000 
-0.025000,0.037000,0.025000 0.000000,0.000000,0.050000 0.000000,0.037000,0.050000
0.035000,0.000000,0.050000 0.035000,0.037000,0.050000 0.010000,0.000000,0.075000 
0.035000,0.037000,0.050000 0.010000,0.000000,0.075000 0.010000,0.037000,0.075000 
0.010000,0.000000,0.075000 0.010000,0.037000,0.075000 0.035000,0.000000,0.100000 
0.010000,0.037000,0.075000 0.035000,0.000000,0.100000 0.035000,0.037000,0.100000 
0.000000,0.000000,0.050000 0.000000,0.037000,0.050000 -0.025000,0.000000,0.075000 
0.000000,0.037000,0.050000 -0.025000,0.000000,0.075000 -0.025000,0.037000,0.075000 
-0.025000,0.000000,0.075000 -0.025000,0.037000,0.075000 0.000000,0.000000,0.100000 
-0.025000,0.037000,0.075000 0.000000,0.000000,0.100000 0.000000,0.037000,0.100000
0.035000,0.000000,0.100000 0.035000,0.037000,0.100000 0.010000,0.000000,0.125000 
0.035000,0.037000,0.100000 0.010000,0.000000,0.125000 0.010000,0.037000,0.125000 
0.010000,0.000000,0.125000 0.010000,0.037000,0.125000 0.035000,0.000000,0.150000 
0.010000,0.037000,0.125000 0.035000,0.000000,0.150000 0.035000,0.037000,0.150000 
0.000000,0.000000,0.100000 0.000000,0.037000,0.100000 -0.025000,0.000000,0.125000 
0.000000,0.037000,0.100000 -0.025000,0.000000,0.125000 -0.025000,0.037000,0.125000 
-0.025000,0.000000,0.125000 -0.025000,0.037000,0.125000 0.000000,0.000000,0.150000 
-0.025000,0.037000,0.125000 0.000000,0.000000,0.150000 0.000000,0.037000,0.150000
0.035000,0.000000,0.150000 0.035000,0.037000,0.150000 0.010000,0.000000,0.175000 
0.035000,0.037000,0.150000 0.010000,0.000000,0.175000 0.010000,0.037000,0.175000 
0.010000,0.000000,0.175000 0.010000,0.037000,0.175000 0.035000,0.000000,0.200000 
0.010000,0.037000,0.175000 0.035000,0.000000,0.200000 0.035000,0.037000,0.200000 
0.000000,0.000000,0.150000 0.000000,0.037000,0.150000 -0.025000,0.000000,0.175000 
0.000000,0.037000,0.150000 -0.025000,0.000000,0.175000 -0.025000,0.037000,0.175000 
-0.025000,0.000000,0.175000 -0.025000,0.037000,0.175000 0.000000,0.000000,0.200000 
-0.025000,0.037000,0.175000 0.000000,0.000000,0.200000 0.000000,0.037000,0.200000
0.023000,-0.007000,0.000000 0.017000,-0.007000,0.000000 0.023000,-0.007000,0.190000 
0.023000,-0.007000,0.190000 0.017000,-0.007000,0.000000 0.017000,-0.007000,0.190000 
0.023000,-0.007000,0.000000 0.023000,0.000000,0.000000 0.023000,-0.007000,0.190000 
0.023000,-0.007000,0.190000 0.023000,0.000000,0.000000 0.023000,0.000000,0.190000 
0.017000,-0.007000,0.000000 0.017000,0.000000,0.000000 0.017000,-0.007000,0.190000 
0.017000,-0.007000,0.190000 0.017000,0.000000,0.000000 0.017000,0.000000,0.190000 
0.023000,0.000000,0.000000 0.017000,0.000000,0.000000 0.023000,0.000000,0.190000 
0.023000,0.000000,0.190000 0.017000,0.000000,0.000000 0.017000,0.000000,0.190000 
-0.020000,-0.007000,0.000000 -0.026000,-0.007000,0.000000 -0.020000,-0.007000,0.190000 
-0.020000,-0.007000,0.190000 -0.026000,-0.007000,0.000000 -0.026000,-0.007000,0.190000 
-0.020000,-0.007000,0.000000 -0.020000,0.000000,0.000000 -0.020000,-0.007000,0.190000 
-0.020000,-0.007000,0.190000 -0.020000,0.000000,0.000000 -0.020000,0.000000,0.190000 
-0.026000,-0.007000,0.000000 -0.026000,0.000000,0.000000 -0.026000,-0.007000,0.190000 
-0.026000,-0.007000,0.190000 -0.026000,0.000000,0.000000 -0.026000,0.000000,0.190000 
-0.020000,0.000000,0.000000 -0.026000,0.000000,0.000000 -0.020000,0.000000,0.190000 
-0.020000,0.000000,0.190000 -0.026000,0.000000,0.000000 -0.026000,0.000000,0.190000 
