3.503233,1.911008,16.331163 0.002465,6.713640,22.281296 0.002568,0.308498,29.841539 
9.994294,0.000001,37.121750 4.257767,3.750707,45.330349 9.994558,-0.000000,55.815472 
7.590730,4.485215,65.340057 3.254711,7.434564,46.259285 1.353441,2.266905,62.370613 
5.718558,9.999999,65.387894 2.930482,0.250193,45.385082 7.155741,8.441368,40.955093 
8.878352,0.867219,32.715466 3.613892,4.586339,33.314407 9.992352,7.426408,21.558701 
4.436765,5.483076,33.555973 7.165272,3.659533,24.019804 2.083645,3.949428,25.528784 
10.000021,0.000033,82.723358 9.999957,-0.000001,55.138855 6.391712,9.540149,78.300568 
9.996184,2.950544,61.001099 2.708665,5.678378,61.216770 4.962268,2.030537,36.621204 
9.998807,1.446707,75.734924 0.041584,10.000000,99.999926 0.009980,9.972641,61.297886 
1.915450,0.369625,59.424637 5.142463,6.244684,55.726177 9.999697,6.941001,42.363445 
5.743587,9.633057,61.032742 0.007429,0.000001,62.170769 0.065559,0.000070,83.124817 
2.092722,9.990899,62.319180 8.901959,1.238420,78.642891 5.456126,2.484390,61.463734 
7.221134,3.246942,64.904533 9.534169,10.000000,71.970589 0.257641,8.177733,59.043217 
9.999999,9.999999,-0.000001 10.000000,-0.000000,0.000000 9.999969,0.000022,22.179623 
0.000750,0.965840,38.299183 8.548260,2.980121,56.541035 10.000000,10.000000,37.096447 
3.627007,2.555206,38.956100 9.050032,-0.000001,39.452618 3.909433,4.402215,56.727371 
5.532475,3.996890,53.880161 0.002318,-0.000001,39.996971 0.001792,0.000000,64.920982 
0.134529,0.000143,48.159218 1.670245,-0.000001,23.185785 2.737269,2.761104,42.712727 
-0.000001,9.999999,56.087418 9.994994,5.251793,38.994141 0.000000,10.000001,31.971449 
1.254412,4.911058,41.610901 6.500173,9.992381,35.637154 3.550469,7.643138,49.898113 
0.977595,1.200400,21.503986 10.000000,10.000001,42.596676 8.986192,3.999239,23.427143 
1.397506,9.998846,49.590584 7.783266,4.219549,52.069378 5.210211,6.894614,72.641342 
0.000003,9.999998,45.707577 1.884985,3.929407,26.888136 3.802206,3.250190,51.237129 
10.000001,0.000001,-0.000000 0.003182,9.783959,20.536360 0.000001,0.000002,0.000001 
8.665939,10.000001,25.787085 4.039198,4.842872,20.549627 0.002359,-0.000001,42.135387 
9.999999,10.000002,77.722206 0.593879,2.660361,74.870728 9.999421,9.999495,52.903439 
4.681235,4.233145,42.856323 2.472865,2.233598,46.933144 5.847869,6.616550,50.936798 
2.285299,6.292950,66.864601 0.910926,1.783250,67.870270 8.975972,1.233479,54.501297 
7.044440,6.161571,40.727543 4.077501,3.404083,46.795158 0.009088,9.630721,22.963022 
9.996932,5.875787,53.318356 8.594384,9.089801,49.267918 1.963111,1.801383,71.744843 
9.998289,0.000001,40.939571 4.582312,4.221499,27.809362 9.990935,-0.000001,16.026989 
0.004020,-0.000001,41.057095 0.000771,-0.000000,16.160107 7.670337,4.746647,30.045752 
1.051612,9.816387,35.667191 4.288105,9.998319,11.843510 5.159045,2.076673,13.490054 
6.333417,3.325951,79.355492 9.623259,-0.000000,55.153332 4.462826,9.629328,56.092075 
9.136021,9.092346,58.523041 0.847470,0.339610,49.093323 9.004299,-0.000000,35.435387 
9.990915,-0.000001,100.000008 9.993402,0.000000,63.008713 2.020684,9.699303,85.013977 
0.520966,1.745736,71.262802 9.995465,8.648850,58.046421 0.519619,6.113915,46.671787 
0.000003,0.000002,0.000001 2.905912,9.975563,21.191290 0.000000,9.999998,0.000000 
9.942613,0.000000,5.203894 2.184528,2.617075,20.754343 9.995752,1.597215,24.910051 
9.999999,10.000000,40.826466 8.895984,0.163370,58.603111 1.923583,0.749898,30.726408 
1.696411,8.533692,54.912014 2.538929,9.999819,39.705425 1.596181,-0.000001,31.943180 
9.877703,10.000001,100.000008 5.555159,0.677000,85.787743 9.999999,10.000000,74.572784 
7.863560,10.000002,37.164974 8.126331,-0.000001,46.425541 10.000000,10.002634,24.938108 
8.352482,1.938538,72.685638 2.754803,6.545645,52.220142 7.493483,3.715598,47.812130 
0.000003,9.999999,98.349487 0.000735,0.000000,98.587563 9.992056,10.000001,88.903877 
4.823496,1.759104,53.080124 0.492968,0.000001,39.248013 8.041861,2.169645,61.034836 
9.141527,0.754528,30.928934 9.155541,1.604307,47.415695 4.537137,2.176767,33.328739 
7.778186,-0.000001,57.935555 0.879082,9.237716,41.678638 3.147483,7.448278,59.764557 
5.239783,1.162363,32.840008 8.814821,0.429534,41.115799 6.331199,3.418078,42.128063 
0.005930,-0.000001,75.027321 0.006865,-0.000000,100.000008 10.000000,9.999999,92.044510 
7.380750,2.589914,55.707603 0.000002,10.000000,58.295856 1.592147,1.586440,46.810337 
0.000006,9.999999,75.846306 5.722266,6.657666,58.449532 -0.000001,9.999999,51.327171 
0.000001,9.999998,9.526444 9.977090,0.693609,13.915184 0.000003,9.999997,33.313656 
5.198851,8.480787,34.889042 9.332509,5.933100,49.576817 4.238004,2.504953,25.521938 
0.000000,-0.000000,0.000023 9.999999,10.000001,3.907981 0.007433,0.000000,24.402576 
9.999971,0.000020,42.272144 9.990360,6.938657,59.972588 6.955852,10.000001,40.962406 
1.880441,0.499575,88.515022 8.739153,10.000002,70.862801 1.358208,0.687857,64.313988 
3.638014,9.997696,57.037151 9.990769,4.781043,33.680813 9.992413,0.000002,55.877487 
0.525392,6.030218,19.179077 9.995650,9.753293,31.442680 2.364620,4.362583,33.289707 
0.009939,9.979458,38.741165 2.551720,9.902264,17.306423 2.321970,0.866034,36.039711 
9.999393,-0.000000,83.684448 9.998394,-0.000078,53.524338 6.410819,2.905840,73.125191 
3.583765,-0.000001,19.540634 0.384284,9.833675,36.157639 9.994430,9.245879,17.856104 
0.501476,0.008422,24.460873 3.218529,4.885705,45.017353 5.944589,4.521231,28.478069 
9.999999,10.000000,100.000008 4.135685,0.000001,80.119530 9.999804,-0.000001,100.000008 
0.006878,9.414907,69.866554 5.634104,7.191502,57.504593 1.677959,9.434514,79.212112 
2.864436,-0.000001,20.982567 9.999997,10.000003,31.590384 9.999997,10.000003,6.599404 
4.463756,10.000000,65.342400 0.004627,0.505586,64.106941 7.041950,0.752449,50.619213 
9.990279,1.452786,-0.000001 1.195358,8.120450,10.947215 7.294738,4.731198,34.899746 
0.008838,0.000000,38.994797 8.382160,2.054970,53.212570 0.001588,6.367736,46.887421 
9.999999,10.000002,56.102692 2.973333,-0.000000,31.629679 10.000000,10.000001,31.522247 
0.062371,-0.000001,100.000008 6.345165,8.961256,77.762794 0.000001,10.000001,100.000008 
6.854654,8.381643,60.488380 9.260557,7.160315,50.067074 2.425287,8.355511,57.483639 
9.269809,9.538323,65.576180 7.867376,7.401199,53.433868 9.686273,9.131390,41.706871 
9.994372,8.347200,77.960060 4.443063,8.469427,74.093711 1.241724,2.262779,87.072029 
9.901335,10.000000,17.039396 5.140266,6.096272,17.039396 5.160661,6.096272,8.519698 
0.000000,10.000000,0.000000 5.209994,6.096272,0.000000 5.160661,6.096272,8.519698 
0.000002,9.931332,0.000001 0.000002,-0.000001,-0.000000 10.000000,0.000002,-0.000000 
10.000000,0.000002,-0.000000 10.000000,9.931332,-0.000002 0.000002,9.931332,0.000001 
0.000002,9.999999,17.039396 0.000000,9.999999,8.519698 5.140266,6.096272,17.039396 
0.000000,10.000000,0.000000 5.160661,6.096272,8.519698 0.000000,9.999999,8.519698 
5.140266,6.096272,17.039396 0.000000,9.999999,8.519698 5.160661,6.096272,8.519698 
9.999999,10.000000,0.000000 9.950667,10.000001,8.519699 5.209994,6.096272,0.000000 
9.901335,10.000000,17.039396 5.160661,6.096272,8.519698 9.950667,10.000001,8.519699 
5.209994,6.096272,0.000000 9.950667,10.000001,8.519699 5.160661,6.096272,8.519698 
10.000000,10.000000,99.766586 -0.000000,9.999999,99.766586 0.141144,3.006981,82.369141 
0.141144,3.006981,82.369141 10.000000,10.000000,82.369148 10.000000,10.000000,99.766586 
7.397986,9.451446,90.672653 0.078742,0.278503,99.903381 9.815799,0.176683,100.000008 
1.367166,4.712253,20.555964 1.900063,1.337165,20.498205 3.831965,1.640303,20.498205 
3.831965,1.640303,20.498205 3.677990,4.363873,20.729235 1.367166,4.712253,20.555964 
