3.503233,1.911008,16.331163 0.002465,6.713640,22.281296 0.002568,0.308498,29.841539 
9.994294,0.005903,37.123337 4.257767,3.750707,45.330349 9.994558,0.001685,55.815239 
7.590730,4.485215,65.340057 3.254711,7.434564,46.259285 1.353441,2.266905,62.370613 
5.718558,9.990975,65.380363 2.930482,0.250193,45.385082 7.155741,8.441368,40.955093 
8.878352,0.867219,32.715466 3.613892,4.586339,33.314407 9.992352,7.426408,21.558701 
4.436765,5.483076,33.555973 7.165272,3.659533,24.019804 2.083645,3.949428,25.528784 
9.344067,0.002877,79.219353 9.995851,0.003491,55.138474 8.845685,8.991614,78.300568 
9.996184,2.950544,61.001099 2.708665,5.678378,61.216770 4.962268,2.030537,36.621204 
9.998807,1.446707,75.734924 -0.000001,9.999999,86.295090 0.009980,9.972641,61.297886 
1.915450,0.369625,59.424637 5.142463,6.244684,55.726177 9.999697,6.941001,42.363445 
5.743587,9.633057,61.032742 0.007429,0.001960,62.170826 0.065559,0.000070,83.124817 
2.092722,9.990899,62.319180 8.901959,1.238420,78.642891 5.456126,2.484390,61.463734 
7.221134,3.246942,64.904533 9.534169,9.999428,71.970490 0.257641,8.177733,59.043217 
9.999999,9.999999,-0.000001 10.000000,0.000508,-0.000003 9.549253,0.008617,22.174595 
0.000750,0.965840,38.299183 8.548260,2.980121,56.541035 10.000000,10.000000,37.096447 
3.627007,2.555206,38.956100 9.050032,0.008778,39.455109 3.909433,4.402215,56.727371 
5.532475,3.996890,53.880161 0.002318,0.009870,39.996487 0.001792,0.004987,64.921158 
1.780110,0.003901,48.159798 1.670245,0.001618,23.186766 2.737269,2.761104,42.712727 
-0.000001,9.999999,56.087418 9.994994,5.251793,38.994141 0.000000,10.000001,31.971449 
1.254412,4.911058,41.610901 6.500173,9.992381,35.637154 3.550469,7.643138,49.898113 
0.977595,1.200400,21.503986 10.000000,10.000001,42.596676 8.986192,3.999239,23.427143 
1.397506,9.998846,49.590584 7.783266,4.219549,52.069378 5.210211,6.894614,72.641342 
0.000003,9.999998,45.707577 1.884985,3.929407,26.888136 3.802206,3.250190,51.237129 
10.000001,0.000752,-0.000001 0.003182,9.783959,20.536360 0.000001,0.001263,-0.000001 
8.665939,9.720309,25.772306 4.039198,4.842872,20.549627 0.002359,0.003632,42.130333 
9.999999,10.000002,77.722206 0.593879,2.660361,74.870728 9.999421,9.999495,52.903439 
4.681235,4.233145,42.856323 2.472865,2.233598,46.933144 5.847869,6.616550,50.936798 
2.285299,6.292950,66.864601 0.910926,1.783250,67.870270 8.975972,1.233479,54.501297 
7.044440,6.161571,40.727543 4.077501,3.404083,46.795158 0.009088,9.630721,22.963022 
9.996932,5.875787,53.318356 8.594384,9.089801,49.267918 1.963111,1.801383,71.744843 
9.998289,0.000205,40.939621 4.582312,4.221499,27.809362 9.990935,0.000747,16.027201 
0.004020,0.000560,41.057053 0.000771,0.005532,16.162613 7.670337,4.746647,30.045750 
1.051612,9.816387,35.667191 4.288105,9.998319,11.843510 5.159045,2.076673,13.490054 
6.333417,3.325951,79.355492 9.623259,0.005674,55.155128 4.462826,9.629328,56.092075 
8.137290,8.398107,58.523041 0.847470,0.339610,49.093323 9.004299,0.003112,35.436516 
9.990915,0.100024,99.988396 9.993402,-0.001900,63.008615 2.020684,9.699303,85.013976 
0.520966,1.745736,71.262802 9.995465,8.648850,58.046421 0.519619,6.113915,46.671787 
0.000003,0.002241,0.000000 0.238570,9.999922,21.191290 0.000000,9.999998,0.000000 
9.942613,0.007852,5.204148 2.184528,2.617075,20.754343 9.995752,1.597215,24.910051 
9.999999,10.000000,40.826466 8.895985,0.759795,51.946621 1.923583,0.749898,30.726408 
1.696411,8.533692,54.912014 2.538929,9.999819,39.705425 1.596181,0.000270,31.943228 
9.877703,9.993229,99.993439 5.555159,0.677000,85.787743 9.999999,10.000000,75.065750 
7.863560,9.990510,37.164753 8.126331,0.008512,46.418461 9.113066,9.461245,25.940756 
8.352482,1.938538,72.685638 2.754803,6.545645,52.220142 7.493483,3.715598,47.812130 
0.000003,9.999999,98.349487 0.000735,0.007321,98.587471 9.992056,9.929913,88.899635 
4.823496,1.759104,53.080124 0.492968,0.003216,39.251976 8.041861,2.169645,61.034836 
9.141527,0.754528,30.928934 9.155541,1.604307,47.415695 6.291511,1.055916,31.563536 
7.778186,0.006643,57.936413 0.879082,9.237716,41.678638 3.147483,7.448278,59.764557 
5.239784,0.007141,19.304321 8.814821,0.429534,41.115799 6.331199,3.418078,42.128063 
0.005930,0.009816,75.026894 0.006865,0.000124,99.999535 10.000000,9.999999,92.044510 
7.380750,2.589914,55.707603 0.000002,10.000000,58.295856 1.592147,1.586440,46.810337 
0.000006,9.999997,75.846298 5.722266,6.657666,58.449532 -0.000001,9.999999,51.327171 
0.000001,9.999998,9.526444 9.977090,0.693609,13.915184 0.000003,9.999997,33.313656 
5.198851,8.480787,34.889042 9.332509,5.933100,49.576817 4.238004,2.504953,25.521938 
0.003241,0.000727,1.864119 9.999999,10.000001,3.907981 0.007433,0.002000,24.402796 
9.996191,0.008224,42.271660 9.990360,6.938657,59.972591 6.955852,9.991521,40.965321 
5.191853,0.499575,87.090347 8.739153,9.994070,70.861198 2.995222,2.572984,64.405357 
3.638014,9.997696,57.037151 9.990769,4.781043,33.680813 9.992413,0.000054,55.877483 
0.525392,6.030218,19.179077 9.995650,9.753293,31.442680 2.364620,4.362583,33.289707 
0.008091,9.585461,38.741165 5.207127,8.040132,15.573709 2.321970,0.866034,36.039711 
9.999393,0.000676,83.684448 9.998394,0.001683,59.155758 6.410819,2.905840,73.125191 
3.583765,0.008885,19.543808 0.006715,7.848393,36.157639 9.994430,9.245879,17.856104 
0.501476,0.008422,24.460873 3.218529,4.885705,45.017353 5.944589,4.521231,28.478069 
9.999999,9.999998,99.991264 4.135685,0.002695,80.119270 9.999804,0.004935,99.993027 
0.006878,9.414907,69.866554 5.634104,7.191502,57.504593 1.677959,9.434514,79.212112 
2.864436,0.007524,20.982361 9.999997,10.000003,31.590384 9.999997,10.000003,6.599404 
4.463756,9.971750,65.322128 0.004627,0.505586,64.106941 7.041950,0.752449,50.619213 
9.990279,3.694064,11.241348 1.195358,8.120450,10.947215 7.294738,4.731198,34.899746 
0.008838,0.007277,39.000729 8.382160,2.054970,53.212570 0.001588,6.367736,46.887421 
9.999999,10.000002,56.102692 2.973332,0.002349,52.999878 10.000000,10.000001,31.522247 
0.062371,0.004892,99.990379 2.228664,9.991480,77.766373 0.000001,9.999999,99.996292 
6.854654,8.381643,60.488380 9.260557,7.160315,50.067074 2.425287,8.355511,57.483639 
9.269809,9.538323,65.576180 7.867376,7.401199,53.433868 9.686273,9.131390,41.706871 
9.994372,8.347200,77.960060 4.443063,9.996339,74.703094 1.241724,2.262779,87.072029 
9.901335,9.937685,17.039397 5.140266,6.096272,17.039397 5.160661,6.096272,8.519698 
0.000000,10.000000,0.000000 5.209994,6.096272,0.000000 5.160661,6.096272,8.519698 
0.000002,9.931332,0.000001 0.000002,-0.008356,0.000001 10.000000,-0.008356,-0.000002 
10.000000,-0.008356,-0.000002 10.000000,9.931332,-0.000002 0.000002,9.931332,0.000001 
0.000002,9.999999,17.039397 0.000000,9.999999,8.519698 5.140266,6.096272,17.039397 
0.000000,10.000000,0.000000 5.160661,6.096272,8.519698 0.000000,9.999999,8.519698 
5.140266,6.096272,17.039397 0.000000,9.999999,8.519698 5.160661,6.096272,8.519698 
9.999999,9.937684,0.000001 9.950667,9.937685,8.519699 5.209994,6.096272,0.000000 
9.901335,9.937685,17.039397 5.160661,6.096272,8.519698 9.950667,9.937685,8.519699 
5.209994,6.096272,0.000000 9.950667,9.937685,8.519699 5.160661,6.096272,8.519698 
10.000000,10.000000,99.766588 -0.000000,9.999999,99.766588 -0.000000,10.000001,82.369143 
-0.000000,10.000001,82.369143 10.000000,10.000000,82.369149 10.000000,10.000000,99.766588 
