5.000004,5.000003,89.000000 0.000001,0.000003,100.000000 -0.000000,10.000004,100.000000 
5.000005,5.000002,88.999992 10.000001,0.000003,99.999992 0.000001,0.000003,99.999992 
10.000001,10.000003,99.999992 -0.000000,10.000004,100.000000 5.000005,5.000002,89.000000 
5.000005,5.000001,88.999992 10.000001,10.000003,99.999992 10.000001,0.000002,99.999992 
5.000004,5.000002,88.999992 0.000001,10.000003,77.999992 0.000001,0.000002,77.999992 
0.000003,10.000002,77.999992 10.000001,10.000002,78.000000 5.000005,5.000002,88.999992 
5.000005,5.000001,88.999992 0.000001,0.000002,77.999992 10.000002,0.000002,77.999992 
5.000004,5.000000,88.999992 10.000001,0.000003,78.000000 10.000001,10.000002,77.999992 
0.000001,0.000002,100.000000 0.000001,0.000002,77.999992 5.000005,5.000001,88.999992 
10.000001,10.000003,78.000000 10.000001,10.000003,99.999992 5.000005,5.000001,89.000000 
5.000005,5.000002,88.999992 10.000001,0.000003,99.999992 10.000002,0.000004,78.000000 
0.000001,10.000003,100.000000 0.000001,10.000004,77.999992 5.000005,5.000001,88.999992 
5.000003,5.000002,44.999992 0.000000,0.000002,55.999996 -0.000001,10.000003,55.999996 
5.000004,5.000001,44.999992 10.000000,0.000002,55.999992 0.000000,0.000002,55.999992 
10.000001,10.000002,55.999992 -0.000001,10.000003,55.999996 5.000005,5.000001,44.999992 
5.000004,5.000000,44.999992 10.000001,10.000002,55.999992 10.000001,0.000001,55.999992 
5.000003,5.000001,44.999992 0.000001,10.000002,33.999992 0.000001,0.000001,33.999992 
0.000003,10.000001,33.999992 10.000001,10.000001,33.999992 5.000004,5.000001,44.999992 
5.000005,5.000000,44.999992 0.000001,0.000001,33.999992 10.000002,0.000001,33.999992 
5.000003,4.999999,44.999992 10.000001,0.000002,33.999996 10.000001,10.000001,33.999992 
0.000000,0.000001,55.999996 0.000001,0.000001,33.999992 5.000005,5.000000,44.999992 
10.000001,10.000002,33.999996 10.000000,10.000002,55.999992 5.000004,5.000000,44.999992 
5.000004,5.000001,44.999992 10.000000,0.000002,55.999992 10.000002,0.000003,33.999996 
0.000000,10.000002,55.999996 0.000001,10.000003,33.999992 5.000004,5.000000,44.999992 
5.000003,5.000002,22.999992 -0.000000,0.000002,33.999996 -0.000001,10.000003,33.999996 
5.000004,5.000001,22.999992 9.999999,0.000002,33.999992 -0.000000,0.000002,33.999992 
10.000000,10.000002,33.999992 -0.000001,10.000003,33.999996 5.000005,5.000001,22.999992 
5.000004,5.000000,22.999992 10.000000,10.000002,33.999992 10.000000,0.000001,33.999992 
5.000003,5.000001,22.999992 0.000000,10.000002,11.999993 0.000000,0.000000,11.999993 
0.000002,10.000001,11.999993 10.000000,10.000001,11.999994 5.000004,5.000001,22.999992 
5.000005,5.000000,22.999992 0.000000,0.000000,11.999993 10.000001,0.000000,11.999994 
5.000003,4.999999,22.999992 10.000000,0.000001,11.999996 10.000000,10.000001,11.999994 
-0.000000,0.000001,33.999996 0.000000,0.000000,11.999994 5.000005,5.000000,22.999992 
10.000000,10.000002,11.999996 9.999999,10.000002,33.999992 5.000004,5.000000,22.999992 
5.000004,5.000001,22.999992 9.999999,0.000002,33.999992 10.000001,0.000002,11.999996 
-0.000000,10.000002,33.999996 0.000000,10.000003,11.999994 5.000004,5.000000,22.999992 
5.000000,5.000001,11.000000 -0.000000,0.000001,11.999994 -0.000001,10.000002,11.999994 
5.000001,5.000000,10.999999 9.999999,0.000001,11.999993 -0.000000,0.000001,11.999993 
10.000000,10.000001,11.999993 -0.000001,10.000002,11.999994 5.000002,5.000000,11.000000 
5.000001,4.999999,10.999999 10.000000,10.000001,11.999993 10.000000,0.000000,11.999993 
5.000000,5.000000,10.999999 0.000000,10.000001,-0.000000 0.000000,0.000000,-0.000000 
0.000002,10.000000,-0.000000 10.000000,10.000000,0.000002 5.000001,5.000000,10.999998 
5.000002,4.999999,10.999999 0.000000,0.000000,-0.000000 10.000001,0.000000,0.000001 
5.000000,4.999998,10.999998 10.000000,0.000001,0.000003 10.000000,10.000000,0.000001 
-0.000000,0.000000,11.999994 0.000000,0.000000,0.000001 5.000002,4.999999,10.999999 
10.000000,10.000001,0.000003 9.999999,10.000001,11.999993 5.000001,4.999999,11.000000 
5.000001,5.000000,10.999999 9.999999,0.000001,11.999993 10.000001,0.000002,0.000003 
-0.000000,10.000001,11.999994 0.000000,10.000002,0.000001 5.000001,4.999999,10.999998 
5.000003,5.000003,66.999992 0.000000,0.000003,77.999992 -0.000001,10.000004,77.999992 
5.000004,5.000002,66.999992 10.000000,0.000003,77.999992 0.000000,0.000003,77.999992 
10.000001,10.000003,77.999992 -0.000001,10.000004,77.999992 5.000005,5.000002,66.999992 
5.000004,5.000001,66.999992 10.000001,10.000003,77.999992 10.000001,0.000002,77.999992 
5.000003,5.000002,66.999992 0.000001,10.000003,55.999992 0.000001,0.000002,55.999992 
0.000003,10.000002,55.999992 10.000000,10.000002,55.999992 5.000004,5.000002,66.999992 
5.000005,5.000001,66.999992 0.000001,0.000002,55.999992 10.000001,0.000002,55.999992 
5.000003,5.000000,66.999992 10.000000,0.000003,55.999992 10.000000,10.000002,55.999992 
0.000000,0.000002,77.999992 0.000001,0.000002,55.999992 5.000005,5.000001,66.999992 
10.000000,10.000003,55.999992 10.000000,10.000003,77.999992 5.000004,5.000001,66.999992 
5.000004,5.000002,66.999992 10.000000,0.000003,77.999992 10.000001,0.000004,55.999992 
0.000000,10.000003,77.999992 0.000001,10.000004,55.999992 5.000004,5.000001,66.999992 
