5.000004,5.000003,88.999997 0.000001,0.000003,99.999997 -0.000000,10.000004,99.999997 
5.000005,5.000002,88.999996 10.000001,0.000003,99.999996 0.000001,0.000003,99.999996 
10.000001,10.000003,99.999996 -0.000000,10.000004,99.999997 5.000005,5.000002,88.999997 
5.000005,5.000001,88.999996 10.000001,10.000003,99.999995 10.000001,0.000002,99.999996 
5.000004,5.000002,88.999996 0.000001,10.000003,77.999995 0.000001,0.000002,77.999995 
0.000003,10.000002,77.999995 10.000001,10.000002,77.999997 5.000005,5.000002,88.999995 
5.000005,5.000001,88.999996 0.000001,0.000002,77.999995 10.000002,0.000002,77.999996 
5.000004,5.000000,88.999995 10.000001,0.000003,77.999998 10.000001,10.000002,77.999996 
0.000001,0.000002,99.999998 0.000001,0.000002,77.999996 5.000005,5.000001,88.999996 
10.000001,10.000003,77.999998 10.000001,10.000003,99.999996 5.000005,5.000001,88.999997 
5.000005,5.000002,88.999996 10.000001,0.000003,99.999996 10.000002,0.000004,77.999998 
0.000001,10.000003,99.999997 0.000001,10.000004,77.999996 5.000005,5.000001,88.999995 
5.000003,5.000002,44.999993 0.000000,0.000002,55.999995 -0.000001,10.000003,55.999995 
5.000004,5.000001,44.999992 10.000000,0.000002,55.999993 0.000000,0.000002,55.999993 
10.000001,10.000002,55.999993 -0.000001,10.000003,55.999995 5.000005,5.000001,44.999993 
5.000004,5.000000,44.999992 10.000001,10.000002,55.999993 10.000001,0.000001,55.999993 
5.000003,5.000001,44.999992 0.000001,10.000002,33.999992 0.000001,0.000001,33.999992 
0.000003,10.000001,33.999992 10.000001,10.000001,33.999994 5.000004,5.000001,44.999991 
5.000005,5.000000,44.999992 0.000001,0.000001,33.999992 10.000002,0.000001,33.999993 
5.000003,4.999999,44.999991 10.000001,0.000002,33.999995 10.000001,10.000001,33.999993 
0.000000,0.000001,55.999995 0.000001,0.000001,33.999993 5.000005,5.000000,44.999992 
10.000001,10.000002,33.999995 10.000000,10.000002,55.999993 5.000004,5.000000,44.999993 
5.000004,5.000001,44.999992 10.000000,0.000002,55.999993 10.000002,0.000003,33.999995 
0.000000,10.000002,55.999995 0.000001,10.000003,33.999993 5.000004,5.000000,44.999991 
5.000003,5.000002,22.999993 -0.000000,0.000002,33.999996 -0.000001,10.000003,33.999996 
5.000004,5.000001,22.999993 9.999999,0.000002,33.999993 -0.000000,0.000002,33.999993 
10.000000,10.000002,33.999993 -0.000001,10.000003,33.999996 5.000005,5.000001,22.999993 
5.000004,5.000000,22.999993 10.000000,10.000002,33.999993 10.000000,0.000001,33.999993 
5.000003,5.000001,22.999993 0.000000,10.000002,11.999993 0.000000,0.000000,11.999993 
0.000002,10.000001,11.999993 10.000000,10.000001,11.999994 5.000004,5.000001,22.999993 
5.000005,5.000000,22.999993 0.000000,0.000000,11.999993 10.000001,0.000000,11.999994 
5.000003,4.999999,22.999993 10.000000,0.000001,11.999996 10.000000,10.000001,11.999994 
-0.000000,0.000001,33.999996 0.000000,0.000000,11.999994 5.000005,5.000000,22.999993 
10.000000,10.000002,11.999996 9.999999,10.000002,33.999993 5.000004,5.000000,22.999993 
5.000004,5.000001,22.999993 9.999999,0.000002,33.999993 10.000001,0.000002,11.999996 
-0.000000,10.000002,33.999996 0.000000,10.000003,11.999994 5.000004,5.000000,22.999993 
5.000003,5.000001,0.999993 -0.000000,0.000001,11.999994 -0.000001,10.000002,11.999994 
5.000004,5.000000,0.999992 9.999999,0.000001,11.999993 -0.000000,0.000001,11.999993 
10.000000,10.000001,11.999993 -0.000001,10.000002,11.999994 5.000005,5.000000,0.999993 
5.000004,4.999999,0.999992 10.000000,10.000001,11.999993 10.000000,0.000000,11.999993 
5.000003,5.000000,0.999992 0.000000,10.000001,-0.000000 0.000000,0.000000,-0.000000 
0.000002,10.000000,-0.000000 10.000000,10.000000,0.000002 5.000004,5.000000,0.999991 
5.000005,4.999999,0.999992 0.000000,0.000000,-0.000000 10.000001,0.000000,0.000001 
5.000003,4.999998,0.999991 10.000000,0.000001,0.000003 10.000000,10.000000,0.000001 
-0.000000,0.000000,11.999994 0.000000,0.000000,0.000001 5.000005,4.999999,0.999992 
10.000000,10.000001,0.000003 9.999999,10.000001,11.999993 5.000004,4.999999,0.999993 
5.000004,5.000000,0.999992 9.999999,0.000001,11.999993 10.000001,0.000002,0.000003 
-0.000000,10.000001,11.999994 0.000000,10.000002,0.000001 5.000004,4.999999,0.999991 
5.000003,5.000003,66.999993 0.000000,0.000003,77.999993 -0.000001,10.000004,77.999993 
5.000004,5.000002,66.999993 10.000000,0.000003,77.999993 0.000000,0.000003,77.999993 
10.000001,10.000003,77.999993 -0.000001,10.000004,77.999993 5.000005,5.000002,66.999993 
5.000004,5.000001,66.999993 10.000001,10.000003,77.999993 10.000001,0.000002,77.999993 
5.000003,5.000002,66.999993 0.000001,10.000003,55.999993 0.000001,0.000002,55.999993 
0.000003,10.000002,55.999993 10.000000,10.000002,55.999993 5.000004,5.000002,66.999993 
5.000005,5.000001,66.999993 0.000001,0.000002,55.999993 10.000001,0.000002,55.999993 
5.000003,5.000000,66.999993 10.000000,0.000003,55.999993 10.000000,10.000002,55.999993 
0.000000,0.000002,77.999993 0.000001,0.000002,55.999993 5.000005,5.000001,66.999993 
10.000000,10.000003,55.999993 10.000000,10.000003,77.999993 5.000004,5.000001,66.999993 
5.000004,5.000002,66.999993 10.000000,0.000003,77.999993 10.000001,0.000004,55.999993 
0.000000,10.000003,77.999993 0.000001,10.000004,55.999993 5.000004,5.000001,66.999993 
