5.000000,5.000000,11.000000 -0.000000,0.000000,22.000000 -0.000000,10.000000,22.000000 
5.000000,5.000000,11.000000 10.000000,0.000000,22.000000 -0.000000,0.000000,22.000000 
10.000000,10.000000,22.000000 -0.000000,10.000000,22.000000 5.000000,5.000000,11.000000 
5.000000,5.000000,11.000000 10.000000,10.000000,22.000000 10.000000,0.000000,22.000000 
5.000000,5.000000,11.000000 0.000000,10.000000,-0.000000 0.000000,0.000000,-0.000000 
0.000000,10.000000,-0.000000 10.000000,10.000000,0.000000 5.000000,5.000000,11.000000 
5.000000,5.000000,11.000000 0.000000,0.000000,-0.000000 10.000000,0.000000,0.000000 
5.000000,5.000000,11.000000 10.000000,0.000000,0.000000 10.000000,10.000000,0.000000 
-0.000000,0.000000,22.000000 0.000000,0.000000,0.000000 5.000000,5.000000,11.000000 
10.000000,10.000000,0.000000 10.000000,10.000000,22.000000 5.000000,5.000000,11.000000 
5.000000,5.000000,11.000000 10.000000,0.000000,22.000000 10.000000,0.000000,0.000000 
-0.000000,10.000000,22.000000 0.000000,10.000000,0.000000 5.000000,5.000000,11.000000 
