5.000006,4.000003,84.000001 0.000002,0.000003,100.000001 0.000001,10.000004,100.000001 
5.000006,4.000002,84.000001 10.000002,0.000003,99.999999 0.000002,0.000003,99.999999 
10.000003,10.000003,99.999999 0.000001,10.000004,100.000001 5.000007,4.000002,84.000001 
5.000006,4.000001,84.000001 10.000003,10.000003,99.999997 10.000003,0.000002,99.999999 
5.000006,4.000002,84.000001 0.000003,10.000003,77.999998 0.000003,0.000002,77.999998 
0.000005,10.000002,77.999998 10.000003,10.000002,78.000000 5.000006,4.000002,84.000000 
5.000007,4.000001,84.000001 0.000003,0.000002,77.999998 10.000004,0.000002,77.999999 
5.000006,4.000000,84.000000 10.000003,0.000003,78.000001 10.000003,10.000002,77.999999 
0.000002,0.000002,100.000001 0.000003,0.000002,77.999999 5.000007,4.000001,84.000001 
10.000003,10.000003,78.000001 10.000002,10.000003,99.999999 5.000006,4.000001,84.000001 
5.000006,4.000002,84.000001 10.000002,0.000003,99.999999 10.000004,0.000004,78.000001 
0.000002,10.000003,100.000001 0.000003,10.000004,77.999999 5.000006,4.000001,84.000000 
5.000003,4.000002,40.000004 -0.000001,0.000002,56.000004 -0.000002,10.000003,56.000004 
5.000003,4.000001,40.000004 9.999999,0.000002,56.000002 -0.000001,0.000002,56.000002 
10.000000,10.000002,56.000002 -0.000002,10.000003,56.000004 5.000004,4.000001,40.000004 
5.000003,4.000000,40.000004 10.000000,10.000002,56.000000 10.000000,0.000001,56.000002 
5.000003,4.000001,40.000004 -0.000000,10.000002,34.000001 -0.000000,0.000001,34.000001 
0.000002,10.000001,34.000001 10.000000,10.000001,34.000003 5.000003,4.000001,40.000003 
5.000004,4.000000,40.000004 -0.000000,0.000001,34.000001 10.000001,0.000001,34.000002 
5.000003,3.999999,40.000003 10.000000,0.000002,34.000004 10.000000,10.000001,34.000002 
-0.000001,0.000001,56.000004 -0.000000,0.000001,34.000002 5.000004,4.000000,40.000004 
10.000000,10.000002,34.000004 9.999999,10.000002,56.000002 5.000003,4.000000,40.000004 
5.000003,4.000001,40.000004 9.999999,0.000002,56.000002 10.000001,0.000003,34.000004 
-0.000001,10.000002,56.000004 -0.000000,10.000003,34.000002 5.000003,4.000000,40.000003 
5.000002,4.000001,18.000003 -0.000002,0.000001,34.000003 -0.000003,10.000003,34.000003 
5.000002,4.000000,18.000003 9.999998,0.000001,33.999999 -0.000002,0.000001,33.999999 
9.999999,10.000002,33.999999 -0.000003,10.000003,34.000003 5.000003,4.000000,18.000003 
5.000002,3.999999,18.000003 9.999999,10.000002,33.999999 9.999999,0.000000,33.999999 
5.000002,4.000000,18.000003 -0.000001,10.000002,11.999999 -0.000001,0.000000,11.999999 
0.000001,10.000001,11.999999 9.999999,10.000001,12.000001 5.000002,4.000000,18.000001 
5.000003,3.999999,18.000003 -0.000001,0.000000,11.999999 10.000000,0.000000,12.000001 
5.000002,3.999998,18.000001 9.999999,0.000001,12.000003 9.999999,10.000001,12.000001 
-0.000002,0.000000,34.000003 -0.000001,0.000000,12.000001 5.000003,3.999999,18.000003 
9.999999,10.000002,12.000003 9.999998,10.000002,33.999999 5.000002,3.999999,18.000003 
5.000002,4.000000,18.000003 9.999998,0.000001,33.999999 10.000000,0.000002,12.000003 
-0.000002,10.000002,34.000003 -0.000001,10.000003,12.000001 5.000002,3.999999,18.000001 
5.000003,4.000001,6.000003 -0.000000,0.000001,12.000001 -0.000001,10.000002,12.000001 
5.000003,4.000000,6.000003 10.000000,0.000001,11.999999 -0.000000,0.000001,11.999999 
10.000001,10.000001,11.999999 -0.000001,10.000002,12.000001 5.000004,4.000000,6.000003 
5.000003,3.999999,6.000003 10.000001,10.000001,11.999997 10.000001,-0.000000,11.999999 
5.000003,4.000000,6.000003 0.000001,10.000001,0.000000 0.000001,0.000000,0.000000 
0.000003,10.000000,0.000000 10.000001,10.000000,0.000002 5.000003,4.000000,6.000002 
5.000004,3.999999,6.000003 0.000001,0.000000,0.000000 10.000001,0.000000,0.000001 
5.000003,3.999998,6.000002 10.000001,0.000001,0.000003 10.000001,10.000000,0.000001 
-0.000000,-0.000000,12.000001 0.000001,0.000000,0.000001 5.000004,3.999999,6.000003 
10.000001,10.000001,0.000003 10.000000,10.000001,11.999999 5.000003,3.999999,6.000003 
5.000003,4.000000,6.000003 10.000000,0.000001,11.999999 10.000001,0.000002,0.000003 
-0.000000,10.000001,12.000001 0.000001,10.000002,0.000001 5.000003,3.999999,6.000002 
5.000001,4.000003,62.000007 -0.000003,0.000003,78.000007 -0.000004,10.000004,78.000007 
5.000001,4.000002,62.000007 9.999997,0.000003,78.000007 -0.000003,0.000003,78.000007 
9.999998,10.000003,78.000007 -0.000004,10.000004,78.000007 5.000002,4.000002,62.000007 
5.000001,4.000001,62.000007 9.999998,10.000003,77.999999 9.999998,0.000002,78.000007 
5.000001,4.000002,62.000007 -0.000002,10.000003,55.999999 -0.000002,0.000002,55.999999 
0.000000,10.000002,55.999999 9.999998,10.000002,56.000007 5.000001,4.000002,62.000007 
5.000002,4.000001,62.000007 -0.000002,0.000002,55.999999 9.999999,0.000002,56.000007 
5.000001,3.999999,62.000007 9.999998,0.000003,56.000007 9.999998,10.000002,56.000007 
-0.000003,0.000002,78.000007 -0.000002,0.000002,56.000007 5.000002,4.000001,62.000007 
9.999998,10.000003,56.000007 9.999997,10.000003,78.000007 5.000001,4.000001,62.000007 
5.000001,4.000002,62.000007 9.999997,0.000003,78.000007 9.999999,0.000004,56.000007 
-0.000003,10.000003,78.000007 -0.000002,10.000004,56.000007 5.000001,4.000001,62.000007 
