44.999998,45.000005,5.000003 40.000000,40.000005,10.000001 39.999999,50.000006,10.000001 
44.999999,45.000004,5.000002 50.000000,40.000005,10.000000 40.000000,40.000005,10.000000 
50.000001,50.000005,10.000000 39.999999,50.000006,10.000001 45.000000,45.000004,5.000003 
44.999999,45.000003,5.000002 50.000001,50.000005,9.999999 50.000001,40.000004,10.000000 
40.000003,50.000001,-0.000001 50.000001,50.000001,0.000001 45.000000,45.000001,5.000001 
44.999997,45.000004,5.000001 49.999999,40.000006,0.000002 49.999999,50.000005,-0.000000 
40.000000,40.000004,10.000002 40.000000,40.000004,0.000000 45.000000,45.000003,5.000002 
50.000000,50.000005,0.000002 50.000000,50.000005,10.000000 44.999999,45.000003,5.000003 
44.999999,45.000004,5.000002 50.000000,40.000005,10.000000 50.000001,40.000006,0.000002 
40.000000,50.000005,10.000001 40.000000,50.000006,0.000000 44.999999,45.000003,5.000001 
44.999996,25.000003,5.000003 39.999998,20.000003,10.000001 39.999997,30.000004,10.000001 
44.999997,25.000002,5.000002 49.999998,20.000003,10.000000 39.999998,20.000003,10.000000 
49.999999,30.000003,10.000000 39.999997,30.000004,10.000001 44.999998,25.000002,5.000003 
44.999997,25.000001,5.000002 49.999999,30.000003,9.999999 49.999999,20.000002,10.000000 
44.999996,25.000001,5.000001 49.999997,20.000004,0.000002 49.999997,30.000003,-0.000000 
39.999998,20.000002,10.000002 39.999998,20.000002,0.000000 44.999998,25.000001,5.000002 
49.999998,30.000003,0.000002 49.999998,30.000003,10.000000 44.999997,25.000001,5.000003 
44.999997,25.000002,5.000002 49.999998,20.000003,10.000000 49.999999,20.000004,0.000002 
39.999998,30.000003,10.000001 39.999998,30.000004,0.000000 44.999997,25.000001,5.000001 
24.999995,45.000007,5.000003 19.999997,40.000007,10.000001 19.999996,50.000008,10.000001 
24.999996,45.000006,5.000002 29.999998,40.000007,10.000000 19.999997,40.000007,10.000000 
29.999998,50.000006,10.000000 19.999996,50.000008,10.000001 24.999997,45.000006,5.000003 
24.999996,45.000005,5.000002 29.999998,50.000006,9.999999 29.999998,40.000006,10.000000 
20.000001,50.000002,-0.000001 29.999999,50.000002,0.000001 24.999998,45.000002,5.000001 
24.999995,45.000004,5.000001 29.999998,40.000007,0.000002 29.999998,50.000006,0.000000 
19.999997,40.000006,10.000002 19.999997,40.000006,0.000000 24.999997,45.000005,5.000002 
29.999998,50.000006,0.000002 29.999998,50.000006,10.000000 24.999996,45.000005,5.000003 
24.999996,45.000006,5.000002 29.999998,40.000007,10.000000 29.999998,40.000008,0.000002 
19.999997,50.000006,10.000001 19.999997,50.000008,0.000000 24.999996,45.000005,5.000001 
24.999994,25.000004,5.000003 19.999996,20.000004,10.000001 19.999995,30.000005,10.000001 
24.999995,25.000003,5.000002 29.999996,20.000004,10.000000 19.999996,20.000004,10.000000 
29.999997,30.000004,10.000000 19.999995,30.000005,10.000001 24.999996,25.000003,5.000003 
24.999995,25.000002,5.000002 29.999997,30.000004,9.999999 29.999997,20.000003,10.000000 
19.999996,20.000003,10.000002 19.999996,20.000003,0.000000 24.999996,25.000002,5.000002 
29.999996,30.000004,0.000002 29.999996,30.000004,10.000000 24.999995,25.000002,5.000003 
24.999995,25.000003,5.000002 29.999996,20.000004,10.000000 29.999997,20.000005,0.000002 
14.999995,45.000005,5.000003 9.999997,40.000005,10.000001 9.999996,50.000007,10.000001 
14.999996,45.000004,5.000002 19.999996,40.000005,10.000000 9.999997,40.000005,10.000000 
19.999998,50.000005,10.000000 9.999996,50.000007,10.000001 14.999997,45.000004,5.000003 
14.999996,45.000003,5.000002 19.999998,50.000005,9.999999 19.999998,40.000004,10.000000 
10.000001,50.000002,-0.000001 19.999998,50.000002,0.000001 14.999998,45.000001,5.000001 
9.999997,40.000004,10.000002 9.999997,40.000004,0.000000 14.999997,45.000003,5.000002 
19.999996,50.000005,0.000002 19.999996,50.000005,10.000000 14.999996,45.000003,5.000003 
14.999996,45.000004,5.000002 19.999996,40.000005,10.000000 19.999998,40.000006,0.000002 
9.999997,50.000005,10.000001 9.999997,50.000007,0.000000 14.999996,45.000003,5.000001 
14.999993,25.000003,5.000003 9.999995,20.000003,10.000001 9.999994,30.000004,10.000001 
14.999994,25.000002,5.000002 19.999994,20.000003,10.000000 9.999995,20.000003,10.000000 
19.999996,30.000003,10.000000 9.999994,30.000004,10.000001 14.999995,25.000002,5.000003 
14.999994,25.000001,5.000002 19.999996,30.000003,9.999999 19.999996,20.000002,10.000000 
19.999994,30.000003,0.000002 19.999994,30.000003,10.000000 14.999994,25.000001,5.000003 
14.999994,25.000002,5.000002 19.999994,20.000003,10.000000 19.999996,20.000004,0.000002 
9.999995,30.000003,10.000001 9.999995,30.000004,0.000000 14.999994,25.000001,5.000001 
4.999994,45.000006,5.000003 -0.000004,40.000006,10.000001 -0.000005,50.000007,10.000001 
4.999995,45.000005,5.000002 9.999996,40.000006,10.000000 -0.000004,40.000006,10.000000 
9.999997,50.000005,10.000000 -0.000005,50.000007,10.000001 4.999996,45.000005,5.000003 
4.999995,45.000004,5.000002 9.999997,50.000005,9.999999 9.999997,40.000005,10.000000 
4.999993,45.000006,5.000002 -0.000005,50.000006,-0.000001 -0.000005,40.000006,-0.000001 
-0.000001,50.000002,-0.000001 9.999998,50.000002,0.000001 4.999996,45.000002,5.000001 
-0.000004,40.000005,10.000002 -0.000004,40.000005,0.000000 4.999996,45.000004,5.000002 
9.999996,50.000005,0.000002 9.999996,50.000005,10.000000 4.999995,45.000004,5.000003 
4.999995,45.000005,5.000002 9.999996,40.000006,10.000000 9.999997,40.000007,0.000002 
-0.000004,50.000005,10.000001 -0.000004,50.000007,0.000000 4.999995,45.000004,5.000001 
4.999992,25.000003,5.000003 -0.000006,20.000003,10.000001 -0.000007,30.000004,10.000001 
4.999993,25.000002,5.000002 9.999994,20.000003,10.000000 -0.000006,20.000003,10.000000 
9.999995,30.000003,10.000000 -0.000007,30.000004,10.000001 4.999994,25.000002,5.000003 
4.999993,25.000001,5.000002 9.999995,30.000003,9.999999 9.999995,20.000002,10.000000 
4.999992,25.000003,5.000002 -0.000006,30.000004,-0.000001 -0.000006,20.000003,-0.000001 
-0.000006,20.000002,10.000002 -0.000006,20.000002,0.000000 4.999994,25.000001,5.000002 
9.999994,30.000003,0.000002 9.999994,30.000003,10.000000 4.999993,25.000001,5.000003 
-0.000006,30.000003,10.000001 -0.000006,30.000004,0.000000 4.999993,25.000001,5.000001 
34.999998,45.000006,5.000003 29.999998,40.000006,10.000001 29.999998,50.000007,10.000001 
34.999998,45.000005,5.000002 39.999998,40.000006,10.000000 29.999998,40.000006,10.000000 
39.999998,50.000005,10.000000 29.999998,50.000007,10.000001 34.999998,45.000005,5.000003 
34.999998,45.000004,5.000002 39.999998,50.000005,9.999999 39.999998,40.000005,10.000000 
34.999998,45.000005,5.000002 29.999998,50.000005,-0.000001 29.999998,40.000005,-0.000001 
30.000001,50.000002,-0.000001 40.000000,50.000002,0.000001 35.000000,45.000002,5.000001 
29.999998,40.000005,10.000002 29.999998,40.000005,0.000000 34.999998,45.000004,5.000002 
39.999998,50.000005,0.000002 39.999998,50.000005,10.000000 34.999998,45.000004,5.000003 
34.999998,45.000005,5.000002 39.999998,40.000006,10.000000 39.999998,40.000007,0.000002 
29.999998,50.000005,10.000001 29.999998,50.000007,0.000000 34.999998,45.000004,5.000001 
34.999994,25.000004,5.000003 29.999996,20.000004,10.000001 29.999996,30.000004,10.000001 
34.999994,25.000003,5.000002 39.999998,20.000004,10.000000 29.999996,20.000004,10.000000 
39.999998,30.000003,10.000000 29.999996,30.000004,10.000001 34.999998,25.000003,5.000003 
34.999994,25.000002,5.000002 39.999998,30.000003,9.999999 39.999998,20.000003,10.000000 
29.999996,20.000003,10.000002 29.999996,20.000003,0.000000 34.999998,25.000002,5.000002 
39.999998,30.000003,0.000002 39.999998,30.000003,10.000000 34.999994,25.000002,5.000003 
34.999994,25.000003,5.000002 39.999998,20.000004,10.000000 39.999998,20.000005,0.000002 
29.999996,30.000003,10.000001 29.999996,30.000004,0.000000 34.999994,25.000002,5.000001 
45.000004,15.000002,5.000003 40.000004,10.000002,10.000001 40.000004,20.000004,10.000001 
45.000004,15.000001,5.000002 50.000004,10.000002,10.000000 40.000004,10.000002,10.000000 
50.000008,20.000002,10.000000 40.000004,20.000004,10.000001 45.000004,15.000001,5.000003 
45.000004,15.000000,5.000002 50.000008,20.000002,9.999999 50.000008,10.000001,10.000000 
45.000003,15.000000,5.000001 50.000003,10.000003,0.000002 50.000003,20.000003,-0.000000 
40.000004,10.000001,10.000002 40.000004,10.000001,0.000000 45.000004,15.000000,5.000002 
50.000004,20.000002,0.000002 50.000004,20.000002,10.000000 45.000004,15.000000,5.000003 
45.000004,15.000001,5.000002 50.000004,10.000002,10.000000 50.000008,10.000003,0.000002 
40.000004,20.000002,10.000001 40.000004,20.000004,0.000000 45.000004,15.000000,5.000001 
45.000004,5.000000,5.000003 40.000004,0.000001,10.000001 40.000004,10.000002,10.000001 
45.000004,5.000000,5.000002 50.000004,0.000001,10.000000 40.000004,0.000001,10.000000 
50.000004,10.000001,10.000000 40.000004,10.000002,10.000001 45.000004,5.000000,5.000003 
45.000004,4.999999,5.000002 50.000004,10.000001,9.999999 50.000004,-0.000000,10.000000 
45.000001,5.000000,5.000006 40.000001,0.000001,0.000003 50.000001,0.000001,0.000004 
45.000003,4.999999,5.000001 50.000003,0.000002,0.000002 50.000003,10.000001,-0.000000 
40.000004,-0.000000,10.000002 40.000004,-0.000000,0.000000 45.000004,4.999999,5.000002 
50.000004,10.000001,0.000002 50.000004,10.000001,10.000000 45.000004,4.999999,5.000003 
45.000004,5.000000,5.000002 50.000004,0.000001,10.000000 50.000004,0.000002,0.000002 
40.000004,10.000001,10.000001 40.000004,10.000002,0.000000 45.000004,4.999999,5.000001 
25.000002,15.000004,5.000003 20.000004,10.000004,10.000001 20.000002,20.000004,10.000001 
25.000002,15.000003,5.000002 30.000004,10.000004,10.000000 20.000004,10.000004,10.000000 
30.000004,20.000002,10.000000 20.000002,20.000004,10.000001 25.000004,15.000003,5.000003 
25.000002,15.000002,5.000002 30.000004,20.000002,9.999999 30.000004,10.000003,10.000000 
20.000004,10.000003,10.000002 20.000004,10.000003,0.000000 25.000004,15.000002,5.000002 
30.000004,20.000002,0.000002 30.000004,20.000002,10.000000 25.000002,15.000002,5.000003 
25.000002,15.000003,5.000002 30.000004,10.000004,10.000000 30.000004,10.000005,0.000002 
20.000004,20.000002,10.000001 20.000004,20.000004,0.000000 25.000002,15.000002,5.000001 
25.000000,5.000001,5.000003 20.000002,0.000002,10.000001 20.000000,10.000003,10.000001 
25.000000,5.000000,5.000002 30.000002,0.000002,10.000000 20.000002,0.000002,10.000000 
30.000002,10.000002,10.000000 20.000000,10.000003,10.000001 25.000002,5.000000,5.000003 
25.000000,5.000000,5.000002 30.000002,10.000002,9.999999 30.000002,0.000001,10.000000 
25.000000,5.000000,5.000002 20.000002,10.000002,-0.000001 20.000002,0.000001,-0.000001 
24.999999,5.000001,5.000006 19.999999,0.000002,0.000003 29.999999,0.000002,0.000004 
20.000002,0.000001,10.000002 20.000002,0.000001,0.000000 25.000002,5.000000,5.000002 
30.000002,10.000002,0.000002 30.000002,10.000002,10.000000 25.000000,5.000000,5.000003 
25.000000,5.000000,5.000002 30.000002,0.000002,10.000000 30.000002,0.000003,0.000002 
20.000002,10.000002,10.000001 20.000002,10.000003,0.000000 25.000000,5.000000,5.000001 
15.000001,15.000002,5.000003 10.000003,10.000002,10.000001 10.000002,20.000004,10.000001 
15.000002,15.000001,5.000002 20.000002,10.000002,10.000000 10.000003,10.000002,10.000000 
20.000004,20.000002,10.000000 10.000002,20.000004,10.000001 15.000003,15.000001,5.000003 
15.000002,15.000000,5.000002 20.000004,20.000002,9.999999 20.000004,10.000001,10.000000 
20.000002,20.000002,0.000002 20.000002,20.000002,10.000000 15.000002,15.000000,5.000003 
15.000002,15.000001,5.000002 20.000002,10.000002,10.000000 20.000004,10.000003,0.000002 
14.999999,5.000000,5.000003 10.000001,0.000001,10.000001 10.000000,10.000002,10.000001 
15.000000,5.000000,5.000002 20.000000,0.000001,10.000000 10.000001,0.000001,10.000000 
20.000002,10.000001,10.000000 10.000000,10.000002,10.000001 15.000001,5.000000,5.000003 
15.000000,4.999999,5.000002 20.000002,10.000001,9.999999 20.000002,-0.000000,10.000000 
14.999998,5.000000,5.000006 9.999998,0.000001,0.000003 19.999999,0.000001,0.000004 
14.999999,4.999998,5.000001 20.000000,0.000001,0.000002 20.000000,10.000000,0.000000 
10.000001,-0.000000,10.000002 10.000001,-0.000000,0.000000 15.000001,4.999999,5.000002 
20.000000,10.000001,0.000002 20.000000,10.000001,10.000000 15.000000,4.999999,5.000003 
15.000000,5.000000,5.000002 20.000000,0.000001,10.000000 20.000002,0.000002,0.000002 
5.000000,15.000003,5.000003 0.000002,10.000003,10.000001 0.000001,20.000004,10.000001 
5.000000,15.000002,5.000002 10.000002,10.000003,10.000000 0.000002,10.000003,10.000000 
10.000003,20.000002,10.000000 0.000001,20.000004,10.000001 5.000001,15.000002,5.000003 
5.000000,15.000001,5.000002 10.000003,20.000002,9.999999 10.000003,10.000002,10.000000 
4.999999,15.000003,5.000002 0.000001,20.000003,-0.000001 0.000001,10.000003,-0.000001 
0.000002,10.000002,10.000002 0.000002,10.000002,0.000000 5.000001,15.000001,5.000002 
0.000002,20.000002,10.000001 0.000002,20.000004,0.000000 5.000000,15.000001,5.000001 
4.999998,5.000001,5.000003 0.000000,0.000001,10.000001 -0.000001,10.000002,10.000001 
4.999999,5.000000,5.000002 10.000000,0.000001,10.000000 0.000000,0.000001,10.000000 
10.000001,10.000001,10.000000 -0.000001,10.000002,10.000001 5.000000,5.000000,5.000003 
4.999999,4.999999,5.000002 10.000001,10.000001,9.999999 10.000001,0.000000,10.000000 
4.999998,5.000001,5.000002 -0.000001,10.000002,-0.000001 -0.000001,0.000001,-0.000001 
4.999997,5.000001,5.000006 -0.000003,0.000002,0.000003 9.999998,0.000002,0.000004 
0.000000,0.000000,10.000002 0.000000,0.000000,0.000000 5.000000,4.999999,5.000002 
10.000000,10.000001,0.000002 10.000000,10.000001,10.000000 4.999999,4.999999,5.000003 
4.999999,5.000000,5.000002 10.000000,0.000001,10.000000 10.000001,0.000002,0.000002 
0.000000,10.000001,10.000001 0.000000,10.000002,0.000000 4.999999,4.999999,5.000001 
35.000004,15.000003,5.000003 30.000004,10.000003,10.000001 30.000004,20.000004,10.000001 
35.000004,15.000002,5.000002 40.000004,10.000003,10.000000 30.000004,10.000003,10.000000 
40.000004,20.000002,10.000000 30.000004,20.000004,10.000001 35.000004,15.000002,5.000003 
35.000004,15.000001,5.000002 40.000004,20.000002,9.999999 40.000004,10.000002,10.000000 
30.000004,10.000002,10.000002 30.000004,10.000002,0.000000 35.000004,15.000001,5.000002 
40.000004,20.000002,0.000002 40.000004,20.000002,10.000000 35.000004,15.000001,5.000003 
35.000004,15.000002,5.000002 40.000004,10.000003,10.000000 40.000004,10.000004,0.000002 
30.000004,20.000002,10.000001 30.000004,20.000004,0.000000 35.000004,15.000001,5.000001 
35.000000,5.000001,5.000003 30.000002,0.000001,10.000001 30.000002,10.000002,10.000001 
35.000000,5.000000,5.000002 40.000004,0.000001,10.000000 30.000002,0.000001,10.000000 
40.000004,10.000001,10.000000 30.000002,10.000002,10.000001 35.000004,5.000000,5.000003 
35.000000,5.000000,5.000002 40.000004,10.000001,9.999999 40.000004,0.000000,10.000000 
35.000001,5.000001,5.000006 29.999999,0.000002,0.000003 40.000001,0.000002,0.000004 
30.000002,0.000000,10.000002 30.000002,0.000000,0.000000 35.000004,5.000000,5.000002 
40.000004,10.000001,0.000002 40.000004,10.000001,10.000000 35.000000,5.000000,5.000003 
35.000000,5.000000,5.000002 40.000004,0.000001,10.000000 40.000004,0.000002,0.000002 
30.000002,10.000001,10.000001 30.000002,10.000002,0.000000 35.000000,5.000000,5.000001 
44.999996,35.000004,5.000003 40.000000,30.000004,10.000001 40.000000,40.000004,10.000001 
45.000000,35.000004,5.000002 50.000000,30.000004,10.000000 40.000000,30.000004,10.000000 
50.000000,40.000004,10.000000 40.000000,40.000004,10.000001 45.000000,35.000004,5.000003 
45.000000,35.000004,5.000002 50.000000,40.000004,9.999999 50.000000,30.000004,10.000000 
44.999996,35.000001,5.000001 49.999999,30.000005,0.000002 49.999999,40.000005,-0.000000 
40.000000,30.000004,10.000002 40.000000,30.000004,0.000000 45.000000,35.000004,5.000002 
50.000000,40.000004,0.000002 50.000000,40.000004,10.000000 45.000000,35.000004,5.000003 
45.000000,35.000004,5.000002 50.000000,30.000004,10.000000 50.000000,30.000006,0.000002 
40.000000,40.000004,10.000001 40.000000,40.000004,0.000000 45.000000,35.000004,5.000001 
24.999994,35.000008,5.000003 19.999998,30.000006,10.000001 19.999996,40.000008,10.000001 
24.999996,35.000004,5.000002 29.999998,30.000006,10.000000 19.999998,30.000006,10.000000 
29.999998,40.000004,10.000000 19.999996,40.000008,10.000001 24.999996,35.000004,5.000003 
24.999996,35.000004,5.000002 29.999998,40.000004,9.999999 29.999998,30.000006,10.000000 
19.999998,30.000006,10.000002 19.999998,30.000006,0.000000 24.999996,35.000004,5.000002 
29.999998,40.000004,0.000002 29.999998,40.000004,10.000000 24.999996,35.000004,5.000003 
24.999996,35.000004,5.000002 29.999998,30.000006,10.000000 29.999998,30.000008,0.000002 
19.999998,40.000004,10.000001 19.999998,40.000008,0.000000 24.999996,35.000004,5.000001 
14.999995,35.000004,5.000003 9.999997,30.000004,10.000001 9.999996,40.000008,10.000001 
14.999996,35.000004,5.000002 19.999996,30.000004,10.000000 9.999997,30.000004,10.000000 
19.999998,40.000004,10.000000 9.999996,40.000008,10.000001 14.999997,35.000004,5.000003 
14.999996,35.000004,5.000002 19.999998,40.000004,9.999999 19.999998,30.000004,10.000000 
9.999997,30.000004,10.000002 9.999997,30.000004,0.000000 14.999997,35.000004,5.000002 
19.999996,40.000004,0.000002 19.999996,40.000004,10.000000 14.999996,35.000004,5.000003 
14.999996,35.000004,5.000002 19.999996,30.000004,10.000000 19.999998,30.000006,0.000002 
9.999997,40.000004,10.000001 9.999997,40.000008,0.000000 14.999996,35.000004,5.000001 
4.999994,35.000004,5.000003 -0.000004,30.000006,10.000001 -0.000005,40.000008,10.000001 
4.999995,35.000004,5.000002 9.999996,30.000006,10.000000 -0.000004,30.000006,10.000000 
9.999997,40.000004,10.000000 -0.000005,40.000008,10.000001 4.999996,35.000004,5.000003 
4.999995,35.000004,5.000002 9.999997,40.000004,9.999999 9.999997,30.000004,10.000000 
4.999993,35.000005,5.000002 -0.000005,40.000005,-0.000001 -0.000005,30.000005,-0.000001 
-0.000004,30.000004,10.000002 -0.000004,30.000004,0.000000 4.999996,35.000004,5.000002 
9.999996,40.000004,0.000002 9.999996,40.000004,10.000000 4.999995,35.000004,5.000003 
4.999995,35.000004,5.000002 9.999996,30.000006,10.000000 9.999997,30.000006,0.000002 
-0.000004,40.000004,10.000001 -0.000004,40.000008,0.000000 4.999995,35.000004,5.000001 
34.999996,35.000004,5.000003 29.999998,30.000006,10.000001 29.999998,40.000008,10.000001 
34.999996,35.000004,5.000002 39.999996,30.000006,10.000000 29.999998,30.000006,10.000000 
39.999996,40.000004,10.000000 29.999998,40.000008,10.000001 34.999996,35.000004,5.000003 
34.999996,35.000004,5.000002 39.999996,40.000004,9.999999 39.999996,30.000004,10.000000 
29.999998,30.000004,10.000002 29.999998,30.000004,0.000000 34.999996,35.000004,5.000002 
39.999996,40.000004,0.000002 39.999996,40.000004,10.000000 34.999996,35.000004,5.000003 
34.999996,35.000004,5.000002 39.999996,30.000006,10.000000 39.999996,30.000006,0.000002 
29.999998,40.000004,10.000001 29.999998,40.000008,0.000000 34.999996,35.000004,5.000001 
