9.999999,0.000001,1.999998 10.000001,7.204183,1.999999 4.563936,6.845060,0.000001 
10.000000,10.000000,2.000000 10.000000,10.000000,0.000000 6.717545,5.347005,0.661739 
1.833907,0.468309,1.995470 1.189810,8.368166,1.846211 9.226061,5.478888,0.173290 
9.999999,10.000001,2.000000 -0.000001,10.000000,2.000000 7.391759,8.691926,0.000718 
7.902235,0.001685,1.992788 1.795601,8.578989,1.144741 0.000001,0.000001,0.000001 
0.476286,1.445658,1.998781 3.816408,5.322303,0.627425 7.405459,3.093252,1.994387 
7.670443,1.939592,1.998401 8.523263,5.982720,1.081736 0.929839,5.140042,0.667626 
0.000001,0.000001,1.630806 9.999999,1.272860,1.999997 4.047300,9.994439,0.875133 
8.424861,7.093455,1.998127 4.601081,2.597816,0.508692 0.835108,8.299030,0.892421 
1.564879,2.122656,1.991428 7.983086,1.560158,1.290169 3.959457,8.286146,1.078360 
6.076757,0.001891,1.052302 3.433053,7.923294,0.201642 3.682475,3.889126,1.486603 
5.706975,5.313318,0.009394 4.699209,0.187771,1.247601 0.000001,9.946368,-0.000001 
9.995721,2.229605,1.692162 2.368410,0.292387,1.798056 4.504591,9.355211,1.485086 
10.000000,-0.000001,1.999999 10.000000,10.000000,-0.000001 10.000001,-0.000001,-0.000001 
7.608351,9.654846,1.905467 1.592319,6.535067,0.919611 7.872042,4.946496,1.096003 
9.999999,9.497823,0.000000 0.000001,10.000001,2.000000 9.999996,-0.000000,0.000003 
0.163607,1.972818,1.992484 2.017077,8.113280,1.686237 5.236131,3.351974,0.008082 
2.324056,9.053594,1.993944 9.999999,-0.000001,1.990798 10.000001,2.569220,-0.000000 
8.289457,0.574539,1.781813 0.298182,9.999149,1.407140 -0.000000,0.000001,1.860158 
8.518471,9.393986,1.999995 10.000000,-0.000001,-0.000001 0.000002,0.000000,0.000001 
9.997219,3.259777,1.908518 0.000002,7.223257,1.999999 2.008465,2.290582,0.241756 
3.457493,9.999935,0.009278 1.809597,0.000291,1.990719 9.993710,1.817378,1.171194 
-0.000000,0.000001,2.000001 9.999999,-0.000001,1.999997 3.439803,3.282267,0.003453 
-0.000000,-0.000001,2.000001 7.076817,0.827134,0.321847 1.470824,9.766490,0.990148 
0.004930,9.275014,1.658762 3.953385,8.666402,1.991654 10.000001,8.975215,1.999998 
4.096419,4.627715,1.600626 8.964546,7.582308,1.992827 10.000000,2.052865,0.000000 
0.000001,10.000000,0.000001 2.073783,2.021008,0.580745 0.000002,10.000001,2.000000 
3.728938,7.340377,1.090625 0.008970,7.109672,1.740311 9.589017,2.196569,1.995644 
0.857373,8.138535,1.999869 1.916864,0.890912,1.993354 1.839211,0.184801,1.994259 
7.990151,4.795622,0.003236 0.000001,3.541930,0.000000 3.553623,6.699765,1.997147 
5.075529,1.147690,0.180201 6.078057,1.812237,0.711214 0.766769,9.990133,0.001832 
9.726655,1.308463,1.994301 0.912391,9.146908,0.002256 4.324672,0.004955,1.962786 
0.494095,2.118019,1.344906 9.686598,4.226858,1.997767 7.154735,7.727970,1.056464 
1.182220,2.365055,1.992802 9.173437,4.445830,1.879624 0.000001,8.959720,-0.000000 
10.000000,6.597859,1.999998 0.002530,7.046471,1.766580 7.668245,0.003107,0.110096 
9.999999,10.000000,-0.000001 1.761855,8.103233,0.658824 9.993550,1.706126,0.223017 
0.000001,10.000000,1.999998 0.000000,-0.000000,1.999998 3.160318,4.129061,0.009367 
9.813200,1.803408,0.007854 4.127302,6.415213,1.098304 5.823537,9.474584,0.940319 
9.298339,0.007509,0.359509 0.000000,8.324566,0.000000 7.409478,8.809655,0.004974 
10.000002,10.000000,-0.000001 2.141926,5.885210,0.978803 0.000001,10.000000,0.000000 
0.521488,0.512790,1.731721 10.000001,2.407682,0.000000 0.000001,10.000000,2.000000 
1.765980,0.824769,1.445072 9.867038,7.027713,1.996507 7.370447,1.236911,0.217724 
1.256481,0.244229,1.523897 0.000001,10.000000,2.000001 0.000001,2.203912,2.000001 
1.217140,2.997594,1.403089 8.333855,9.025321,0.001626 9.664779,3.422672,1.991254 
8.662189,8.146947,1.860898 4.289606,2.493819,0.382247 7.331147,8.985281,0.253455 
5.232471,0.154029,1.991284 6.824278,8.015189,1.219554 0.457940,4.975325,0.006151 
0.769929,0.052272,1.936894 10.000001,1.161974,0.000000 6.322723,9.766697,1.993357 
5.053912,5.375979,0.496615 0.000000,0.000001,0.000001 -0.000001,9.999999,0.000001 
0.000000,0.804211,1.999999 5.628617,7.579074,0.002656 9.501345,2.090964,1.992644 
3.922129,6.960498,0.005433 5.406607,8.669006,0.812163 8.946332,3.413216,0.417615 
7.152600,0.000612,0.354455 0.097306,4.674342,1.224550 9.999999,7.620031,1.999998 
3.516426,0.553434,0.009104 8.934659,6.748517,1.928483 -0.000001,3.801239,2.000001 
10.000000,9.999999,1.999998 0.723689,0.554207,0.153887 0.000146,8.847450,0.323362 
9.999999,10.000000,1.999998 4.430902,8.547239,0.503440 9.999642,-0.000001,1.931803 
0.259491,8.351287,1.999097 5.577170,6.206008,0.693800 8.851398,8.023744,0.894117 
0.000003,6.685284,0.000002 8.849405,1.304454,0.003393 6.041935,5.812407,1.830581 
1.137457,0.555925,1.997658 5.296398,4.728351,0.283487 -0.000000,8.567572,2.000000 
0.788436,4.693694,0.005667 0.000001,0.000001,1.999999 0.000001,0.000001,0.000000 
9.329062,0.002608,0.532723 9.285176,9.995414,1.445264 -0.000000,10.000000,1.371592 
0.673528,6.277241,0.007070 9.079793,2.464210,1.475769 2.457322,0.001001,1.997222 
9.392365,9.949868,1.990233 0.000000,9.265330,-0.000000 2.784989,7.668958,1.625561 
1.521431,0.005274,0.004200 0.000002,8.798111,0.000000 8.335821,5.005874,1.997160 
9.281964,0.427360,0.004469 9.266894,9.995590,0.811841 0.188311,8.759607,1.994426 
0.783308,-0.000001,0.043024 5.775618,9.996705,1.998117 0.000001,0.000001,2.000000 
