1.828434,2.565114,5.498538 2.851535,0.007240,5.219779 5.386639,7.471810,0.173600 
6.219852,3.975199,3.788389 9.262210,9.999994,0.207472 9.372612,1.828723,0.009793 
9.519032,0.001077,0.002916 0.000000,5.911597,7.999998 9.695045,9.994162,0.001289 
1.254608,8.120901,2.146152 1.180329,6.808294,5.259166 1.315455,9.578990,7.417192 
5.660267,0.005344,7.752264 3.912319,8.070402,1.080838 7.552108,8.731461,4.277298 
7.703968,0.001113,6.515706 9.130896,7.048292,4.972248 10.000000,3.088439,8.000000 
6.486655,6.703706,6.547727 0.477785,3.713641,0.000634 0.929258,6.367298,3.374914 
9.557175,9.322589,7.991024 4.462157,6.408338,2.427828 1.662430,4.344799,2.016761 
4.011125,0.009286,4.496111 0.000001,9.584241,7.999998 10.000001,6.234650,-0.000002 
8.331829,7.778227,0.000208 3.366150,9.829109,1.899173 3.189278,2.167091,6.359730 
4.863715,6.245169,0.005459 0.000001,0.000001,7.999999 0.000000,10.000001,7.999999 
10.000001,9.999998,-0.000001 10.000001,0.235896,0.000000 4.079723,3.888801,1.966249 
4.499485,0.283902,4.780389 8.267116,8.855273,0.003037 8.290770,2.121607,1.021405 
10.000000,9.999998,8.000000 -0.000000,9.203328,-0.000001 -0.000000,0.000002,0.000000 
5.076393,0.009113,0.011654 0.246919,4.496526,4.481827 9.999999,5.903594,7.999999 
9.999941,0.002603,7.999936 2.481507,3.800009,3.713890 0.000002,0.000000,8.000000 
5.391021,9.992420,4.597234 7.965221,0.987974,7.863838 0.005353,4.387061,3.815930 
0.272683,5.696763,0.248089 0.005220,2.716282,4.307467 8.672109,9.460719,6.082103 
0.156366,0.751577,0.000016 7.964705,2.213441,7.909622 5.935953,9.651655,5.275863 
0.000001,10.000003,7.999999 7.725177,0.001654,0.008031 0.000000,10.000001,0.000001 
2.033013,7.822777,1.753343 6.984218,8.780702,3.642541 5.961185,9.440220,5.530538 
1.114932,7.230854,6.283001 5.714016,7.098024,5.747455 8.363043,4.073267,1.693704 
9.387051,8.193339,3.264856 0.816443,2.917493,0.763399 0.938383,7.271910,2.513900 
4.557130,0.007214,7.992014 8.569333,9.580029,5.284359 0.000000,7.673752,0.000002 
9.999999,0.000002,-0.000000 1.171098,3.583015,3.031161 10.000001,9.355463,-0.000001 
10.000000,0.000002,0.001957 4.587808,2.499928,6.865536 1.504846,6.047894,0.372165 
10.000000,0.000001,8.000000 9.999999,9.999999,7.999999 0.000005,5.643709,0.000002 
0.386953,5.758231,7.654337 6.972634,4.224298,4.919205 7.157183,5.304083,1.574293 
10.000000,0.000000,8.000000 1.551499,9.998063,1.129280 0.000000,0.000000,0.000001 
10.000000,0.000000,-0.000001 0.000001,2.711249,7.999999 9.970396,0.000001,7.997160 
0.674186,0.729649,0.004512 10.000000,9.999998,-0.000001 9.593390,8.649198,7.992357 
9.196977,2.364505,7.995027 3.252489,1.719529,7.860200 0.717279,3.814049,3.152998 
4.219369,3.255545,7.906001 2.903480,0.006854,4.485661 6.391626,2.850511,7.423089 
9.999360,0.973432,2.972248 3.668404,0.698017,2.240199 7.027789,0.591841,5.598934 
9.999999,10.000000,-0.000000 9.999999,9.999999,8.000000 3.325412,0.005287,5.453274 
0.000000,10.000000,0.000002 5.799445,2.032470,0.043162 10.000002,10.000000,-0.000001 
6.272917,4.018112,4.373494 4.820047,6.133270,2.057257 0.282466,4.236336,7.198630 
1.540306,6.035575,6.702482 3.588769,7.216258,4.888572 0.000001,9.531854,7.999997 
3.751667,5.432044,5.774533 9.747721,0.708905,0.002809 0.708658,9.990070,3.831500 
4.073283,8.219464,1.337472 2.749172,2.575439,1.750418 9.034947,5.374749,6.512905 
9.354520,0.006494,3.294675 4.596293,9.993328,0.964790 0.000000,0.000002,7.480669 
7.168522,0.970928,6.593397 5.879159,3.432268,5.666412 0.612241,3.861277,3.830984 
3.643325,8.441139,3.588528 7.914383,3.925376,5.241159 2.169935,2.712270,2.375424 
0.564088,9.501788,1.122539 0.175496,6.707086,7.992806 9.991114,0.643398,2.433191 
7.934498,4.919373,6.204961 1.398999,9.639060,0.847292 6.321029,9.996348,4.244281 
4.343404,6.496740,3.445519 6.795515,1.197543,7.764268 1.184055,0.358133,6.000952 
0.107448,4.454100,0.000050 2.095085,4.999733,3.325309 7.742971,3.878864,0.002918 
10.000149,9.998129,8.000004 4.717760,7.494254,0.080322 0.000030,9.990014,7.999976 
10.000001,0.000002,-0.000001 0.779870,0.000359,0.002403 0.396686,9.972336,7.997894 
5.339588,7.681910,5.275127 7.872157,4.806012,2.941903 4.357270,7.478344,5.894505 
3.961145,7.028763,4.846687 6.491878,0.001803,7.612059 9.994983,4.147508,5.592253 
0.000001,10.000000,7.732429 9.992158,8.880154,3.494168 4.200121,0.001908,0.544578 
0.003562,3.412738,4.668382 8.101696,0.669091,2.359603 9.023491,4.811961,7.785359 
6.944379,4.726354,0.288485 0.000001,0.000002,7.999998 0.000001,0.000001,0.000001 
0.000001,8.956312,7.999999 0.559652,9.117440,4.092100 8.556009,0.007088,1.267392 
8.581495,9.997581,6.346105 10.000000,7.050330,7.999999 9.999999,3.585034,7.999999 
0.671545,1.875717,6.976063 4.897861,2.037580,0.156706 4.676024,2.042333,6.146427 
0.000001,10.000001,0.000001 0.371117,0.088231,0.008691 5.922123,1.066072,4.905496 
-0.000000,10.000000,0.629740 1.083989,7.502681,7.658819 4.146309,5.312715,5.164505 
4.799907,1.784667,4.556253 9.261584,9.980165,7.632030 6.955615,8.100487,3.636129 
7.490954,6.572120,7.997569 0.207605,3.762399,1.893983 8.399526,0.836900,0.008620 
6.607232,5.502520,4.696968 8.258703,4.112288,3.796203 5.695669,3.679071,4.833609 
8.159162,2.334073,7.693892 2.380323,4.990412,5.118346 9.993901,9.237719,1.631966 
0.490244,2.398573,2.886056 7.648391,4.973950,3.050912 4.911034,9.327650,2.345860 
0.082361,0.967362,0.001233 0.000001,0.000001,0.000001 1.183586,-0.016228,0.013496 
