4.563938,3.154940,0.000001 10.000003,2.795817,1.999999 10.000001,9.999999,1.999998 
6.717547,4.652995,0.661739 10.000002,-0.000000,0.000000 10.000002,-0.000000,2.000000 
9.226063,4.521112,0.173290 1.189812,1.631834,1.846211 1.833909,9.531691,1.995470 
7.391761,1.308074,0.000718 0.000001,-0.000000,2.000000 10.000001,-0.000001,2.000000 
0.000003,9.999999,0.000001 1.795603,1.421011,1.144741 7.902237,9.998315,1.992788 
7.405461,6.906748,1.994387 3.816410,4.677697,0.627425 0.476288,8.554342,1.998781 
0.929841,4.859958,0.667626 8.523265,4.017280,1.081736 7.670445,8.060408,1.998401 
4.047302,0.005561,0.875133 10.000001,8.727140,1.999997 0.000003,9.999999,1.630806 
0.835110,1.700969,0.892421 4.601083,7.402184,0.508692 8.424863,2.906545,1.998127 
3.959459,1.713854,1.078360 7.983088,8.439842,1.290169 1.564881,7.877344,1.991428 
3.682477,6.110874,1.486603 3.433055,2.076706,0.201642 6.076759,9.998109,1.052302 
0.000003,0.053632,-0.000001 4.699211,9.812229,1.247601 5.706977,4.686682,0.009394 
4.504593,0.644789,1.485086 2.368412,9.707613,1.798056 9.995723,7.770395,1.692162 
10.000003,10.000001,-0.000001 10.000002,-0.000000,-0.000001 10.000002,10.000001,1.999999 
7.872044,5.053504,1.096003 1.592321,3.464933,0.919611 7.608353,0.345154,1.905467 
9.999998,10.000000,0.000003 0.000003,-0.000001,2.000000 10.000001,0.502177,0.000000 
5.236133,6.648026,0.008082 2.017079,1.886719,1.686237 0.163609,8.027182,1.992484 
10.000003,7.430780,0.000000 10.000001,10.000001,1.990798 2.324058,0.946406,1.993944 
0.000002,9.999999,1.860158 0.298184,0.000850,1.407140 8.289460,9.425461,1.781813 
0.000004,10.000000,0.000001 10.000002,10.000001,-0.000001 8.518473,0.606014,1.999995 
2.008467,7.709418,0.241756 0.000004,2.776743,1.999999 9.997221,6.740223,1.908518 
9.993712,8.182622,1.171194 1.809599,9.999709,1.990719 3.457495,0.000065,0.009278 
3.439805,6.717733,0.003453 10.000001,10.000001,1.999997 0.000002,9.999999,2.000001 
1.470826,0.233510,0.990148 7.076819,9.172866,0.321847 0.000002,10.000001,2.000001 
10.000003,1.024785,1.999998 3.953387,1.333598,1.991654 0.004932,0.724986,1.658762 
10.000002,7.947135,0.000000 8.964548,2.417692,1.992827 4.096421,5.372285,1.600626 
0.000004,-0.000001,2.000000 2.073785,7.978992,0.580745 0.000003,-0.000000,0.000001 
9.589019,7.803431,1.995644 0.008972,2.890328,1.740311 3.728940,2.659623,1.090625 
1.839213,9.815199,1.994259 1.916866,9.109088,1.993354 0.857375,1.861465,1.999869 
3.553625,3.300235,1.997147 0.000003,6.458070,0.000000 7.990153,5.204378,0.003236 
0.766771,0.009866,0.001832 6.078059,8.187763,0.711214 5.075531,8.852310,0.180201 
4.324674,9.995045,1.962786 0.912393,0.853092,0.002256 9.726657,8.691537,1.994301 
7.154737,2.272030,1.056464 9.686600,5.773142,1.997767 0.494097,7.881981,1.344906 
0.000003,1.040280,0.000000 9.173439,5.554170,1.879624 1.182222,7.634945,1.992802 
7.668247,9.996893,0.110096 0.002532,2.953529,1.766580 10.000002,3.402141,1.999998 
9.993552,8.293874,0.223017 1.761857,1.896766,0.658824 10.000001,-0.000000,-0.000001 
3.160320,5.870939,0.009367 0.000002,10.000000,1.999998 0.000003,-0.000000,1.999998 
5.823539,0.525416,0.940319 4.127304,3.584787,1.098304 9.813202,8.196592,0.007854 
7.409480,1.190345,0.004974 0.000002,1.675434,0.000000 9.298341,9.992491,0.359509 
0.000003,-0.000000,0.000000 2.141928,4.114790,0.978803 10.000004,-0.000000,-0.000001 
0.000003,-0.000000,2.000000 10.000003,7.592318,0.000000 0.521490,9.487210,1.731721 
7.370449,8.763089,0.217724 9.867040,2.972287,1.996507 1.765982,9.175231,1.445072 
0.000003,7.796088,2.000001 0.000003,-0.000000,2.000001 1.256483,9.755771,1.523897 
9.664781,6.577328,1.991254 8.333857,0.974679,0.001626 1.217142,7.002406,1.403089 
7.331149,1.014719,0.253455 4.289608,7.506181,0.382247 8.662191,1.853053,1.860898 
0.457942,5.024675,0.006151 6.824280,1.984811,1.219554 5.232473,9.845971,1.991284 
6.322725,0.233303,1.993357 10.000003,8.838026,0.000000 0.769931,9.947728,1.936894 
0.000001,0.000001,0.000001 0.000002,9.999999,0.000001 5.053914,4.624021,0.496615 
9.501347,7.909036,1.992644 5.628619,2.420926,0.002656 0.000002,9.195789,1.999999 
8.946334,6.586784,0.417615 5.406609,1.330993,0.812163 3.922131,3.039502,0.005433 
10.000001,2.379969,1.999998 0.097308,5.325658,1.224550 7.152602,9.999388,0.354455 
0.000001,6.198761,2.000001 8.934661,3.251483,1.928483 3.516428,9.446566,0.009104 
0.000148,1.152550,0.323362 0.723691,9.445793,0.153887 10.000002,0.000001,1.999998 
9.999645,10.000001,1.931803 4.430904,1.452760,0.503440 10.000001,-0.000000,1.999998 
8.851401,1.976256,0.894117 5.577172,3.793992,0.693800 0.259493,1.648713,1.999097 
6.041937,4.187593,1.830581 8.849407,8.695546,0.003393 0.000005,3.314716,0.000002 
0.000002,1.432428,2.000000 5.296400,5.271649,0.283487 1.137459,9.444075,1.997658 
0.000003,9.999999,0.000000 0.000003,9.999999,1.999999 0.788438,5.306306,0.005667 
0.000002,-0.000000,1.371592 9.285178,0.004586,1.445264 9.329065,9.997392,0.532723 
2.457324,9.998999,1.997222 9.079795,7.535790,1.475769 0.673530,3.722759,0.007070 
2.784991,2.331042,1.625561 0.000002,0.734669,0.000000 9.392368,0.050132,1.990233 
8.335823,4.994126,1.997160 0.000004,1.201889,0.000000 1.521433,9.994726,0.004200 
0.188313,1.240392,1.994426 9.266897,0.004410,0.811841 9.281966,9.572640,0.004469 
0.000003,9.999999,2.000000 5.775620,0.003295,1.998117 0.783310,10.000001,0.043024 
