5.141401,1.399066,0.387019 1.214798,2.973558,2.365587 7.331024,8.739428,0.871549 
8.679215,0.007607,1.786936 0.353307,9.261869,0.001524 6.087942,9.992176,3.991730 
1.482890,1.417224,0.002014 5.064486,4.844799,2.455130 0.275023,9.129925,3.999451 
6.834953,2.105090,1.031777 9.797780,5.026032,3.999637 5.586337,9.635811,1.974125 
8.153312,0.605937,2.964750 6.332639,5.434616,0.006926 3.299401,3.868773,0.003566 
1.662275,8.575941,0.418276 9.999997,-0.000000,0.000001 -0.000000,-0.000000,0.006907 
5.978928,6.205800,0.768055 10.000000,0.000001,3.999999 9.576640,2.547977,3.995208 
1.708452,0.704342,0.658668 9.999999,-0.000000,3.999997 3.493247,9.953425,0.580380 
4.904454,5.018105,0.005002 3.009433,1.299575,0.763783 3.301314,8.707284,2.304436 
6.952691,9.990148,0.391128 0.198052,0.517123,2.991834 8.158505,0.409570,2.670475 
8.899987,9.061474,2.678770 9.473194,7.476695,3.996340 0.001047,7.954838,3.640434 
0.000001,8.420288,4.000001 8.869066,9.097116,0.008393 2.416851,1.209038,2.748517 
0.002660,1.025094,0.006736 10.000000,-0.000000,3.828431 0.000001,-0.000000,3.998368 
3.220347,0.003963,0.003983 0.527085,6.402332,3.995462 9.999387,5.936852,0.201782 
6.380108,8.928796,3.996620 1.092474,9.924525,2.124849 9.999998,4.787941,0.000000 
10.000000,-0.000000,2.471960 -0.000000,-0.000000,2.942025 7.120870,9.999864,1.805968 
9.993848,7.991892,2.288352 9.757090,6.546591,3.999732 0.002747,6.989976,2.739733 
2.732594,2.569223,0.817243 9.173523,1.288118,3.514827 7.222001,7.189135,2.554839 
1.079329,1.115792,1.605541 9.999995,4.044858,0.000001 9.326953,3.827546,0.004440 
0.082668,5.396874,3.698620 2.140409,7.459920,2.958347 2.304947,5.655793,3.395949 
9.999999,9.999999,0.000001 5.162557,6.454288,2.534612 9.999999,10.000001,3.995107 
10.000000,9.685066,3.999999 0.000002,9.999999,0.870751 8.473633,3.169377,2.513076 
0.000731,4.853129,3.057447 5.340171,4.432062,2.860251 9.156758,6.444436,3.372800 
8.055785,4.493133,0.001626 3.795962,3.047688,3.896006 8.511189,8.991683,0.006583 
0.000001,9.250374,4.000001 9.997889,9.162694,3.863244 5.639113,7.528878,2.438397 
3.509692,1.710784,0.009204 7.971464,9.992217,3.996317 3.281131,9.952512,0.314652 
-0.000000,10.000000,3.999999 9.999999,9.023588,0.000000 -0.000000,0.863923,4.000002 
5.200207,4.074930,2.947223 9.297654,8.726621,0.528288 6.512087,0.832367,0.730402 
8.212620,9.243586,2.616483 9.999999,6.746847,3.999999 1.033639,5.182870,0.528720 
1.453805,1.292409,3.996868 8.390839,5.517262,0.004924 7.427700,9.433103,0.001045 
0.233919,5.355667,3.997087 8.776599,4.712384,1.732198 7.701357,7.035480,0.009288 
3.935371,3.075523,2.952638 3.637213,6.382062,1.198485 6.345835,7.534972,3.210911 
7.886208,4.219924,0.553764 8.669292,8.562641,3.545128 7.987573,9.842126,3.993329 
0.000001,10.000000,0.008493 0.000001,-0.000000,0.008601 1.926093,7.430208,0.686442 
0.000001,3.150312,4.000000 7.728718,1.792480,2.179361 2.936763,7.622850,0.006476 
8.137742,6.228685,3.486671 1.704563,3.662104,0.799200 2.742325,8.142231,0.519618 
4.395565,4.582931,0.982975 3.312736,1.523496,3.164103 1.871297,1.140845,2.125374 
0.000001,10.000000,0.001995 4.430607,8.257402,2.154636 9.999997,10.000001,0.000002 
4.475013,2.333030,0.004223 3.710448,0.407919,0.693052 0.636940,6.677740,2.274748 
10.000000,10.000002,0.550309 9.698832,0.433841,0.558554 1.980559,2.687089,0.007353 
-0.000000,-0.000000,0.000630 9.701528,5.230454,3.873958 0.008189,8.809351,0.001665 
2.797550,9.462247,0.615780 3.268301,5.677750,0.007418 1.313310,3.204397,3.425191 
7.007258,0.215869,0.006511 7.931359,9.731929,0.616986 2.647134,7.457691,1.003579 
9.999998,10.000000,0.000000 10.000000,-0.000000,0.000000 2.416224,4.557135,3.953166 
6.539319,6.624866,0.009891 2.290592,1.985187,0.758145 10.000000,0.711902,3.999999 
0.683494,3.395893,1.272037 3.319031,6.229079,3.377821 6.702647,8.395139,0.005424 
8.636083,1.971146,1.186472 1.063157,3.342675,1.089578 0.002748,1.680256,0.003563 
9.999996,0.000001,0.000003 9.999998,-0.000000,3.999998 3.444757,8.871366,0.008948 
9.239338,0.945692,1.889775 0.000001,2.610937,4.000000 6.827238,9.159119,0.002224 
0.033767,9.067131,1.567893 5.028329,6.319587,0.000969 3.553199,7.481117,3.010555 
-0.000000,9.999999,4.000000 3.000145,0.008419,0.006016 9.999999,9.999999,3.999999 
10.000000,10.000000,0.553537 6.923519,9.185225,0.008834 3.809018,0.726386,3.002849 
10.000001,-0.000000,3.999998 5.741033,3.391122,1.903756 9.999999,10.000001,4.000000 
0.284851,5.478184,0.630527 4.408022,8.069661,0.005895 9.999998,1.346818,3.999998 
0.801501,2.933678,3.992870 1.133030,9.993833,3.467671 3.815199,5.853977,0.889607 
1.193757,9.028826,0.795153 5.504312,1.073623,1.543850 0.532015,9.352145,0.505939 
10.000000,9.999999,-0.002683 8.793075,0.000002,0.000259 -0.000000,10.000000,0.004274 
0.173911,9.999074,0.006985 0.001128,0.365258,0.004999 10.000000,4.705329,3.999998 
0.000001,10.000000,4.000002 8.396543,6.271491,2.659175 0.000001,10.000000,0.006138 
4.061150,8.337515,0.006838 8.785408,0.004085,0.395104 8.974940,5.030846,3.991922 
7.614579,7.261149,2.209811 9.267668,9.573757,0.232972 4.452253,5.781777,2.359474 
6.058964,6.786068,3.911574 -0.000000,-0.000000,0.004981 0.000001,-0.000000,3.999999 
3.691661,7.278146,2.657336 0.087657,7.222793,3.990804 8.839281,6.237780,2.531735 
0.000001,0.000001,4.000001 3.578488,3.725813,2.483598 0.000001,9.999999,3.999999 
