5.386640,2.528190,0.173600 2.851535,9.992760,5.219779 1.828434,7.434886,5.498538 
9.372612,8.171277,0.009793 9.262210,0.000006,0.207472 6.219852,6.024801,3.788389 
9.695046,0.005839,0.001289 0.000000,4.088403,7.999998 9.519032,9.998923,0.002916 
1.315455,0.421010,7.417192 1.180329,3.191706,5.259166 1.254608,1.879099,2.146152 
7.552108,1.268540,4.277298 3.912319,1.929598,1.080838 5.660267,9.994656,7.752264 
10.000000,6.911561,8.000000 9.130896,2.951708,4.972248 7.703968,9.998887,6.515706 
0.929258,3.632702,3.374914 0.477785,6.286359,0.000634 6.486656,3.296294,6.547727 
1.662430,5.655201,2.016761 4.462157,3.591662,2.427828 9.557175,0.677411,7.991024 
10.000001,3.765350,-0.000002 0.000001,0.415759,7.999998 4.011126,9.990714,4.496111 
3.189278,7.832909,6.359730 3.366150,0.170891,1.899173 8.331829,2.221773,0.000208 
0.000000,-0.000001,7.999999 0.000001,9.999999,7.999999 4.863716,3.754831,0.005459 
4.079723,6.111199,1.966249 10.000001,9.764104,0.000000 10.000001,0.000002,-0.000001 
8.290770,7.878393,1.021405 8.267116,1.144727,0.003037 4.499485,9.716098,4.780389 
0.000000,9.999998,0.000000 0.000000,0.796672,-0.000001 10.000000,0.000002,8.000000 
9.999999,4.096406,7.999999 0.246919,5.503474,4.481827 5.076394,9.990887,0.011654 
0.000002,10.000000,8.000000 2.481507,6.199991,3.713890 9.999941,9.997397,7.999936 
0.005353,5.612939,3.815930 7.965221,9.012026,7.863838 5.391021,0.007580,4.597234 
8.672109,0.539281,6.082103 0.005220,7.283718,4.307467 0.272683,4.303237,0.248089 
5.935954,0.348345,5.275863 7.964705,7.786559,7.909622 0.156366,9.248423,0.000016 
0.000000,-0.000001,0.000001 7.725177,9.998346,0.008031 0.000001,-0.000003,7.999999 
5.961185,0.559780,5.530538 6.984219,1.219299,3.642541 2.033014,2.177223,1.753343 
8.363043,5.926733,1.693704 5.714016,2.901976,5.747455 1.114932,2.769146,6.283001 
0.938383,2.728090,2.513900 0.816443,7.082507,0.763399 9.387051,1.806661,3.264856 
0.000000,2.326248,0.000002 8.569333,0.419972,5.284359 4.557130,9.992786,7.992014 
10.000001,0.644537,-0.000001 1.171098,6.416985,3.031161 9.999999,9.999998,0.000000 
1.504846,3.952106,0.372165 4.587809,7.500072,6.865536 10.000000,9.999998,0.001957 
0.000005,4.356291,0.000002 9.999999,0.000001,7.999999 10.000000,9.999999,8.000000 
7.157184,4.695917,1.574293 6.972634,5.775702,4.919205 0.386953,4.241769,7.654337 
0.000000,10.000000,0.000001 1.551499,0.001937,1.129280 10.000000,10.000000,8.000000 
9.970396,9.999999,7.997160 0.000001,7.288751,7.999999 10.000000,10.000000,-0.000001 
9.593391,1.350803,7.992357 10.000000,0.000002,-0.000001 0.674186,9.270351,0.004512 
0.717279,6.185951,3.152998 3.252490,8.280471,7.860200 9.196977,7.635495,7.995027 
6.391626,7.149489,7.423089 2.903480,9.993146,4.485661 4.219369,6.744455,7.906001 
7.027790,9.408159,5.598934 3.668405,9.301983,2.240199 9.999361,9.026568,2.972248 
3.325412,9.994713,5.453274 9.999999,0.000001,8.000000 9.999999,0.000000,0.000000 
10.000002,0.000000,-0.000001 5.799446,7.967530,0.043162 0.000000,0.000000,0.000002 
0.282466,5.763664,7.198630 4.820047,3.866730,2.057257 6.272917,5.981888,4.373494 
0.000001,0.468147,7.999997 3.588769,2.783742,4.888572 1.540306,3.964425,6.702482 
0.708658,0.009930,3.831500 9.747721,9.291095,0.002809 3.751667,4.567956,5.774533 
9.034948,4.625251,6.512905 2.749172,7.424561,1.750418 4.073284,1.780536,1.337472 
0.000000,9.999998,7.480669 4.596293,0.006672,0.964790 9.354520,9.993506,3.294675 
0.612241,6.138723,3.830984 5.879159,6.567732,5.666412 7.168522,9.029072,6.593397 
2.169935,7.287730,2.375424 7.914383,6.074624,5.241159 3.643326,1.558861,3.588528 
9.991114,9.356602,2.433191 0.175496,3.292914,7.992806 0.564088,0.498212,1.122539 
6.321030,0.003652,4.244281 1.398999,0.360940,0.847292 7.934498,5.080627,6.204961 
1.184055,9.641867,6.000952 6.795515,8.802457,7.764268 4.343404,3.503260,3.445519 
7.742971,6.121136,0.002918 2.095085,5.000267,3.325309 0.107448,5.545900,0.000050 
0.000030,0.009986,7.999976 4.717761,2.505746,0.080322 10.000149,0.001871,8.000004 
0.396686,0.027664,7.997894 0.779870,9.999641,0.002403 10.000001,9.999998,-0.000001 
4.357270,2.521656,5.894505 7.872158,5.193988,2.941903 5.339589,2.318090,5.275127 
9.994983,5.852492,5.592253 6.491878,9.998197,7.612059 3.961145,2.971237,4.846687 
4.200121,9.998092,0.544578 9.992158,1.119847,3.494168 0.000001,0.000000,7.732429 
9.023491,5.188039,7.785359 8.101696,9.330909,2.359603 0.003562,6.587262,4.668382 
0.000001,9.999999,0.000001 0.000001,9.999998,7.999998 6.944379,5.273646,0.288485 
8.556010,9.992912,1.267392 0.559652,0.882560,4.092100 0.000001,1.043688,7.999999 
9.999999,6.414966,7.999999 10.000000,2.949670,7.999999 8.581496,0.002420,6.346105 
4.676024,7.957667,6.146427 4.897861,7.962420,0.156706 0.671545,8.124283,6.976063 
5.922123,8.933928,4.905496 0.371117,9.911769,0.008691 0.000001,-0.000001,0.000001 
4.146309,4.687285,5.164505 1.083989,2.497319,7.658819 0.000000,0.000000,0.629740 
6.955615,1.899513,3.636129 9.261585,0.019836,7.632030 4.799908,8.215333,4.556253 
8.399526,9.163100,0.008620 0.207605,6.237601,1.893983 7.490954,3.427880,7.997569 
5.695670,6.320929,4.833609 8.258704,5.887712,3.796203 6.607233,4.497480,4.696968 
9.993902,0.762282,1.631966 2.380323,5.009588,5.118346 8.159162,7.665927,7.693892 
4.911035,0.672350,2.345860 7.648391,5.026050,3.050912 0.490244,7.601427,2.886056 
1.183586,10.016228,0.013496 0.000001,9.999999,0.000001 0.082361,9.032638,0.001233 
