7.331024,1.260572,0.871549 1.214798,7.026442,2.365587 5.141401,8.600934,0.387019 
6.087942,0.007824,3.991730 0.353307,0.738131,0.001524 8.679215,9.992393,1.786936 
0.275023,0.870075,3.999451 5.064486,5.155201,2.455130 1.482890,8.582775,0.002014 
5.586337,0.364189,1.974125 9.797780,4.973968,3.999637 6.834953,7.894910,1.031777 
3.299401,6.131227,0.003566 6.332639,4.565384,0.006926 8.153312,9.394063,2.964750 
-0.000000,10.000000,0.006907 9.999997,10.000000,0.000001 1.662275,1.424059,0.418276 
9.576640,7.452023,3.995208 10.000000,9.999999,3.999999 5.978928,3.794200,0.768055 
3.493247,0.046575,0.580380 9.999999,10.000000,3.999997 1.708452,9.295657,0.658668 
3.301314,1.292716,2.304436 3.009433,8.700424,0.763783 4.904454,4.981895,0.005002 
8.158505,9.590429,2.670475 0.198052,9.482877,2.991834 6.952691,0.009852,0.391128 
0.001047,2.045162,3.640434 9.473194,2.523305,3.996340 8.899987,0.938526,2.678770 
2.416851,8.790961,2.748517 8.869066,0.902884,0.008393 0.000001,1.579712,4.000001 
0.000001,10.000000,3.998368 10.000000,10.000000,3.828431 0.002660,8.974906,0.006736 
9.999387,4.063148,0.201782 0.527085,3.597668,3.995462 3.220347,9.996037,0.003983 
9.999998,5.212059,-0.000000 1.092474,0.075475,2.124849 6.380108,1.071204,3.996620 
7.120870,0.000136,1.805968 -0.000000,10.000000,2.942025 10.000000,10.000000,2.471960 
0.002747,3.010024,2.739733 9.757090,3.453409,3.999732 9.993848,2.008108,2.288352 
7.222001,2.810865,2.554839 9.173523,8.711882,3.514827 2.732594,7.430776,0.817243 
9.326953,6.172454,0.004440 9.999995,5.955142,0.000001 1.079329,8.884208,1.605541 
2.304947,4.344207,3.395949 2.140409,2.540080,2.958347 0.082668,4.603126,3.698620 
9.999999,-0.000001,3.995107 5.162557,3.545712,2.534612 9.999999,0.000001,0.000001 
8.473633,6.830622,2.513076 0.000002,0.000001,0.870751 10.000000,0.314934,3.999999 
9.156758,3.555564,3.372800 5.340171,5.567938,2.860251 0.000731,5.146871,3.057447 
8.511189,1.008317,0.006583 3.795962,6.952312,3.896006 8.055785,5.506867,0.001626 
5.639113,2.471122,2.438397 9.997889,0.837306,3.863244 0.000001,0.749626,4.000001 
3.281131,0.047488,0.314652 7.971464,0.007783,3.996317 3.509692,8.289216,0.009204 
0.000000,9.136077,4.000002 9.999999,0.976412,0.000000 0.000000,0.000000,3.999999 
6.512087,9.167633,0.730402 9.297654,1.273379,0.528288 5.200207,5.925070,2.947223 
1.033639,4.817129,0.528720 9.999999,3.253153,3.999999 8.212620,0.756414,2.616483 
7.427700,0.566897,0.001045 8.390839,4.482738,0.004924 1.453805,8.707591,3.996868 
7.701357,2.964520,0.009288 8.776599,5.287616,1.732198 0.233919,4.644333,3.997087 
6.345835,2.465028,3.210911 3.637213,3.617938,1.198485 3.935371,6.924477,2.952638 
7.987573,0.157874,3.993329 8.669292,1.437359,3.545128 7.886208,5.780076,0.553764 
1.926093,2.569792,0.686442 0.000001,10.000000,0.008601 0.000001,0.000000,0.008493 
2.936763,2.377150,0.006476 7.728718,8.207520,2.179361 0.000001,6.849688,4.000000 
2.742325,1.857769,0.519618 1.704563,6.337896,0.799200 8.137742,3.771315,3.486671 
1.871297,8.859155,2.125374 3.312736,8.476503,3.164103 4.395565,5.417069,0.982975 
9.999997,-0.000001,0.000002 4.430607,1.742598,2.154636 0.000001,-0.000000,0.001995 
0.636940,3.322260,2.274748 3.710448,9.592081,0.693052 4.475013,7.666970,0.004223 
1.980559,7.312911,0.007353 9.698832,9.566158,0.558554 10.000000,-0.000002,0.550309 
0.008189,1.190649,0.001665 9.701528,4.769546,3.873958 0.000000,10.000000,0.000630 
1.313310,6.795603,3.425191 3.268301,4.322250,0.007418 2.797550,0.537753,0.615780 
2.647134,2.542309,1.003579 7.931359,0.268071,0.616986 7.007258,9.784131,0.006511 
2.416224,5.442865,3.953166 10.000000,10.000000,0.000000 9.999998,-0.000000,0.000000 
10.000000,9.288097,3.999999 2.290592,8.014812,0.758145 6.539319,3.375134,0.009891 
6.702647,1.604861,0.005424 3.319031,3.770921,3.377821 0.683494,6.604107,1.272037 
0.002748,8.319743,0.003563 1.063157,6.657325,1.089578 8.636083,8.028853,1.186472 
3.444757,1.128634,0.008948 9.999998,10.000000,3.999998 9.999996,9.999999,0.000003 
6.827238,0.840881,0.002224 0.000001,7.389063,4.000000 9.239338,9.054308,1.889775 
3.553199,2.518883,3.010555 5.028329,3.680413,0.000969 0.033767,0.932869,1.567893 
9.999999,0.000001,3.999999 3.000145,9.991581,0.006016 0.000000,0.000001,4.000000 
3.809018,9.273614,3.002849 6.923519,0.814775,0.008834 10.000000,0.000000,0.553537 
9.999999,-0.000001,4.000000 5.741033,6.608877,1.903756 10.000001,10.000000,3.999998 
9.999998,8.653182,3.999998 4.408022,1.930339,0.005895 0.284851,4.521816,0.630527 
3.815199,4.146023,0.889607 1.133030,0.006167,3.467671 0.801501,7.066322,3.992870 
0.532015,0.647855,0.505939 5.504312,8.926376,1.543850 1.193757,0.971174,0.795153 
0.000000,0.000000,0.004274 8.793075,9.999998,0.000259 10.000000,0.000001,-0.002683 
10.000000,5.294671,3.999998 0.001128,9.634742,0.004999 0.173911,0.000926,0.006985 
0.000001,0.000000,0.006138 8.396543,3.728509,2.659175 0.000001,-0.000000,4.000002 
8.974940,4.969154,3.991922 8.785408,9.995914,0.395104 4.061150,1.662485,0.006838 
4.452253,4.218223,2.359474 9.267668,0.426243,0.232972 7.614579,2.738850,2.209811 
0.000001,10.000000,3.999999 -0.000000,10.000000,0.004981 6.058964,3.213932,3.911574 
8.839281,3.762220,2.531735 0.087657,2.777207,3.990804 3.691661,2.721854,2.657336 
0.000001,0.000001,3.999999 3.578488,6.274187,2.483598 0.000001,9.999999,4.000001 
