4.060073,5.226105,7.414851 0.000002,10.000000,10.000000 0.000003,0.000002,10.000000 
9.275364,9.986059,3.485318 9.431065,-0.001208,0.185647 9.056605,2.955597,6.862494 
0.882348,1.142080,7.517246 8.926722,2.391404,2.753999 5.717788,5.161430,0.566249 
1.769680,9.514970,1.227847 5.443905,5.462313,7.839631 1.569623,1.838222,0.001582 
9.500772,0.818454,3.259679 0.666666,0.700009,-0.000477 7.243991,7.790004,1.989622 
9.121216,5.210101,9.992468 5.832975,8.886031,5.186529 9.489015,1.287004,1.534931 
9.992381,6.083398,3.195030 3.730536,0.232586,9.997476 0.000001,8.839979,0.000001 
0.009926,9.341917,1.994490 9.999178,1.483243,0.609468 9.999998,2.564975,10.000003 
0.000001,0.000000,10.000000 8.510588,0.009758,3.210602 7.496247,9.993500,5.270550 
8.841447,1.031290,0.405261 0.007311,8.667572,3.314240 10.000001,0.000001,1.369714 
4.596802,8.427539,2.445850 4.386219,3.350877,4.683865 9.991532,8.776619,0.765001 
7.860368,9.997886,3.203979 0.930780,2.819831,6.707365 8.345978,1.177907,9.172510 
9.997823,3.221562,1.645073 2.438411,4.671290,0.002530 2.918672,2.888805,8.900935 
9.999993,8.000448,0.003646 9.688028,1.955987,9.994931 0.004868,4.998523,4.262951 
-0.000000,10.000000,0.000001 6.181288,5.739724,4.139544 0.000001,10.000001,10.000001 
9.999999,0.000001,10.000002 5.636724,7.770900,4.201204 9.999999,10.000000,10.000003 
3.986880,8.377882,5.718928 9.995150,7.707591,3.679946 8.777869,6.120470,4.714465 
2.759378,1.907160,1.410527 7.906516,9.757673,4.439487 1.398577,2.024783,9.995356 
3.377172,1.827159,0.003078 0.000002,9.999999,0.000000 9.141161,8.350577,9.997177 
4.256298,2.141291,6.791413 7.835802,8.404331,0.001007 2.290301,2.378614,4.675069 
8.222477,6.031616,1.487374 8.781394,9.696873,3.759616 2.406726,9.589837,1.726546 
9.999999,4.003765,10.000002 2.653315,0.007598,5.125179 9.356412,9.270185,2.043571 
9.004981,8.563813,0.852198 9.992182,0.934344,1.144876 3.671893,9.051155,1.973350 
0.961928,-0.000001,0.000000 9.999998,4.993145,10.000002 1.929806,9.993075,2.630704 
9.736014,0.912427,9.999617 -0.000000,0.638135,0.000000 4.478672,9.855406,4.086566 
9.999999,9.999998,0.000000 4.854836,7.869010,5.184845 -0.000000,9.999999,0.000000 
9.911058,9.998588,2.999605 10.000001,0.000000,1.702430 0.669532,2.200855,9.992235 
0.654376,9.991510,1.535841 8.206787,6.536802,7.024494 8.963904,3.799627,9.992728 
5.281981,6.271512,0.003001 0.000004,0.000000,1.270512 7.857062,6.724151,2.317812 
9.999999,0.000001,10.000003 9.497605,8.921072,0.953974 0.523031,0.807703,5.415867 
9.997164,1.738202,7.037268 5.832306,5.824905,4.962474 7.644952,0.006788,8.875539 
0.339354,7.993680,6.028459 3.804848,6.916404,7.578135 9.227909,9.999165,6.513053 
9.763821,9.968870,0.601712 1.486319,9.011908,9.986028 4.704116,2.664995,6.705242 
4.367285,0.005646,4.042402 0.000001,4.000488,0.000001 3.337068,0.001275,3.824943 
10.000001,0.000001,0.000000 9.999998,0.000000,10.000003 1.199320,9.981135,2.967542 
3.068462,9.991499,9.253950 4.336509,6.668868,0.733318 2.461805,9.583517,6.265442 
6.673782,7.255670,3.241409 10.000001,0.000001,0.000000 10.000002,9.999999,0.000001 
10.000000,10.000001,0.436194 0.000002,0.000001,10.000000 0.000001,-0.000001,0.000000 
10.000002,0.000000,-0.000001 0.008989,1.775383,9.997101 10.000000,10.000001,0.000000 
0.000001,0.000000,-0.000001 4.112072,9.997820,3.637760 9.296132,9.152440,9.995777 
3.911685,7.423481,3.623398 3.798688,1.096254,3.165685 9.582730,0.642143,3.141009 
8.475147,4.613000,4.999440 0.479694,7.185163,9.990482 7.918006,9.998137,3.162159 
0.000001,10.000000,10.000001 5.835120,9.993729,7.688092 9.881548,0.807105,2.103475 
5.020536,0.983238,6.133037 0.000001,-0.000001,10.000000 9.999999,0.000001,10.000002 
1.758154,9.995110,4.144070 8.347401,1.093997,0.617154 10.000001,10.000000,0.000000 
0.000001,-0.000001,0.000000 -0.000000,10.000000,0.000000 9.999099,3.723264,7.800207 
10.000001,0.000002,-0.000001 -0.000000,0.000000,0.000000 3.429698,8.678100,9.999728 
9.628461,0.755987,9.990255 1.445807,5.217034,4.917315 9.555486,1.019238,0.505059 
5.037015,1.333109,9.801223 6.737199,0.002313,3.142251 2.460873,2.164491,3.447105 
2.026539,6.092551,0.485175 1.677448,6.137605,7.097443 4.266200,6.788148,4.076646 
8.541385,7.714960,2.260055 2.517880,0.000952,7.587138 0.453055,2.548702,5.825992 
8.759333,6.041309,6.390055 4.337068,2.493622,4.551900 2.230747,4.411089,1.131102 
0.000002,0.000001,9.728760 4.997537,9.674213,7.919811 8.953401,4.762624,0.003335 
6.352708,0.000000,0.000000 0.001174,7.254415,0.469733 4.828168,0.115190,7.310570 
0.001437,5.077009,3.471780 9.999998,10.000001,10.000002 10.000002,9.999999,0.000001 
7.477770,0.352201,0.140662 0.152929,6.774947,1.040805 8.710122,9.994628,9.623955 
7.402906,6.422376,0.001528 7.881621,2.060707,1.946320 8.167990,9.998908,7.344721 
-0.000000,10.000001,10.000001 3.263122,0.002141,8.505738 9.853974,6.630190,0.594680 
3.763349,8.681476,7.905326 4.171897,2.980332,0.003668 3.574405,4.640692,7.953868 
1.228628,0.006534,3.950002 0.023056,1.336457,1.725642 0.811142,1.219312,9.995118 
0.244362,7.790546,0.005992 -0.000000,0.000001,0.000000 4.681529,9.325488,4.945765 
9.994660,8.406105,3.973632 9.436831,0.995253,6.884901 1.607787,1.240456,5.241432 
6.052457,7.834030,7.201364 0.000001,10.000000,10.000001 9.999998,10.000000,10.000003 
0.385668,5.935936,9.439918 8.493061,3.623005,4.690614 8.524263,9.646615,4.934089 
3.369016,5.019071,7.708775 6.834722,4.389486,3.361527 0.022540,0.021745,9.973686 
