4.570010,2.176098,4.254455 6.702215,9.538109,5.086287 9.989462,10.000000,5.990784 
8.986159,0.002231,0.000813 8.252916,1.074777,1.488824 7.619606,3.553267,5.358897 
9.999999,10.000001,0.000001 3.216779,1.368922,5.994377 0.000000,10.000000,0.000835 
3.898564,4.749993,4.200443 10.000000,-0.000001,0.000004 10.000000,-0.000001,6.000002 
8.298266,6.191543,3.264214 3.862660,3.555710,0.995553 0.006062,7.906993,5.734831 
6.877122,4.835253,5.999050 8.898498,9.465235,1.040126 1.147677,9.431733,0.688200 
7.411393,5.906624,0.000894 7.596481,5.326676,2.680037 7.044719,2.091996,4.509757 
8.039954,9.995208,5.258215 0.157043,9.231030,2.516364 4.077724,0.004982,4.255673 
1.875952,5.026672,4.732452 5.368088,1.746167,4.095913 4.961152,9.998241,3.186319 
2.915654,0.004966,3.205853 8.895966,4.275695,1.709780 0.000001,10.000000,6.000000 
1.967733,6.662681,5.102553 8.311564,9.852275,3.164173 4.927052,0.149171,0.004025 
3.324313,1.995487,2.076416 0.000001,5.048259,5.999999 7.789311,9.995013,2.162202 
0.000000,10.000001,6.000000 0.000001,10.000001,0.000000 4.849153,0.001483,1.599709 
9.419610,8.903003,2.426540 4.878114,8.120412,4.710911 4.094214,5.159833,4.272831 
0.000000,10.000000,6.000000 8.222986,3.094631,0.034191 0.000000,-0.000001,6.000000 
7.995570,6.972298,5.998285 0.307967,8.261689,0.001910 2.309200,6.445485,4.411813 
9.595802,2.517365,5.992870 0.526181,0.000026,0.008079 7.063712,7.638874,0.208477 
0.788143,8.627303,4.233395 7.017761,4.265371,2.021752 2.046518,3.755092,4.286731 
7.525676,0.001042,0.006129 9.845496,9.609011,5.999564 4.929169,5.837310,3.566871 
3.544897,6.968223,0.008118 0.000002,9.128814,6.000000 0.000000,9.079742,-0.000000 
5.701471,6.533102,0.129532 10.000001,-0.000000,0.602774 0.003601,7.297814,2.558674 
6.555071,8.797165,1.531799 0.000001,0.000000,5.999999 0.000001,0.000001,0.000001 
9.233332,0.179428,0.075567 9.511603,9.846561,0.975088 8.276899,0.007006,0.699119 
0.000002,0.000002,-0.000001 0.000003,10.000000,-0.000001 5.502064,8.500406,5.964608 
1.394684,0.003596,3.649056 9.163660,2.012964,3.059312 8.594095,4.233812,5.990890 
2.763054,3.519366,0.008519 6.853628,9.037764,4.030275 8.146529,7.116442,0.004945 
6.326314,0.002028,3.573312 10.000001,0.522058,6.000001 1.036091,3.399080,2.865955 
4.905745,9.352919,5.993432 9.996861,8.409695,4.486326 0.583794,8.648618,5.475556 
9.991084,7.214310,2.611298 0.000001,0.000001,0.650914 0.006525,8.221937,0.653790 
0.000000,9.041555,0.000000 4.759046,0.848204,5.335987 0.692042,0.838551,0.003082 
9.990848,9.652957,1.582607 7.455646,1.117752,0.242403 -0.000000,3.127063,6.000000 
4.851127,9.996499,2.071456 10.000000,1.022234,6.000002 0.168571,1.646228,1.494618 
9.999999,10.000001,6.000001 0.000000,10.000000,6.000000 1.451385,9.096457,3.000865 
9.534851,2.760606,2.907405 4.703598,8.111356,1.605480 1.906520,7.972218,2.850415 
5.762468,9.793330,5.994660 0.009877,3.190923,0.978605 9.654195,1.912214,0.469982 
0.360345,0.001594,0.570763 0.965832,7.107338,0.811529 9.408803,6.507058,1.384230 
0.280031,0.801442,4.894373 1.877640,1.352780,5.288425 2.325174,9.990224,4.801807 
5.003678,2.181813,0.009999 0.000001,8.187411,6.000000 2.286686,9.197167,5.094426 
5.374697,0.007251,2.555636 0.885415,0.009529,1.055463 9.867591,8.777030,5.863321 
5.394922,0.039779,1.018307 8.586963,5.060394,5.340684 5.754674,9.783979,0.031210 
6.592613,5.605838,0.000129 4.028720,2.307545,0.000585 6.212329,0.505931,3.231278 
3.435410,8.724792,0.291892 4.815407,0.006167,0.006817 3.897718,0.185532,5.999939 
7.050196,0.201204,4.836967 1.358124,5.683736,0.009300 8.778035,6.208099,0.007951 
9.999999,9.991719,6.000000 -0.004713,1.566723,2.552660 10.000001,10.000001,-0.000001 
0.089303,5.672952,0.591579 9.992261,2.447862,3.486351 2.114908,5.577262,3.193130 
10.000000,10.000000,5.522674 0.000001,0.000002,2.064223 10.000001,5.721987,-0.000002 
10.000000,0.000002,0.000001 0.000000,6.298619,5.999999 9.999997,10.000000,0.000002 
10.000001,-0.000000,0.000001 -0.000001,0.000001,0.006080 4.917638,4.915727,2.587029 
0.571164,0.002450,5.821320 0.823139,8.929897,4.549997 10.000001,6.954198,-0.000000 
9.208898,6.586055,4.685380 5.678269,7.719930,0.006278 4.353199,1.561998,0.581107 
0.000001,8.750356,0.000000 8.344461,8.557450,5.995694 1.699966,0.031460,0.000475 
0.095399,1.767544,0.639010 3.946341,7.390895,5.429365 9.756749,0.009072,0.994577 
3.801568,5.592598,0.612836 1.656714,8.670007,2.473602 5.163100,1.618413,4.231254 
1.351260,1.133786,4.744432 2.416505,0.970169,1.436493 8.775263,0.007951,3.694853 
0.000000,0.000001,6.000000 3.736027,7.086497,0.003762 10.000000,0.000001,5.990022 
4.509572,6.390453,4.200954 0.567765,4.099492,2.245354 3.208911,9.713189,5.996246 
0.000020,1.033640,5.999983 4.002151,2.559301,1.511320 3.743276,3.106075,3.821542 
2.089431,4.267183,0.009661 9.999999,9.999998,6.000000 9.999999,0.000001,6.000001 
9.151971,7.253305,5.992284 9.996775,3.359989,3.293841 4.893986,2.859534,3.022972 
4.300224,1.780042,4.008244 9.999998,4.097433,0.000001 1.298657,3.741302,5.155862 
10.000000,0.145433,6.000000 7.627585,0.001563,4.078097 10.000000,10.000000,6.000000 
8.431873,2.337026,1.048070 1.299971,0.260133,5.082021 8.645607,9.990933,4.437264 
0.387779,0.008866,1.830077 5.240527,3.425129,1.820203 9.999999,4.759186,6.000000 
9.871085,4.581568,2.855322 1.334946,9.999056,5.993609 2.045420,0.002387,1.511297 
