0.000003,9.999999,10.000000 0.000002,0.000001,10.000000 4.060073,4.773896,7.414851 
9.056605,7.044404,5.862494 9.411066,10.000000,1.185647 8.275364,0.013942,3.485318 
5.717788,3.838571,0.566249 8.926723,7.608597,2.753999 0.882348,8.857922,7.517246 
1.546623,9.161779,0.000582 5.443905,4.537688,7.839631 1.769680,0.485031,1.227847 
7.243991,2.209997,1.989622 0.666666,9.299993,-0.000477 9.500772,9.181547,3.259679 
9.549016,8.232997,1.234931 5.142975,1.113970,5.186529 9.651216,4.789900,9.992468 
0.000001,1.160022,0.000001 3.430536,9.767415,9.997476 9.992381,3.916603,3.195030 
9.999998,6.435026,10.000003 9.999178,9.516758,0.609468 0.009926,0.658084,1.994490 
7.496247,1.006501,5.270550 8.510588,9.990243,3.430602 0.000000,10.000000,10.000000 
10.000001,10.000000,2.369714 0.007311,1.332429,3.314240 8.841447,8.968711,0.205261 
9.991532,1.233382,0.765001 4.386219,6.649124,3.683865 4.596802,1.572462,2.445850 
8.345978,8.232094,9.172510 0.650780,7.180170,6.707365 7.860368,0.002115,3.243979 
2.918672,7.111196,8.900935 2.438411,5.328711,0.002530 9.997823,6.778439,1.145073 
0.004868,4.001478,4.262951 9.688028,8.544014,9.994931 9.999993,1.999553,0.000000 
0.000001,0.000000,10.000001 6.181288,4.260277,4.139544 -0.000000,0.000001,0.000001 
9.999999,0.000001,10.000003 5.636724,2.229101,4.201204 9.999999,10.000000,10.000002 
8.777869,3.879531,4.714465 9.995151,2.292410,3.679946 3.986880,1.622119,5.718928 
1.398577,7.975218,9.995356 2.906516,0.242328,4.439487 2.759378,8.092841,1.410527 
9.141161,1.649424,9.997177 0.000002,0.000002,0.000000 3.377172,8.172842,0.003078 
2.290301,7.621387,4.675069 7.835802,1.595670,0.001007 4.256298,7.858711,6.791413 
2.406726,0.410164,1.436546 8.381394,0.303128,3.759616 6.222477,3.968385,6.487374 
9.356412,0.739816,2.043571 2.653315,9.992403,5.125179 9.999999,5.996236,10.000002 
3.671893,0.948846,1.973350 9.992182,9.065658,1.144876 9.004981,1.436188,0.852198 
1.929806,0.006926,2.630704 9.999998,5.006856,10.000002 1.961928,10.000002,-0.000000 
4.478672,0.234595,4.086566 -0.000000,9.361866,-0.000000 9.736014,9.087574,9.999617 
0.000000,0.000002,-0.000000 4.854836,2.130991,5.184845 9.999999,0.000003,-0.000000 
0.669532,7.799146,9.992235 10.000001,10.000001,1.702430 9.911058,0.001413,2.999605 
8.963904,6.200374,9.992728 8.546787,3.463199,7.024494 0.654376,0.008491,1.535841 
7.857062,3.435850,2.317812 0.000004,10.000001,1.270512 5.281981,3.728489,0.003001 
0.523031,9.192298,5.415867 9.497605,1.078929,0.953974 9.999999,10.000000,10.000003 
7.644952,9.993214,8.875539 5.832306,4.175096,4.342474 9.997164,8.261799,6.037268 
9.227909,0.000836,6.513053 3.804848,3.083597,7.548135 0.339354,2.006321,6.028459 
4.704116,7.335006,6.705242 2.386319,0.988093,9.986028 9.763821,0.031131,0.601712 
3.337068,9.998726,2.824943 0.000001,5.999513,0.000001 4.367285,9.994355,4.042402 
5.199320,0.018866,2.767542 9.999998,10.000001,10.000003 10.000001,10.000000,0.000000 
2.461805,0.416484,6.265442 4.336509,3.331133,3.733318 5.068462,0.008502,9.253950 
10.000002,0.000002,0.000001 10.000001,10.000000,-0.000000 6.673782,2.744331,3.241409 
0.000001,10.000002,-0.000000 0.000002,10.000000,10.000000 10.000000,-0.000000,0.436194 
10.000000,0.000000,-0.000000 0.008989,8.224618,9.997101 10.000002,10.000001,-0.000001 
8.296132,0.847561,9.995777 4.112072,0.002181,2.637760 0.000001,10.000001,-0.000001 
9.582730,9.357859,1.141009 3.798688,8.903748,4.165685 3.911685,2.576520,3.623398 
7.923006,0.001862,3.432159 0.139694,2.814838,9.990482 8.475147,5.387001,4.999440 
9.881548,9.192896,2.103475 5.835120,0.006272,7.688092 1.000001,0.000001,10.000001 
9.999999,10.000000,10.000002 0.000001,10.000002,10.000000 5.020536,9.016764,6.133037 
10.000001,0.000001,2.000000 8.347401,8.906004,0.617154 1.758154,0.004891,4.144070 
9.999099,6.276737,7.800207 0.000000,0.000001,0.000000 0.000001,10.000002,-0.000000 
3.429698,1.321901,9.999728 -0.000000,10.000001,0.000000 10.000001,9.999999,-0.000001 
9.555486,8.980763,0.505059 1.445807,5.782967,4.917315 9.628461,9.244015,9.990255 
2.460873,7.835510,2.447105 3.737199,9.997688,6.142251 5.897015,8.666892,9.801223 
4.266200,3.211853,4.076646 1.677448,3.862396,7.097443 2.026539,3.907450,0.485175 
0.453055,7.451299,5.825992 2.517880,9.999049,7.587138 8.541385,2.285041,1.260055 
2.230747,5.588912,1.131102 4.337068,7.506379,4.551900 8.759334,3.958692,5.390055 
8.953402,5.237377,0.003335 4.997537,0.325788,7.919811 0.000002,10.000000,9.438760 
4.828168,9.884811,7.310570 0.001174,2.745586,0.469733 6.352708,10.000001,0.000000 
10.000002,0.000002,0.000001 9.999998,-0.000000,10.000002 0.001437,4.922992,3.471780 
8.710122,0.005373,9.623955 0.152929,3.225054,1.040805 7.477770,9.647800,0.140662 
8.167990,0.001093,7.344721 7.881621,7.939294,1.946320 7.402906,4.577625,0.001528 
9.853974,3.369811,0.594680 3.263122,9.997860,8.505738 0.000000,0.000000,10.000001 
3.574405,5.359309,7.953868 4.171897,7.019669,0.003668 3.763349,2.318525,7.905326 
0.811142,8.780689,9.995118 0.023056,8.663545,1.725642 1.228628,9.993467,3.950002 
4.681529,0.674513,4.945765 0.000000,10.000000,-0.000000 0.244362,2.209455,0.005992 
1.607787,8.759545,5.241432 9.436831,9.004748,6.884901 9.994660,1.593896,3.973632 
9.999998,0.000001,10.000003 0.000001,0.000001,10.000001 6.052457,2.165971,7.201364 
8.524263,0.353386,4.934089 8.493061,8.376996,3.690614 1.385668,5.064065,9.439918 
