9.989462,-0.000000,5.990784 6.702215,0.461891,5.086287 4.570010,7.823902,4.254455 
7.619606,6.446733,5.358897 8.252917,8.925223,1.488824 8.986160,9.997769,0.000813 
0.000000,-0.000000,0.000835 3.216779,8.631078,5.994377 9.999999,-0.000001,0.000001 
10.000000,10.000001,6.000002 10.000000,10.000001,0.000004 3.898564,5.250007,4.200443 
0.006062,2.093007,5.734831 3.862660,6.444290,0.995553 8.298267,3.808457,3.264214 
1.147677,0.568267,0.688200 8.898498,0.534765,1.040126 6.877122,5.164747,5.999050 
7.044720,7.908004,4.509757 7.596481,4.673324,2.680037 7.411393,4.093376,0.000894 
4.077724,9.995018,4.255673 0.157043,0.768969,2.516364 8.039954,0.004792,5.258215 
4.961152,0.001758,3.186319 5.368088,8.253833,4.095913 1.875952,4.973328,4.732452 
0.000001,-0.000000,6.000000 8.895966,5.724305,1.709780 2.915654,9.995034,3.205853 
4.927052,9.850829,0.004025 8.311565,0.147725,3.164173 1.967733,3.337319,5.102553 
7.789311,0.004987,2.162202 0.000001,4.951741,5.999999 3.324313,8.004513,2.076416 
4.849153,9.998517,1.599709 0.000001,-0.000001,0.000000 0.000000,-0.000001,6.000000 
4.094214,4.840167,4.272831 4.878115,1.879588,4.710911 9.419610,1.096997,2.426540 
0.000000,10.000001,6.000000 8.222987,6.905369,0.034191 0.000000,-0.000000,6.000000 
2.309200,3.554515,4.411813 0.307967,1.738311,0.001910 7.995570,3.027702,5.998285 
7.063712,2.361126,0.208477 0.526181,9.999974,0.008079 9.595803,7.482635,5.992870 
2.046518,6.244908,4.286731 7.017762,5.734629,2.021752 0.788143,1.372697,4.233395 
4.929169,4.162690,3.566871 9.845496,0.390989,5.999564 7.525676,9.998958,0.006129 
0.000000,0.920257,0.000000 0.000002,0.871186,6.000000 3.544897,3.031777,0.008118 
0.003601,2.702186,2.558674 10.000001,10.000000,0.602774 5.701471,3.466898,0.129532 
0.000001,9.999999,0.000001 0.000001,10.000000,5.999999 6.555071,1.202835,1.531799 
8.276900,9.992994,0.699119 9.511604,0.153438,0.975088 9.233332,9.820572,0.075567 
5.502065,1.499594,5.964608 0.000003,-0.000000,-0.000001 0.000002,9.999998,-0.000001 
8.594096,5.766188,5.990890 9.163660,7.987036,3.059312 1.394684,9.996404,3.649056 
8.146529,2.883558,0.004945 6.853628,0.962236,4.030275 2.763054,6.480634,0.008519 
1.036091,6.600920,2.865955 10.000001,9.477942,6.000001 6.326314,9.997972,3.573312 
0.583794,1.351382,5.475556 9.996862,1.590305,4.486326 4.905745,0.647081,5.993432 
0.006525,1.778063,0.653790 0.000001,9.999999,0.650914 9.991084,2.785690,2.611298 
0.692042,9.161449,0.003082 4.759046,9.151796,5.335987 0.000000,0.958444,0.000000 
0.000000,6.872937,6.000000 7.455646,8.882248,0.242403 9.990848,0.347043,1.582607 
0.168571,8.353772,1.494618 10.000000,8.977766,6.000002 4.851127,0.003501,2.071456 
1.451385,0.903543,3.000865 0.000000,-0.000000,6.000000 9.999999,-0.000001,6.000001 
1.906520,2.027782,2.850415 4.703598,1.888644,1.605480 9.534851,7.239394,2.907405 
9.654195,8.087786,0.469982 0.009877,6.809077,0.978605 5.762468,0.206670,5.994660 
9.408803,3.492942,1.384230 0.965832,2.892662,0.811529 0.360345,9.998406,0.570763 
2.325174,0.009776,4.801807 1.877640,8.647220,5.288425 0.280031,9.198558,4.894373 
2.286686,0.802832,5.094426 0.000001,1.812589,6.000000 5.003678,7.818187,0.009999 
9.867591,1.222970,5.863321 0.885415,9.990471,1.055463 5.374697,9.992749,2.555636 
5.754674,0.216020,0.031210 8.586963,4.939606,5.340684 5.394922,9.960221,1.018307 
6.212329,9.494069,3.231278 4.028720,7.692455,0.000585 6.592614,4.394162,0.000129 
3.897718,9.814468,5.999939 4.815407,9.993833,0.006817 3.435410,1.275208,0.291892 
8.778035,3.791901,0.007951 1.358124,4.316264,0.009300 7.050196,9.798796,4.836967 
10.000001,-0.000001,-0.000001 -0.004713,8.433277,2.552660 9.999999,0.008281,6.000000 
2.114908,4.422738,3.193130 9.992261,7.552138,3.486351 0.089303,4.327048,0.591579 
10.000001,4.278013,-0.000002 0.000001,9.999998,2.064223 10.000000,-0.000000,5.522674 
9.999997,-0.000000,0.000002 0.000000,3.701381,5.999999 10.000000,9.999998,0.000001 
4.917638,5.084273,2.587029 -0.000001,9.999999,0.006080 10.000001,10.000000,0.000001 
10.000001,3.045802,0.000000 0.823139,1.070103,4.549997 0.571164,9.997550,5.821320 
4.353199,8.438002,0.581107 5.678269,2.280070,0.006278 9.208898,3.413945,4.685380 
1.699966,9.968540,0.000475 8.344462,1.442550,5.995694 0.000001,1.249644,0.000000 
9.756749,9.990928,0.994577 3.946341,2.609105,5.429365 0.095399,8.232456,0.639010 
5.163100,8.381587,4.231254 1.656714,1.329993,2.473602 3.801568,4.407402,0.612836 
8.775263,9.992049,3.694853 2.416505,9.029831,1.436493 1.351260,8.866214,4.744432 
10.000000,9.999999,5.990022 3.736027,2.913503,0.003762 0.000000,9.999999,6.000000 
3.208911,0.286811,5.996246 0.567765,5.900508,2.245354 4.509572,3.609547,4.200954 
3.743276,6.893925,3.821542 4.002151,7.440699,1.511320 0.000020,8.966360,5.999983 
9.999999,9.999999,6.000001 9.999999,0.000002,6.000000 2.089431,5.732817,0.009661 
4.893987,7.140466,3.022972 9.996775,6.640011,3.293841 9.151971,2.746695,5.992284 
1.298657,6.258698,5.155862 9.999998,5.902567,0.000001 4.300224,8.219958,4.008244 
10.000000,-0.000000,6.000000 7.627585,9.998437,4.078097 10.000000,9.854567,6.000000 
8.645607,0.009066,4.437264 1.299971,9.739867,5.082021 8.431874,7.662974,1.048070 
9.999999,5.240814,6.000000 5.240527,6.574871,1.820203 0.387779,9.991134,1.830077 
2.045420,9.997613,1.511297 1.334946,0.000944,5.993609 9.871085,5.418432,2.855322 
